-0.465919  -8.78446e-12  -3.1586e-11
-0.465621  -2.76976e-12  -5.24524e-12
-0.465323  -2.74157e-13  4.64426e-11
-0.465025  -2.7715e-12  9.37878e-11
-0.464727  -1.22575e-11  1.39688e-10
-0.464429  -3.1034e-11  1.87692e-10
-0.464131  -6.13628e-11  2.41605e-10
-0.463833  -1.05045e-10  3.05116e-10
-0.463535  -1.63007e-10  3.81465e-10
-0.463236  -2.34991e-10  4.73184e-10
-0.462938  -3.19411e-10  5.8194e-10
-0.46264  -4.13444e-10  7.08477e-10
-0.462342  -5.13331e-10  8.52677e-10
-0.462044  -6.14867e-10  1.01369e-09
-0.461746  -7.1397e-10  1.19013e-09
-0.461448  -8.07251e-10  1.38025e-09
-0.46115  -8.92444e-10  1.5821e-09
-0.460852  -9.6864e-10  1.79351e-09
-0.460554  -1.03626e-09  2.01205e-09
-0.460256  -1.09681e-09  2.2348e-09
-0.459957  -1.15238e-09  2.45806e-09
-0.459659  -1.20514e-09  2.67712e-09
-0.459361  -1.25677e-09  2.88602e-09
-0.459063  -1.30802e-09  3.07761e-09
-0.458765  -1.35854e-09  3.24374e-09
-0.458467  -1.40679e-09  3.3758e-09
-0.458169  -1.45027e-09  3.46546e-09
-0.457871  -1.48587e-09  3.50558e-09
-0.457573  -1.51029e-09  3.49106e-09
-0.457274  -1.52049e-09  3.41966e-09
-0.456976  -1.51395e-09  3.2925e-09
-0.456678  -1.48902e-09  3.11411e-09
-0.45638  -1.44493e-09  2.89221e-09
-0.456082  -1.38187e-09  2.637e-09
-0.455784  -1.30096e-09  2.36017e-09
-0.455486  -1.20419e-09  2.07385e-09
-0.455188  -1.09436e-09  1.78951e-09
-0.45489  -9.75094e-10  1.51706e-09
-0.454592  -8.50671e-10  1.26426e-09
-0.454293  -7.25902e-10  1.0364e-09
-0.453995  -6.05793e-10  8.36383e-10
-0.453697  -4.95082e-10  6.64993e-10
-0.453399  -3.97663e-10  5.21329e-10
-0.453101  -3.15959e-10  4.03304e-10
-0.452803  -2.50393e-10  3.08094e-10
-0.452505  -1.9908e-10  2.32487e-10
-0.452207  -1.57875e-10  1.73107e-10
-0.451909  -1.20832e-10  1.26504e-10
-0.45161  -8.10709e-11  8.91534e-11
-0.451312  -3.19247e-11  5.73747e-11
-0.451014  3.18173e-11  2.72203e-11
-0.450716  1.12824e-10  -5.63247e-12
-0.450418  2.10527e-10  -4.59353e-11
-0.45012  3.20995e-10  -9.88074e-11
-0.449822  4.37429e-10  -1.69492e-10
-0.449524  5.51205e-10  -2.62861e-10
-0.449225  6.53238e-10  -3.82646e-10
-0.448927  7.35369e-10  -5.30403e-10
-0.448629  7.91455e-10  -7.04346e-10
-0.448331  8.17895e-10  -8.98259e-10
-0.448033  8.1352e-10  -1.1008e-09
-0.447735  7.78928e-10  -1.29556e-09
-0.447437  7.15588e-10  -1.46216e-09
-0.447139  6.25136e-10  -1.57873e-09
-0.446841  5.09361e-10  -1.62562e-09
-0.446542  3.71165e-10  -1.5903e-09
-0.446244  2.16552e-10  -1.47293e-09
-0.445946  5.72027e-11  -1.2919e-09
-0.445648  -8.72497e-11  -1.08877e-09
-0.44535  -1.88559e-10  -9.31751e-10
-0.445052  -2.12308e-10  -9.17231e-10
-0.444754  -1.24789e-10  -1.16904e-09
-0.444456  9.49382e-11  -1.83516e-09
-0.444157  4.38128e-10  -3.08171e-09
-0.443859  8.46259e-10  -5.08414e-09
-0.443561  1.19095e-09  -8.01465e-09
-0.443263  1.25836e-09  -1.20251e-08
-0.442965  7.43081e-10  -1.72232e-08
-0.442667  -7.43714e-10  -2.36404e-08
-0.442369  -3.64901e-09  -3.1188e-08
-0.442071  -8.43579e-09  -3.96005e-08
-0.441772  -1.55286e-08  -4.83634e-08
-0.441474  -2.52564e-08  -5.66277e-08
-0.441176  -3.78078e-08  -6.31122e-08
-0.440878  -5.32163e-08  -6.60019e-08
-0.44058  -7.13956e-08  -6.28509e-08
-0.440282  -9.22434e-08  -5.05055e-08
-0.439984  -1.15824e-07  -2.50651e-08
-0.439685  -1.42636e-07  1.80994e-08
-0.439387  -1.73948e-07  8.42476e-08
-0.439089  -2.12192e-07  1.79075e-07
-0.438791  -2.61365e-07  3.08407e-07
-0.438493  -3.27403e-07  4.77792e-07
-0.438195  -4.18478e-07  6.9199e-07
-0.437897  -5.45169e-07  9.54417e-07
-0.437599  -7.20475e-07  1.26658e-06
-0.4373  -9.5965e-07  1.62762e-06
-0.437002  -1.27986e-06  2.03397e-06
-0.436704  -1.69968e-06  2.47939e-06
-0.436406  -2.23843e-06  2.95525e-06
-0.436108  -2.91549e-06  3.45136e-06
-0.43581  -3.74942e-06  3.95716e-06
-0.435512  -4.75705e-06  4.46344e-06
-0.435213  -5.9525e-06  4.96429e-06
-0.434915  -7.34592e-06  5.45928e-06
-0.434617  -8.94202e-06  5.95563e-06
-0.434319  -1.07382e-05  6.4701e-06
-0.434021  -1.27225e-05  7.03043e-06
-0.433723  -1.48705e-05  7.6762e-06
-0.433425  -1.71432e-05  8.45894e-06
-0.433126  -1.94841e-05  9.44157e-06
-0.432828  -2.18172e-05  1.06973e-05
-0.43253  -2.40467e-05  1.23082e-05
-0.432232  -2.60586e-05  1.43636e-05
-0.431934  -2.77256e-05  1.69583e-05
-0.431636  -2.89153e-05  2.01917e-05
-0.431338  -2.95026e-05  2.41669e-05
-0.431039  -2.93856e-05  2.89892e-05
-0.430741  -2.85047e-05  3.47659e-05
-0.430443  -2.68621e-05  4.16045e-05
-0.430145  -2.4541e-05  4.96101e-05
-0.429847  -2.17196e-05  5.88819e-05
-0.429549  -1.86791e-05  6.9507e-05
-0.429251  -1.57998e-05  8.15532e-05
-0.428952  -1.35464e-05  9.50591e-05
-0.428654  -1.24383e-05  0.000110023
-0.428356  -1.30078e-05  0.000126387
-0.428058  -1.5747e-05  0.000144027
-0.42776  -2.10476e-05  0.000162733
-0.427462  -2.91412e-05  0.000182194
-0.427164  -4.0043e-05  0.000201982
-0.426865  -5.35091e-05  0.000221536
-0.426567  -6.90102e-05  0.00024015
-0.426269  -8.5727e-05  0.00025697
-0.425971  -0.000102568  0.000270988
-0.425673  -0.000118208  0.000281066
-0.425375  -0.000131142  0.000285965
-0.425077  -0.000139752  0.0002844
-0.424778  -0.000142371  0.000275126
-0.42448  -0.000137346  0.000257041
-0.424182  -0.000123087  0.000229324
-0.423884  -9.81065e-05  0.000191577
-0.423586  -6.10437e-05  0.000143985
-0.423288  -1.06829e-05  8.74533e-05
-0.422989  5.40244e-05  2.37154e-05
-0.422691  0.000133925  -4.46139e-05
-0.422393  0.000229603  -0.000114062
-0.422095  0.000341288  -0.000180414
-0.421797  0.000468715  -0.000238935
-0.421499  0.000610957  -0.000284687
-0.421201  0.000766212  -0.000312941
-0.420902  0.000931586  -0.000319653
-0.420604  0.00110287  -0.000301967
-0.420306  0.00127436  -0.000258707
-0.420008  0.00143872  -0.000190806
-0.41971  0.00158696  -0.000101616
-0.419412  0.00170853  2.92334e-06
-0.419113  0.00179153  0.000114322
-0.418815  0.00182309  0.000221772
-0.418517  0.00178991  0.000312609
-0.418219  0.00167893  0.000372966
-0.417921  0.00147815  0.000388605
-0.417623  0.00117748  0.000345882
-0.417324  0.000769716  0.000232779
-0.417026  0.000251405  3.99396e-05
-0.416728  -0.000376331  -0.000238354
-0.41643  -0.00110716  -0.000603349
-0.416132  -0.00192914  -0.0010512
-0.415834  -0.00282469  -0.00157258
-0.415535  -0.00377086  -0.00215266
-0.415237  -0.00474016  -0.00277134
-0.414939  -0.00570171  -0.00340388
-0.414641  -0.00662293  -0.00402182
-0.414343  -0.00747147  -0.00459415
-0.414045  -0.00821752  -0.00508873
-0.413746  -0.00883611  -0.00547381
-0.413448  -0.00930938  -0.00571964
-0.41315  -0.00962858  -0.00579998
-0.412852  -0.00979549  -0.00569356
-0.412554  -0.00982323  -0.00538528
-0.412256  -0.00973616  -0.00486717
-0.411957  -0.00956885  -0.00413907
-0.411659  -0.00936408  -0.0032089
-0.411361  -0.00916989  -0.00209262
-0.411063  -0.00903588  -0.000813703
-0.410765  -0.00900892  0.000597707
-0.410467  -0.00912858  0.00210614
-0.410168  -0.00942254  0.00367249
-0.40987  -0.00990246  0.00525602
-0.409572  -0.0105604  0.00681668
-0.409274  -0.0113664  0.00831745
-0.408976  -0.0122671  0.00972659
-0.408678  -0.013186  0.0110196
-0.408379  -0.0140254  0.0121805
-0.408081  -0.0146697  0.0132023
-0.407783  -0.0149906  0.0140862
-0.407485  -0.0148538  0.0148399
-0.407187  -0.0141274  0.0154742
-0.406888  -0.0126908  0.0159989
-0.40659  -0.0104451  0.0164177
-0.406292  -0.00732307  0.0167227
-0.405994  -0.00329887  0.0168897
-0.405696  0.00160334  0.0168736
-0.405398  0.00730322  0.0166071
-0.405099  0.0136609  0.0159997
-0.404801  0.0204773  0.0149416
-0.404503  0.0274991  0.0133089
-0.404205  0.0344284  0.0109731
-0.403907  0.040936  0.00781221
-0.403608  0.0466805  0.00372385
-0.40331  0.0513283  -0.0013604
-0.403012  0.0545766  -0.00746152
-0.402714  0.0561756  -0.0145408
-0.402416  0.055948  -0.0224905
-0.402118  0.053805  -0.031128
-0.401819  0.0497563  -0.040195
-0.401521  0.0439128  -0.0493609
-0.401223  0.0364824  -0.0582317
-0.400925  0.027758  -0.0663633
-0.400627  0.0180994  -0.0732794
-0.400328  0.00790956  -0.0784914
-0.40003  -0.00239148  -0.0815218
-0.399732  -0.0123945  -0.0819271
-0.399434  -0.0217278  -0.0793216
-0.399136  -0.0300813  -0.0733982
-0.398838  -0.0372268  -0.0639483
-0.398539  -0.0430333  -0.0508765
-0.398241  -0.0474776  -0.0342127
-0.397943  -0.0506484  -0.0141178
-0.397645  -0.0527466  0.00911464
-0.397347  -0.0540795  0.0350628
-0.397048  -0.0550502  0.0631863
-0.39675  -0.0561413  0.0928416
-0.396452  -0.0578938  0.123302
-0.396154  -0.0608793  0.153782
-0.395856  -0.0656673  0.183464
-0.395557  -0.0727872  0.211533
-0.395259  -0.0826864  0.237201
-0.394961  -0.095688  0.25974
-0.394663  -0.11195  0.278511
-0.394365  -0.131431  0.292984
-0.394066  -0.153865  0.302758
-0.393768  -0.178753  0.307568
-0.39347  -0.205374  0.307294
-0.393172  -0.232806  0.301953
-0.392874  -0.259985  0.291694
-0.392575  -0.285761  0.276781
-0.392277  -0.308984  0.257579
-0.391979  -0.328587  0.23454
-0.391681  -0.343671  0.208187
-0.391383  -0.353577  0.179104
-0.391084  -0.357943  0.147933
-0.390786  -0.356732  0.115372
-0.390488  -0.350235  0.0821794
-0.39019  -0.339041  0.049175
-0.389892  -0.323979  0.0172449
-0.389594  -0.306038  -0.0126651
-0.389295  -0.286275  -0.0395638
-0.388997  -0.265722  -0.0624437
-0.388699  -0.2453  -0.0803253
-0.388401  -0.225749  -0.0923181
-0.388102  -0.207596  -0.0976957
-0.387804  -0.191145  -0.095981
-0.387506  -0.176507  -0.0870348
-0.387208  -0.163654  -0.0711392
-0.38691  -0.152506  -0.0490653
-0.386611  -0.143013  -0.0221161
-0.386313  -0.135249  0.00786654
-0.386015  -0.12948  0.0385362
-0.385717  -0.126207  0.067124
-0.385419  -0.126173  0.0905663
-0.38512  -0.130321  0.105676
-0.384822  -0.139717  0.109345
-0.384524  -0.155427  0.0987686
-0.384226  -0.178376  0.0716698
-0.383928  -0.209181  0.0265064
-0.383629  -0.248005  -0.0373587
-0.383331  -0.294419  -0.119542
-0.383033  -0.347313  -0.218598
-0.382735  -0.404857  -0.332048
-0.382437  -0.464525  -0.456505
-0.382138  -0.523192  -0.587861
-0.38184  -0.577289  -0.721547
-0.381542  -0.623024  -0.852828
-0.381244  -0.65664  -0.977127
-0.380946  -0.674697  -1.09033
-0.380647  -0.674361  -1.18904
-0.380349  -0.653655  -1.27083
-0.380051  -0.611676  -1.3343
-0.379753  -0.548728  -1.37916
-0.379454  -0.46638  -1.40616
-0.379156  -0.367418  -1.41691
-0.378858  -0.255702  -1.41373
-0.37856  -0.135928  -1.39931
-0.378262  -0.0133161  -1.3765
-0.377963  0.106754  -1.34803
-0.377665  0.219131  -1.31628
-0.377367  0.319267  -1.28312
-0.377069  0.403551  -1.24983
-0.376771  0.469566  -1.21703
-0.376472  0.516241  -1.18474
-0.376174  0.543894  -1.15243
-0.375876  0.554151  -1.11917
-0.375578  0.549751  -1.08366
-0.375279  0.534259  -1.04439
-0.374981  0.511703  -0.99968
-0.374683  0.486185  -0.947763
-0.374385  0.461488  -0.886779
-0.374087  0.440725  -0.814814
-0.373788  0.426053  -0.729911
-0.37349  0.418483  -0.630112
-0.373192  0.417796  -0.513526
-0.372894  0.422568  -0.378437
-0.372595  0.430303  -0.223446
-0.372297  0.437644  -0.0476473
-0.371999  0.440661  0.149195
-0.371701  0.43517  0.366477
-0.371403  0.417058  0.602633
-0.371104  0.382604  0.855081
-0.370806  0.328748  1.12025
-0.370508  0.253312  1.39372
-0.37021  0.155152  1.6704
-0.369911  0.0342365  1.94488
-0.369613  -0.108344  2.21171
-0.369315  -0.270426  2.46578
-0.369017  -0.448885  2.70262
-0.368719  -0.639773  2.91863
-0.36842  -0.838494  3.11121
-0.368122  -1.03999  3.27878
-0.367824  -1.23891  3.42067
-0.367526  -1.42982  3.53686
-0.367227  -1.60733  3.62772
-0.366929  -1.76627  3.69367
-0.366631  -1.90182  3.73486
-0.366333  -2.00963  3.75095
-0.366035  -2.08592  3.74098
-0.365736  -2.12757  3.70339
-0.365438  -2.13229  3.63617
-0.36514  -2.0986  3.53717
-0.364842  -2.02602  3.40446
-0.364543  -1.91508  3.23683
-0.364245  -1.7674  3.03418
-0.363947  -1.58573  2.79791
-0.363649  -1.37392  2.53117
-0.36335  -1.13692  2.23899
-0.363052  -0.880661  1.92823
-0.362754  -0.611937  1.60731
-0.362456  -0.338214  1.28594
-0.362157  -0.0673841  0.974548
-0.361859  0.192526  0.683843
-0.361561  0.433693  0.42422
-0.361263  0.648876  0.205254
-0.360965  0.831825  0.035238
-0.360666  0.977694  -0.0792051
-0.360368  1.08345  -0.133426
-0.36007  1.14822  -0.124969
-0.359772  1.17361  -0.0537075
-0.359473  1.16383  0.078085
-0.359175  1.12572  0.265743
-0.358877  1.06861  0.502289
-0.358579  1.00386  0.778608
-0.35828  0.944302  1.08371
-0.357982  0.903392  1.40515
-0.357684  0.894222  1.72949
-0.357386  0.928444  2.04299
-0.357087  1.01517  2.33236
-0.356789  1.15996  2.5855
-0.356491  1.36409  2.79243
-0.356193  1.62397  2.94597
-0.355894  1.93115  3.04242
-0.355596  2.2726  3.08199
-0.355298  2.63149  3.06891
-0.355  2.98831  3.0113
-0.354702  3.3223  2.92064
-0.354403  3.61306  2.81094
-0.354105  3.84204  2.69763
-0.353807  3.994  2.5963
-0.353509  4.05808  2.52129
-0.35321  4.02849  2.48435
-0.352912  3.90475  2.49353
-0.352614  3.69144  2.55228
-0.352316  3.39757  2.65897
-0.352017  3.03562  2.80691
-0.351719  2.62045  2.98474
-0.351421  2.16814  3.17741
-0.351123  1.69498  3.36744
-0.350824  1.21662  3.5365
-0.350526  0.747504  3.66708
-0.350228  0.300611  3.74416
-0.34993  -0.11265  3.75667
-0.349631  -0.482343  3.69856
-0.349333  -0.79988  3.56947
-0.349035  -1.05794  3.37485
-0.348737  -1.2505  3.12551
-0.348438  -1.37309  2.83671
-0.34814  -1.42311  2.52685
-0.347842  -1.40034  2.21589
-0.347544  -1.30745  1.92364
-0.347245  -1.15036  1.66818
-0.346947  -0.93846  1.4645
-0.346649  -0.68443  1.3234
-0.346351  -0.403762  1.25094
-0.346052  -0.113863  1.24831
-0.345754  0.167163  1.31212
-0.345456  0.421929  1.43513
-0.345158  0.635245  1.6072
-0.344859  0.79548  1.81647
-0.344561  0.895626  2.05056
-0.344263  0.933924  2.29765
-0.343965  0.913958  2.54747
-0.343666  0.844182  2.79191
-0.343368  0.736909  3.02548
-0.34307  0.60689  3.24533
-0.342772  0.469618  3.45102
-0.342473  0.339567  3.64408
-0.342175  0.22856  3.82729
-0.341877  0.144459  4.00387
-0.341578  0.0903107  4.17665
-0.34128  0.0640643  4.34721
-0.340982  0.0588609  4.51522
-0.340684  0.0638719  4.67793
-0.340385  0.0655757  4.8299
-0.340087  0.0493262  4.96313
-0.339789  0.00103545  5.0674
-0.339491  -0.091217  5.13096
-0.339192  -0.23582  5.14152
-0.338894  -0.436657  5.08732
-0.338596  -0.692613  4.95841
-0.338298  -0.997615  4.74774
-0.337999  -1.34118  4.45218
-0.337701  -1.70942  4.07321
-0.337403  -2.08634  3.61722
-0.337105  -2.45537  3.09537
-0.336806  -2.80082  2.52307
-0.336508  -3.10932  1.91892
-0.33621  -3.37079  1.30349
-0.335912  -3.5791  0.697782
-0.335613  -3.73225  0.121732
-0.335315  -3.83199  -0.407232
-0.335017  -3.88307  -0.875354
-0.334718  -3.89211  -1.27338
-0.33442  -3.86626  -1.59692
-0.334122  -3.81189  -1.84641
-0.333824  -3.73338  -2.02663
-0.333525  -3.63226  -2.1458
-0.333227  -3.50678  -2.21455
-0.332929  -3.35203  -2.24465
-0.332631  -3.16051  -2.24778
-0.332332  -2.92326  -2.23441
-0.332034  -2.63126  -2.2129
-0.331736  -2.27705  -2.18887
-0.331438  -1.8563  -2.16488
-0.331139  -1.36915  -2.14049
-0.330841  -0.821164  -2.11256
-0.330543  -0.223716  -2.07582
-0.330244  0.406224  -2.02366
-0.329946  1.04691  -1.9489
-0.329648  1.67316  -1.84468
-0.32935  2.25812  -1.70525
-0.329051  2.77524  -1.52653
-0.328753  3.20022  -1.30659
-0.328455  3.51281  -1.04579
-0.328157  3.69826  -0.746766
-0.327858  3.74826  -0.41414
-0.32756  3.66131  -0.054059
-0.327262  3.44267  0.326381
-0.326963  3.10364  0.71977
-0.326665  2.66058  1.119
-0.326367  2.13363  1.51781
-0.326069  1.54527  1.9111
-0.32577  0.918934  2.29524
-0.325472  0.277714  2.66795
-0.325174  -0.356738  3.02825
-0.324876  -0.965071  3.37605
-0.324577  -1.53084  3.71177
-0.324279  -2.04088  4.03592
-0.323981  -2.48546  4.34868
-0.323682  -2.85827  4.64955
-0.323384  -3.15627  4.93716
-0.323086  -3.37947  5.20919
-0.322788  -3.53055  5.46244
-0.322489  -3.61451  5.69302
-0.322191  -3.63825  5.89661
-0.321893  -3.61004  6.0688
-0.321594  -3.53907  6.20537
-0.321296  -3.43489  6.30266
-0.320998  -3.30691  6.35779
-0.3207  -3.1639  6.36884
-0.320401  -3.01355  6.33494
-0.320103  -2.86208  6.25635
-0.319805  -2.71396  6.13439
-0.319506  -2.5717  5.9713
-0.319208  -2.43582  5.77016
-0.31891  -2.30483  5.53461
-0.318612  -2.17543  5.26865
-0.318313  -2.04271  4.9764
-0.318015  -1.90059  4.66186
-0.317717  -1.74218  4.32866
-0.317418  -1.56036  3.97992
-0.31712  -1.34834  3.61817
-0.316822  -1.10028  3.24534
-0.316524  -0.811948  2.86292
-0.316225  -0.481272  2.47213
-0.315927  -0.108888  2.07432
-0.315629  0.301479  1.67128
-0.31533  0.742804  1.26566
-0.315032  1.20476  0.861219
-0.314734  1.67399  0.463069
-0.314436  2.13457  0.0776059
-0.314137  2.56882  -0.287706
-0.313839  2.95824  -0.624826
-0.313541  3.28463  -0.925834
-0.313242  3.53127  -1.1838
-0.312944  3.68413  -1.39373
-0.312646  3.73286  -1.55348
-0.312348  3.67172  -1.66448
-0.312049  3.50017  -1.73231
-0.311751  3.22306  -1.7668
-0.311453  2.85063  -1.78177
-0.311154  2.39795  -1.79436
-0.310856  1.88423  -1.82397
-0.310558  1.33162  -1.89088
-0.31026  0.764009  -2.01464
-0.309961  0.205507  -2.2125
-0.309663  -0.320979  -2.49783
-0.309365  -0.795161  -2.87889
-0.309066  -1.20061  -3.35792
-0.308768  -1.52574  -3.93062
-0.30847  -1.76445  -4.58623
-0.308172  -1.9164  -5.308
-0.307873  -1.98686  -6.07415
-0.307575  -1.98618  -6.85913
-0.307277  -1.92885  -7.63515
-0.306978  -1.83227  -8.37378
-0.30668  -1.71533  -9.04757
-0.306382  -1.59684  -9.63151
-0.306083  -1.49402  -10.1043
-0.305785  -1.42113  -10.4494
-0.305487  -1.38832  -10.6554
-0.305189  -1.40089  -10.7169
-0.30489  -1.4589  -10.6341
-0.304592  -1.55729  -10.4128
-0.304294  -1.68632  -10.0638
-0.303995  -1.83251  -9.60221
-0.303697  -1.97975  -9.04702
-0.303399  -2.11065  -8.41973
-0.3031  -2.20801  -7.74358
-0.302802  -2.25615  -7.04245
-0.302504  -2.24217  -6.33976
-0.302206  -2.1569  -5.65742
-0.301907  -1.9956  -5.01473
-0.301609  -1.75831  -4.42743
-0.301311  -1.44983  -3.90684
-0.301012  -1.07941  -3.4592
-0.300714  -0.660101  -3.08525
-0.300416  -0.207929  -2.7802
-0.300117  0.259098  -2.53392
-0.299819  0.722083  -2.33163
-0.299521  1.16233  -2.15494
-0.299223  1.56239  -1.98319
-0.298924  1.90694  -1.79509
-0.298626  2.18357  -1.57048
-0.298328  2.3833  -1.2921
-0.298029  2.50093  -0.947231
-0.297731  2.53505  -0.528957
-0.297433  2.48797  -0.0370948
-0.297134  2.36533  0.5215
-0.296836  2.17553  1.13318
-0.296538  1.92913  1.77838
-0.296239  1.63798  2.43292
-0.295941  1.31449  3.0699
-0.295643  0.97082  3.66162
-0.295345  0.618164  4.18178
-0.295046  0.266163  4.60742
-0.294748  -0.0775152  4.92067
-0.29445  -0.407406  5.10997
-0.294151  -0.72027  5.17088
-0.293853  -1.01492  5.10621
-0.293555  -1.29185  4.92572
-0.293256  -1.55275  4.64524
-0.292958  -1.79992  4.28542
-0.29266  -2.03562  3.87027
-0.292361  -2.26154  3.42553
-0.292063  -2.47828  2.97708
-0.291765  -2.68504  2.54943
-0.291467  -2.87953  2.16447
-0.291168  -3.05798  1.84047
-0.29087  -3.21552  1.59144
-0.290572  -3.34659  1.42671
-0.290273  -3.4456  1.35095
-0.289975  -3.50758  1.36437
-0.289677  -3.52885  1.46323
-0.289378  -3.50762  1.64044
-0.28908  -3.44436  1.88639
-0.288782  -3.34206  2.1898
-0.288483  -3.20614  2.53852
-0.288185  -3.04415  2.92035
-0.287887  -2.86521  3.32369
-0.287588  -2.67929  3.73799
-0.28729  -2.4963  4.15406
-0.286992  -2.32519  4.56411
-0.286694  -2.17307  4.9616
-0.286395  -2.0445  5.34095
-0.286097  -1.94094  5.6971
-0.285799  -1.86049  6.02503
-0.2855  -1.79795  6.31938
-0.285202  -1.74519  6.57415
-0.284904  -1.69173  6.78265
-0.284605  -1.62569  6.93766
-0.284307  -1.53476  7.03185
-0.284009  -1.40739  7.05844
-0.28371  -1.23385  7.01203
-0.283412  -1.0073  6.8895
-0.283114  -0.724535  6.69088
-0.282815  -0.386638  6.42007
-0.282517  0.000813793  6.08531
-0.282219  0.427804  5.69932
-0.28192  0.880291  5.279
-0.281622  1.34093  4.84479
-0.281324  1.79003  4.41965
-0.281026  2.20679  4.02765
-0.280727  2.5705  3.69253
-0.280429  2.86191  3.43601
-0.280131  3.06442  3.27626
-0.279832  3.16516  3.22654
-0.279534  3.15579  3.29412
-0.279236  3.03306  3.47952
-0.278937  2.799  3.77632
-0.278639  2.46081  4.17127
-0.278341  2.03037  4.64493
-0.278042  1.52356  5.17267
-0.277744  0.959321  5.72605
-0.277446  0.358578  6.27436
-0.277147  -0.256905  6.78639
-0.276849  -0.865627  7.23221
-0.276551  -1.44736  7.58485
-0.276252  -1.98403  7.82184
-0.275954  -2.46035  7.92646
-0.275656  -2.86425  7.88869
-0.275357  -3.1871  7.70559
-0.275059  -3.42365  7.38145
-0.274761  -3.57189  6.92726
-0.274462  -3.63264  6.35993
-0.274164  -3.60914  5.70098
-0.273866  -3.5066  4.97511
-0.273567  -3.33171  4.20844
-0.273269  -3.09224  3.42685
-0.272971  -2.79673  2.65433
-0.272672  -2.45431  1.91161
-0.272374  -2.07454  1.21507
-0.272076  -1.66748  0.576145
-0.271777  -1.24371  0.00103036
-0.271479  -0.814477  -0.509049
-0.271181  -0.391809  -0.957282
-0.270882  0.011433  -1.35039
-0.270584  0.381566  -1.69756
-0.270286  0.704239  -2.00935
-0.269987  0.964732  -2.29659
-0.269689  1.14842  -2.56944
-0.269391  1.24141  -2.83668
-0.269092  1.23124  -3.1052
-0.268794  1.10779  -3.37972
-0.268496  0.864089  -3.66267
-0.268197  0.49713  -3.95427
-0.267899  0.00859157  -4.25262
-0.267601  -0.594701  -4.55385
-0.267302  -1.30056  -4.85217
-0.267004  -2.09153  -5.13999
-0.266706  -2.9454  -5.40791
-0.266407  -3.83598  -5.6448
-0.266109  -4.73429  -5.83789
-0.265811  -5.60996  -5.973
-0.265512  -6.43279  -6.03501
-0.265214  -7.17447  -6.00844
-0.264916  -7.81009  -5.87836
-0.264617  -8.31959  -5.63143
-0.264319  -8.6888  -5.2571
-0.264021  -8.91021  -4.74883
-0.263722  -8.98316  -4.10522
-0.263424  -8.91366  -3.33094
-0.263126  -8.71371  -2.43731
-0.262827  -8.40024  -1.44246
-0.262529  -7.99382  -0.370995
-0.262231  -7.51707  0.746854
-0.261932  -6.9932  1.87656
-0.261634  -6.44445  2.98104
-0.261336  -5.89092  4.02262
-0.261037  -5.34952  4.96518
-0.260739  -4.83343  5.77623
-0.260441  -4.35176  6.42872
-0.260142  -3.90976  6.90254
-0.259844  -3.50917  7.18548
-0.259546  -3.14891  7.27362
-0.259247  -2.82593  7.17112
-0.258949  -2.53605  6.88949
-0.258651  -2.27484  6.44628
-0.258352  -2.03832  5.86357
-0.258054  -1.82357  5.16612
-0.257756  -1.62907  4.37967
-0.257457  -1.45477  3.52928
-0.257159  -1.30203  2.63807
-0.256861  -1.17332  1.72636
-0.256562  -1.07172  0.811278
-0.256264  -1.00044  -0.0931639
-0.255966  -0.962249  -0.975575
-0.255667  -0.958922  -1.82642
-0.255369  -0.990863  -2.63712
-0.255071  -1.05682  -3.39916
-0.254772  -1.15378  -4.10339
-0.254474  -1.27706  -4.73964
-0.254176  -1.42058  -5.2967
-0.253877  -1.57724  -5.76268
-0.253579  -1.73942  -6.12575
-0.253281  -1.89958  -6.37511
-0.252982  -2.05076  -6.50207
-0.252684  -2.1871  -6.50106
-0.252385  -2.30422  -6.37049
-0.252087  -2.39948  -6.11321
-0.251789  -2.47211  -5.73661
-0.25149  -2.52317  -5.25225
-0.251192  -2.55541  -4.6751
-0.250894  -2.57305  -4.0225
-0.250595  -2.5814  -3.31293
-0.250297  -2.58656  -2.56478
-0.249999  -2.59502  -1.79527
-0.2497  -2.61335  -1.01963
-0.249402  -2.64781  -0.250616
-0.249104  -2.70408  0.501477
-0.248805  -2.78698  1.22857
-0.248507  -2.90017  1.92413
-0.248209  -3.04598  2.58245
-0.24791  -3.22512  3.19774
-0.247612  -3.43658  3.76342
-0.247314  -3.67748  4.27163
-0.247015  -3.94301  4.71297
-0.246717  -4.22651  5.07668
-0.246419  -4.51965  5.35113
-0.24612  -4.81271  5.52462
-0.245822  -5.09499  5.58642
-0.245523  -5.35538  5.52789
-0.245225  -5.58291  5.34357
-0.244927  -5.76745  5.03213
-0.244628  -5.90024  4.5971
-0.24433  -5.97448  4.04716
-0.244032  -5.98573  3.39613
-0.243733  -5.93212  2.66251
-0.243435  -5.81443  1.86867
-0.243137  -5.63593  1.03965
-0.242838  -5.40206  0.201835
-0.24254  -5.11999  -0.618571
-0.242242  -4.79807  -1.39705
-0.241943  -4.44527  -2.11216
-0.241645  -4.07067  -2.74669
-0.241347  -3.68301  -3.2885
-0.241048  -3.29039  -3.73098
-0.24075  -2.90016  -4.07314
-0.240451  -2.51886  -4.31919
-0.240153  -2.15243  -4.47785
-0.239855  -1.80632  -4.56133
-0.239556  -1.48581  -4.5841
-0.239258  -1.19618  -4.56156
-0.23896  -0.942783  -4.50879
-0.238661  -0.731074  -4.4394
-0.238363  -0.566394  -4.36462
-0.238065  -0.453639  -4.29268
-0.237766  -0.396793  -4.22854
-0.237468  -0.39838  -4.17394
-0.23717  -0.458911  -4.12771
-0.236871  -0.576397  -4.08638
-0.236573  -0.746007  -4.04486
-0.236274  -0.959939  -3.99726
-0.235976  -1.20754  -3.93761
-0.235678  -1.47569  -3.86055
-0.235379  -1.74948  -3.76176
-0.235081  -2.01301  -3.63835
-0.234783  -2.25048  -3.48887
-0.234484  -2.44713  -3.31325
-0.234186  -2.59037  -3.1126
-0.233888  -2.67055  -2.88879
-0.233589  -2.68169  -2.64417
-0.233291  -2.62184  -2.38112
-0.232992  -2.49322  -2.10184
-0.232694  -2.30195  -1.80816
-0.232396  -2.05762  -1.50147
-0.232097  -1.77256  -1.18287
-0.231799  -1.461  -0.853341
-0.231501  -1.13805  -0.514067
-0.231202  -0.818755  -0.166748
-0.230904  -0.517137  0.186089
-0.230606  -0.245336  0.540875
-0.230307  -0.0129164  0.892903
-0.230009  0.173646  1.2364
-0.22971  0.311279  1.56479
-0.229412  0.400396  1.87107
-0.229114  0.444758  2.1484
-0.228815  0.451113  2.39068
-0.228517  0.428622  2.59322
-0.228219  0.388116  2.75322
-0.22792  0.341213  2.87025
-0.227622  0.299353  2.94642
-0.227324  0.272825  2.98636
-0.227025  0.269853  2.99695
-0.226727  0.295829  2.98688
-0.226428  0.352761  2.96601
-0.22613  0.438995  2.94469
-0.225832  0.549257  2.93309
-0.225533  0.675019  2.94057
-0.225235  0.805166  2.97529
-0.224937  0.926918  3.04396
-0.224638  1.02692  3.15185
-0.22434  1.09239  3.3029
-0.224042  1.11224  3.5001
-0.223743  1.07803  3.74576
-0.223445  0.984662  4.0419
-0.223146  0.830811  4.39036
-0.222848  0.61895  4.79291
-0.22255  0.355076  5.25098
-0.222251  0.0481239  5.76526
-0.221953  -0.290843  6.33508
-0.221655  -0.649565  6.9577
-0.221356  -1.01555  7.62754
-0.221058  -1.37694  8.33554
-0.220759  -1.72321  9.06869
-0.220461  -2.04566  9.8099
-0.220163  -2.33757  10.5382
-0.219864  -2.59416  11.2294
-0.219566  -2.81225  11.8569
-0.219268  -2.98985  12.3934
-0.218969  -3.12554  12.8122
-0.218671  -3.218  13.0891
-0.218373  -3.26552  13.204
-0.218074  -3.26582  13.1425
-0.217776  -3.21593  12.8972
-0.217477  -3.11247  12.4685
-0.217179  -2.95206  11.8648
-0.216881  -2.73191  11.1021
-0.216582  -2.45053  10.2035
-0.216284  -2.10839  9.1975
-0.215986  -1.7085  8.11616
-0.215687  -1.25682  6.99335
-0.215389  -0.762324  5.86242
-0.21509  -0.236877  4.75425
-0.214792  0.305272  3.69546
-0.214494  0.848194  2.70722
-0.214195  1.3752  1.80441
-0.213897  1.86982  0.995559
-0.213599  2.3168  0.28327
-0.2133  2.70296  -0.334815
-0.213002  3.01786  -0.864654
-0.212703  3.25424  -1.31426
-0.212405  3.4082  -1.69214
-0.212107  3.47909  -2.00589
-0.211808  3.46928  -2.2612
-0.21151  3.38373  -2.46119
-0.211212  3.22958  -2.60647
-0.210913  3.01568  -2.69548
-0.210615  2.75224  -2.72543
-0.210316  2.45058  -2.69344
-0.210018  2.12289  -2.59788
-0.20972  1.78217  -2.4396
-0.209421  1.44204  -2.22293
-0.209123  1.11659  -1.95636
-0.208824  0.820093  -1.65264
-0.208526  0.566552  -1.32851
-0.208228  0.369099  -1.00375
-0.207929  0.239272  -0.70004
-0.207631  0.186198  -0.439334
-0.207333  0.215794  -0.242256
-0.207034  0.330066  -0.126465
-0.206736  0.526618  -0.105257
-0.206437  0.798455  -0.186499
-0.206139  1.13414  -0.372
-0.205841  1.51834  -0.65737
-0.205542  1.9327  -1.03236
-0.205244  2.35705  -1.48167
-0.204946  2.77074  -1.98604
-0.204647  3.15415  -2.52367
-0.204349  3.48996  -3.07169
-0.20405  3.76442  -3.60762
-0.203752  3.96811  -4.1107
-0.203454  4.09644  -4.56297
-0.203155  4.14971  -4.95001
-0.202857  4.13266  -5.26138
-0.202558  4.05377  -5.49067
-0.20226  3.92421  -5.63523
-0.201962  3.75664  -5.69571
-0.201663  3.564  -5.67533
-0.201365  3.35838  -5.57915
-0.201067  3.15003  -5.41334
-0.200768  2.94678  -5.18453
-0.20047  2.75373  -4.89937
-0.200171  2.5733  -4.56428
-0.199873  2.40569  -4.18539
-0.199575  2.24955  -3.76873
-0.199276  2.1029  -3.3205
-0.198978  1.96408  -2.84748
-0.198679  1.83265  -2.35737
-0.198381  1.71016  -1.85901
-0.198083  1.60057  -1.36251
-0.197784  1.51038  -0.879071
-0.197486  1.44827  -0.420549
-0.197188  1.42445  0.00116184
-0.196889  1.4496  0.375017
-0.196591  1.53363  0.691793
-0.196292  1.68432  0.94509
-0.195994  1.906  1.13223
-0.195696  2.19852  1.25493
-0.195397  2.55652  1.31967
-0.195099  2.96923  1.33762
-0.1948  3.42072  1.32417
-0.194502  3.89077  1.29797
-0.194204  4.35612  1.27958
-0.193905  4.79218  1.28993
-0.193607  5.17479  1.34844
-0.193308  5.48211  1.47139
-0.19301  5.69628  1.67027
-0.192712  5.80474  1.9506
-0.192413  5.80111  2.31126
-0.192115  5.6855  2.7443
-0.191817  5.4643  3.23545
-0.191518  5.14944  3.76524
-0.19122  4.75725  4.31051
-0.190921  4.3071  4.84639
-0.190623  3.8198  5.34836
-0.190325  3.31614  5.79428
-0.190026  2.81554  6.16617
-0.189728  2.33502  6.45158
-0.189429  1.88838  6.64432
-0.189131  1.48588  6.7446
-0.188833  1.1342  6.75852
-0.188534  0.836632  6.69702
-0.188236  0.593598  6.57433
-0.187937  0.403264  6.40624
-0.187639  0.262245  6.20829
-0.187341  0.166305  5.99415
-0.187042  0.111026  5.77436
-0.186744  0.0923661  5.55549
-0.186445  0.107104  5.33994
-0.186147  0.153141  5.12624
-0.185849  0.229647  4.90994
-0.18555  0.337058  4.68475
-0.185252  0.476921  4.44403
-0.184954  0.651598  4.18226
-0.184655  0.863859  3.8963
-0.184357  1.11638  3.58642
-0.184058  1.41119  3.25685
-0.18376  1.74912  2.91586
-0.183462  2.1293  2.57526
-0.183163  2.54876  2.24952
-0.182865  3.00218  1.95451
-0.182566  3.4818  1.70604
-0.182268  3.97763  1.51828
-0.18197  4.47775  1.40245
-0.181671  4.96886  1.36553
-0.181373  5.43696  1.40955
-0.181074  5.86808  1.53113
-0.180776  6.24904  1.7216
-0.180478  6.56814  1.96745
-0.180179  6.81569  2.25115
-0.179881  6.98434  2.55232
-0.179582  7.06934  2.84896
-0.179284  7.06838  3.11878
-0.178986  6.98145  3.34051
-0.178687  6.81044  3.49503
-0.178389  6.55872  3.56637
-0.17809  6.2307  3.54243
-0.177792  5.83144  3.41555
-0.177494  5.36639  3.18277
-0.177195  4.84124  2.84595
-0.176897  4.26199  2.41168
-0.176598  3.63505  1.89101
-0.1763  2.96762  1.29908
-0.176002  2.26796  0.65457
-0.175703  1.54575  -0.020954
-0.175405  0.812333  -0.703859
-0.175106  0.0808434  -1.36934
-0.174808  -0.63392  -1.99246
-0.17451  -1.31581  -2.54919
-0.174211  -1.94791  -3.01759
-0.173913  -2.5133  -3.37883
-0.173614  -2.99606  -3.61823
-0.173316  -3.38226  -3.72599
-0.173018  -3.66107  -3.69781
-0.172719  -3.82564  -3.53509
-0.172421  -3.87389  -3.24489
-0.172122  -3.80894  -2.83944
-0.171824  -3.63918  -2.33541
-0.171526  -3.37804  -1.75286
-0.171227  -3.04325  -1.11403
-0.170929  -2.65586  -0.442007
-0.17063  -2.23896  0.240586
-0.170332  -1.81623  0.912741
-0.170034  -1.41044  1.55604
-0.169735  -1.04202  2.1553
-0.169437  -0.727826  2.69896
-0.169138  -0.480205  3.17902
-0.16884  -0.306366  3.59084
-0.168542  -0.208185  3.93255
-0.168243  -0.182369  4.20442
-0.167945  -0.220994  4.40818
-0.167646  -0.312329  4.54631
-0.167348  -0.441886  4.62161
-0.16705  -0.593586  4.63681
-0.166751  -0.750957  4.5946
-0.166453  -0.898277  4.49774
-0.166154  -1.02157  4.34946
-0.165856  -1.10944  4.15391
-0.165557  -1.15358  3.9167
-0.165259  -1.14917  3.64533
-0.164961  -1.0949  3.34944
-0.164662  -0.992784  3.04082
-0.164364  -0.847841  2.73315
-0.164065  -0.667515  2.44131
-0.163767  -0.461047  2.18057
-0.163469  -0.238747  1.96542
-0.16317  -0.011264  1.8084
-0.162872  0.211124  1.71888
-0.162573  0.419147  1.70205
-0.162275  0.60507  1.75813
-0.161977  0.763087  1.88205
-0.161678  0.889555  2.06345
-0.16138  0.983065  2.28725
-0.161081  1.04434  2.53459
-0.160783  1.07595  2.78416
-0.160485  1.08198  3.01366
-0.160186  1.06744  3.20155
-0.159888  1.03778  3.32856
-0.159589  0.998301  3.37913
-0.159291  0.953601  3.34247
-0.158993  0.907197  3.2133
-0.158694  0.861216  2.99209
-0.158396  0.816305  2.68485
-0.158097  0.771714  2.30252
-0.157799  0.725583  1.86008
-0.1575  0.675376  1.37532
-0.157202  0.618441  0.86752
-0.156904  0.552603  0.356159
-0.156605  0.476735  -0.140349
-0.156307  0.391216  -0.605697
-0.156008  0.298209  -1.02649
-0.15571  0.201706  -1.39276
-0.155412  0.10732  -1.69815
-0.155113  0.0218072  -1.93985
-0.154815  -0.0476092  -2.11826
-0.154516  -0.0940805  -2.23644
-0.154218  -0.112027  -2.29944
-0.15392  -0.0979881  -2.31359
-0.153621  -0.0513255  -2.28581
-0.153323  0.025319  -2.2229
-0.153024  0.125878  -2.1311
-0.152726  0.241063  -2.01571
-0.152427  0.358921  -1.88085
-0.152129  0.465699  -1.72948
-0.151831  0.546948  -1.56352
-0.151532  0.58876  -1.38402
-0.151234  0.579023  -1.19153
-0.150935  0.508563  -0.986418
-0.150637  0.372075  -0.769195
-0.150339  0.168729  -0.540845
-0.15004  -0.0975878  -0.303072
-0.149742  -0.418434  -0.0584851
-0.149443  -0.781366  0.18929
-0.149145  -1.17081  0.435572
-0.148846  -1.56921  0.67467
-0.148548  -1.95827  0.899985
-0.14825  -2.32023  1.10419
-0.147951  -2.63909  1.27951
-0.147653  -2.90152  1.41798
-0.147354  -3.09757  1.51192
-0.147056  -3.22098  1.55433
-0.146758  -3.26915  1.53944
-0.146459  -3.2428  1.46319
-0.146161  -3.14536  1.3238
-0.145862  -2.98216  1.12222
-0.145564  -2.75966  0.862473
-0.145266  -2.48465  0.551873
-0.144967  -2.16363  0.201031
-0.144669  -1.80244  -0.176362
-0.14437  -1.40613  -0.563998
-0.144072  -0.979138  -0.943629
-0.143773  -0.52558  -1.29595
-0.143475  -0.0497894  -1.60162
-0.143177  0.443187  -1.84231
-0.142878  0.947144  -2.00185
-0.14258  1.45445  -2.06711
-0.142281  1.95599  -2.02889
-0.141983  2.44149  -1.88245
-0.141685  2.89991  -1.62788
-0.141386  3.32029  -1.27008
-0.141088  3.69251  -0.818536
-0.140789  4.0082  -0.286848
-0.140491  4.26146  0.308019
-0.140192  4.44945  0.946598
-0.139894  4.57262  1.6079
-0.139596  4.63465  2.27048
-0.139297  4.64207  2.91343
-0.138999  4.60361  3.51746
-0.1387  4.52938  4.06576
-0.138402  4.42992  4.54483
-0.138103  4.31536  4.94516
-0.137805  4.19465  5.26168
-0.137507  4.07505  5.49407
-0.137208  3.9619  5.64682
-0.13691  3.85855  5.72901
-0.136611  3.7667  5.75387
-0.136313  3.68671  5.73807
-0.136015  3.61814  5.70077
-0.135716  3.56019  5.66243
-0.135418  3.51213  5.64351
-0.135119  3.47352  5.66306
-0.134821  3.44427  5.73732
-0.134522  3.42454  5.87848
-0.134224  3.41448  6.09356
-0.133926  3.41384  6.38371
-0.133627  3.42161  6.74378
-0.133329  3.43564  7.1624
-0.13303  3.45239  7.62247
-0.132732  3.46684  8.10206
-0.132433  3.47255  8.57573
-0.132135  3.46192  9.01603
-0.131837  3.42664  9.39527
-0.131538  3.35827  9.68728
-0.13124  3.24887  9.86905
-0.130941  3.0917  9.92218
-0.130643  2.88189  9.83405
-0.130345  2.61701  9.59849
-0.130046  2.29753  9.21616
-0.129748  1.92708  8.69435
-0.129449  1.51255  8.04648
-0.129151  1.0639  7.29121
-0.128852  0.59384  6.45122
-0.128554  0.117238  5.55194
-0.128256  -0.349664  4.62012
-0.127957  -0.790149  3.68242
-0.127659  -1.18803  2.76419
-0.12736  -1.52865  1.88833
-0.127062  -1.7999  1.07444
-0.126763  -1.99298  0.338197
-0.126465  -2.10305  -0.308977
-0.126167  -2.12955  -0.860078
-0.125868  -2.07624  -1.3124
-0.12557  -1.95084  -1.66726
-0.125271  -1.76441  -1.92958
-0.124973  -1.53046  -2.1074
-0.124674  -1.26384  -2.21126
-0.124376  -0.979602  -2.25359
-0.124078  -0.691795  -2.24811
-0.123779  -0.412514  -2.20917
-0.123481  -0.151097  -2.1512
-0.123182  0.0863327  -2.08812
-0.122884  0.296988  -2.03282
-0.122585  0.481201  -1.99674
-0.122287  0.641895  -1.98943
-0.121989  0.783828  -2.01825
-0.12169  0.912696  -2.08816
-0.121392  1.03419  -2.2015
-0.121093  1.15312  -2.35804
-0.120795  1.27273  -2.55494
-0.120496  1.39413  -2.78692
-0.120198  1.51616  -3.04648
-0.1199  1.63534  -3.32427
-0.119601  1.74619  -3.60939
-0.119303  1.84173  -3.88995
-0.119004  1.91412  -4.15355
-0.118706  1.9554  -4.38788
-0.118407  1.95825  -4.5813
-0.118109  1.91668  -4.72348
-0.117811  1.82664  -4.80595
-0.117512  1.68654  -4.82265
-0.117214  1.4975  -4.77035
-0.116915  1.26351  -4.64893
-0.116617  0.991349  -4.46147
-0.116318  0.690381  -4.21417
-0.11602  0.372104  -3.91605
-0.115722  0.0496174  -3.5784
-0.115423  -0.26306  -3.21413
-0.115125  -0.551748  -2.83691
-0.114826  -0.802905  -2.46031
-0.114528  -1.00444  -2.09698
-0.114229  -1.14646  -1.75784
-0.113931  -1.22193  -1.45158
-0.113633  -1.22719  -1.18427
-0.113334  -1.16228  -0.959314
-0.113036  -1.03105  -0.777621
-0.112737  -0.841073  -0.638039
-0.112439  -0.603235  -0.53792
-0.11214  -0.331206  -0.4738
-0.111842  -0.0406464  -0.442055
-0.111544  0.251702  -0.439482
-0.111245  0.529025  -0.463706
-0.110947  0.775456  -0.51339
-0.110648  0.977054  -0.588214
-0.11035  1.12265  -0.68865
-0.110051  1.20452  -0.815582
-0.109753  1.2188  -0.96983
-0.109455  1.16565  -1.15166
-0.109156  1.04913  -1.36039
-0.108858  0.876758  -1.59404
-0.108559  0.658904  -1.84928
-0.108261  0.4079  -2.12144
-0.107962  0.137093  -2.40474
-0.107664  -0.14016  -2.69268
-0.107366  -0.411448  -2.97841
-0.107067  -0.666119  -3.25519
-0.106769  -0.895893  -3.51674
-0.10647  -1.09522  -3.75748
-0.106172  -1.26133  -3.97269
-0.105873  -1.39406  -4.15842
-0.105575  -1.49541  -4.31144
-0.105277  -1.5689  -4.42898
-0.104978  -1.61886  -4.50849
-0.10468  -1.64973  -4.54749
-0.104381  -1.66539  -4.54341
-0.104083  -1.66869  -4.49361
-0.103784  -1.66118  -4.39553
-0.103486  -1.64309  -4.24689
-0.103188  -1.61349  -4.0461
-0.102889  -1.57073  -3.7926
-0.102591  -1.5129  -3.48725
-0.102292  -1.43844  -3.13269
-0.101994  -1.3466  -2.73347
-0.101695  -1.23786  -2.2962
-0.101397  -1.1141  -1.82939
-0.101098  -0.978586  -1.34321
-0.1008  -0.835662  -0.849086
-0.100502  -0.690313  -0.359155
-0.100203  -0.54753  0.114299
-0.0999047  -0.411633  0.559486
-0.0996063  -0.285627  0.965699
-0.0993079  -0.17068  1.32386
-0.0990094  -0.0658107  1.62695
-0.098711  0.0321624  1.87034
-0.0984126  0.128387  2.05197
-0.0981141  0.229465  2.17235
-0.0978157  0.342709  2.23445
-0.0975173  0.475249  2.24344
-0.0972188  0.63308  2.20629
-0.0969204  0.820162  2.13131
-0.0966219  1.03768  2.02755
-0.0963235  1.28354  1.90429
-0.0960251  1.5522  1.77043
-0.0957266  1.83483  1.63406
-0.0954282  2.11983  1.50202
-0.0951298  2.39362  1.37966
-0.0948313  2.64172  1.27074
-0.0945329  2.84986  1.17745
-0.0942345  3.00525  1.1006
-0.093936  3.0976  1.0399
-0.0936376  3.12003  0.99431
-0.0933391  3.06968  0.962385
-0.0930407  2.94791  0.942603
-0.0927423  2.7602  0.9336
-0.0924438  2.51563  0.934293
-0.0921454  2.22611  0.943873
-0.091847  1.90537  0.961674
-0.0915485  1.56778  0.986957
-0.0912501  1.22728  1.01864
-0.0909516  0.896296  1.05503
-0.0906532  0.584937  1.09361
-0.0903548  0.300453  1.13096
-0.0900563  0.0470035  1.16282
-0.0897579  -0.174249  1.18427
-0.0894595  -0.364753  1.19013
-0.089161  -0.527954  1.17544
-0.0888626  -0.668547  1.136
-0.0885641  -0.791678  1.06891
-0.0882657  -0.902209  0.973024
-0.0879673  -1.00412  0.849291
-0.0876688  -1.1001  0.700823
-0.0873704  -1.19142  0.532788
-0.0870719  -1.27794  0.352046
-0.0867735  -1.35847  0.166573
-0.0864751  -1.43108  -0.0152539
-0.0861766  -1.4937  -0.185461
-0.0858782  -1.54449  -0.337254
-0.0855798  -1.58233  -0.465702
-0.0852813  -1.60698  -0.568223
-0.0849829  -1.61925  -0.644839
-0.0846844  -1.6208  -0.698137
-0.084386  -1.61398  -0.732962
-0.0840876  -1.60136  -0.755862
-0.0837891  -1.58536  -0.774353
-0.0834907  -1.56781  -0.79607
-0.0831922  -1.54959  -0.827925
-0.0828938  -1.53041  -0.87534
-0.0825954  -1.50876  -0.941654
-0.0822969  -1.48197  -1.02775
-0.0819985  -1.44647  -1.13195
-0.0817  -1.39816  -1.25018
-0.0814016  -1.3328  -1.37636
-0.0811032  -1.24651  -1.50296
-0.0808047  -1.13619  -1.62175
-0.0805063  -0.999886  -1.72449
-0.0802078  -0.837047  -1.80361
-0.0799094  -0.648723  -1.85286
-0.079611  -0.437611  -1.86765
-0.0793125  -0.20802  -1.84539
-0.0790141  0.0342626  -1.78548
-0.0787156  0.28217  -1.68922
-0.0784172  0.527621  -1.55955
-0.0781187  0.761843  -1.40073
-0.0778203  0.975728  -1.2179
-0.0775219  1.16024  -1.0167
-0.0772234  1.30686  -0.802893
-0.076925  1.40805  -0.582031
-0.0766265  1.45771  -0.359239
-0.0763281  1.45161  -0.139031
-0.0760297  1.38781  0.0747771
-0.0757312  1.26694  0.279104
-0.0754328  1.09232  0.471589
-0.0751343  0.87001  0.650544
-0.0748359  0.608558  0.814882
-0.0745374  0.318668  0.964029
-0.074239  0.012638  1.09783
-0.0739406  -0.296316  1.21642
-0.0736421  -0.594809  1.32016
-0.0733437  -0.870064  1.40947
-0.0730452  -1.11063  1.48473
-0.0727468  -1.30701  1.54616
-0.0724484  -1.4521  1.59377
-0.0721499  -1.54148  1.62723
-0.0718515  -1.57345  1.64587
-0.071553  -1.54896  1.64866
-0.0712546  -1.47127  1.63431
-0.0709561  -1.34556  1.60128
-0.0706577  -1.17843  1.54798
-0.0703593  -0.977394  1.47288
-0.0700608  -0.750348  1.37469
-0.0697624  -0.505129  1.25251
-0.0694639  -0.249129  1.10596
-0.0691655  0.0109842  0.935333
-0.068867  0.26946  0.741603
-0.0685686  0.521557  0.526494
-0.0682701  0.763554  0.292427
-0.0679717  0.99269  0.0424659
-0.0676733  1.20705  -0.219796
-0.0673748  1.40542  -0.49036
-0.0670764  1.58708  -0.764961
-0.0667779  1.75169  -1.03921
-0.0664795  1.89902  -1.30874
-0.066181  2.0289  -1.56929
-0.0658826  2.141  -1.81683
-0.0655842  2.23482  -2.04763
-0.0652857  2.30966  -2.25826
-0.0649873  2.36461  -2.44567
-0.0646888  2.39866  -2.60712
-0.0643904  2.41081  -2.74025
-0.0640919  2.4002  -2.84298
-0.0637935  2.36633  -2.91351
-0.063495  2.30913  -2.95034
-0.0631966  2.22915  -2.95216
-0.0628982  2.12764  -2.91795
-0.0625997  2.00653  -2.8469
-0.0623013  1.86846  -2.73851
-0.0620028  1.71667  -2.59258
-0.0617044  1.55487  -2.40931
-0.0614059  1.38708  -2.18936
-0.0611075  1.21747  -1.93396
-0.060809  1.05016  -1.64499
-0.0605106  0.889077  -1.32511
-0.0602121  0.737847  -0.977795
-0.0599137  0.599669  -0.60744
-0.0596153  0.477277  -0.219369
-0.0593168  0.372897  0.180168
-0.0590184  0.288224  0.584061
-0.0587199  0.224412  0.984443
-0.0584215  0.182046  1.37286
-0.058123  0.161114  1.7405
-0.0578246  0.160965  2.07839
-0.0575261  0.180255  2.37777
-0.0572277  0.216913  2.63032
-0.0569292  0.268108  2.82851
-0.0566308  0.33027  2.96594
-0.0563324  0.399148  3.03757
-0.0560339  0.469932  3.04006
-0.0557355  0.537439  2.97194
-0.055437  0.596356  2.83382
-0.0551386  0.641527  2.6285
-0.0548401  0.668268  2.36103
-0.0545417  0.67268  2.03862
-0.0542432  0.651943  1.67053
-0.0539448  0.604556  1.26779
-0.0536463  0.530505  0.842847
-0.0533479  0.431348  0.409111
-0.0530494  0.310207  -0.019633
-0.052751  0.171667  -0.429823
-0.0524525  0.0215907  -0.808771
-0.0521541  -0.133129  -1.14529
-0.0518557  -0.28488  -1.43025
-0.0515572  -0.425665  -1.65703
-0.0512588  -0.54746  -1.82178
-0.0509603  -0.642561  -1.92356
-0.0506619  -0.703933  -1.9642
-0.0503634  -0.725514  -1.94806
-0.050065  -0.702503  -1.88158
-0.0497665  -0.631588  -1.77266
-0.0494681  -0.511134  -1.63009
-0.0491696  -0.341299  -1.46291
-0.0488712  -0.124085  -1.27979
-0.0485727  0.136696  -1.08859
-0.0482743  0.435535  -0.896072
-0.0479758  0.765434  -0.707655
-0.0476774  1.11819  -0.527485
-0.0473789  1.48474  -0.358546
-0.0470805  1.8556  -0.202909
-0.0467821  2.22126  -0.0620411
-0.0464836  2.57264  0.0628775
-0.0461852  2.90146  0.170666
-0.0458867  3.20061  0.259931
-0.0455883  3.46434  0.328948
-0.0452898  3.68848  0.375659
-0.0449914  3.87042  0.397773
-0.0446929  4.00908  0.392961
-0.0443945  4.10478  0.359123
-0.044096  4.15904  0.294684
-0.0437976  4.17433  0.198887
-0.0434991  4.15387  0.0720602
-0.0432007  4.10138  -0.0842007
-0.0429022  4.02087  -0.266931
-0.0426038  3.9165  -0.471811
-0.0423053  3.79241  -0.693295
-0.0420069  3.65265  -0.924844
-0.0417084  3.5011  -1.15926
-0.04141  3.34133  -1.38905
-0.0411115  3.1766  -1.60691
-0.0408131  3.0097  -1.80608
-0.0405146  2.84291  -1.98073
-0.0402162  2.67787  -2.12632
-0.0399177  2.51552  -2.23968
-0.0396193  2.35602  -2.3192
-0.0393208  2.1987  -2.36471
-0.0390224  2.04212  -2.37734
-0.0387239  1.88409  -2.35926
-0.0384255  1.72178  -2.3134
-0.0381271  1.55193  -2.24307
-0.0378286  1.37102  -2.15169
-0.0375302  1.17556  -2.04247
-0.0372317  0.962324  -1.91822
-0.0369333  0.728708  -1.78125
-0.0366348  0.472994  -1.63326
-0.0363364  0.194656  -1.47542
-0.0360379  -0.105385  -1.30842
-0.0357395  -0.424549  -1.13263
-0.035441  -0.758458  -0.94815
-0.0351426  -1.1009  -0.755021
-0.0348441  -1.44389  -0.553269
-0.0345457  -1.77792  -0.343014
-0.0342472  -2.09225  -0.124536
-0.0339488  -2.37549  0.101669
-0.0336503  -2.61616  0.334839
-0.0333519  -2.80343  0.573884
-0.0330534  -2.9279  0.817323
-0.032755  -2.98233  1.06322
-0.0324565  -2.96231  1.30911
-0.0321581  -2.86679  1.55201
-0.0318596  -2.69834  1.78836
-0.0315612  -2.46324  2.01415
-0.0312627  -2.17123  2.22505
-0.0309643  -1.83497  2.41662
-0.0306658  -1.46936  2.58458
-0.0303674  -1.09057  2.72517
-0.0300689  -0.715038  2.83543
-0.0297705  -0.358402  2.91359
-0.029472  -0.0345734  2.95924
-0.0291736  0.245078  2.97352
-0.0288751  0.472297  2.95911
-0.0285767  0.642255  2.92015
-0.0282782  0.753596  2.86193
-0.0279798  0.808221  2.79057
-0.0276813  0.810866  2.71254
-0.0273829  0.768518  2.63415
-0.0270844  0.689749  2.56113
-0.026786  0.584025  2.49815
-0.0264875  0.461059  2.44852
-0.0261891  0.330248  2.41402
-0.0258906  0.200225  2.39476
-0.0255922  0.078542  2.38932
-0.0252937  -0.0285263  2.39492
-0.0249953  -0.116067  2.40765
-0.0246968  -0.18053  2.42284
-0.0243984  -0.219676  2.4354
-0.0240999  -0.23248  2.44014
-0.0238015  -0.219034  2.43209
-0.023503  -0.180436  2.40676
-0.0232046  -0.118694  2.36035
-0.0229061  -0.0366275  2.28988
-0.0226077  0.0622272  2.19337
-0.0223092  0.173722  2.06986
-0.0220108  0.293213  1.91951
-0.0217123  0.415699  1.7436
-0.0214139  0.535973  1.54458
-0.0211154  0.648812  1.32599
-0.020817  0.749162  1.09237
-0.0205185  0.832358  0.849168
-0.0202201  0.894328  0.602471
-0.0199216  0.931804  0.358751
-0.0196232  0.942512  0.124518
-0.0193247  0.925334  -0.0940485
-0.0190263  0.880429  -0.291484
-0.0187278  0.809303  -0.463385
-0.0184294  0.714822  -0.606687
-0.0181309  0.601152  -0.719848
-0.0178325  0.473618  -0.802893
-0.017534  0.338505  -0.857333
-0.0172356  0.202771  -0.885947
-0.0169371  0.0737153  -0.89245
-0.0166387  -0.0414062  -0.881092
-0.0163402  -0.135778  -0.856223
-0.0160417  -0.20342  -0.82188
-0.0157433  -0.239555  -0.78143
-0.0154448  -0.240912  -0.737316
-0.0151464  -0.205957  -0.690928
-0.0148479  -0.135027  -0.64259
-0.0145495  -0.0303595  -0.591675
-0.014251  0.103986  -0.536809
-0.0139526  0.262305  -0.476128
-0.0136541  0.437515  -0.407572
-0.0133557  0.621493  -0.329158
-0.0130572  0.805468  -0.239213
-0.0127588  0.980441  -0.136557
-0.0124603  1.13761  -0.0206127
-0.0121619  1.26881  0.108539
-0.0118634  1.36685  0.250156
-0.011565  1.42592  0.402871
-0.0112665  1.44181  0.564736
-0.0109681  1.41216  0.733283
-0.0106696  1.33656  0.905578
-0.0103712  1.21662  1.07828
-0.0100727  1.05586  1.2477
-0.00977428  0.859611  1.40987
-0.00947583  0.634758  1.56068
-0.00917738  0.389409  1.69592
-0.00887892  0.13252  1.81156
-0.00858047  -0.126546  1.90383
-0.00828202  -0.378484  1.96949
-0.00798357  -0.614519  2.00601
-0.00768512  -0.826844  2.01178
-0.00738667  -1.00902  1.98624
-0.00708822  -1.15631  1.92998
-0.00678977  -1.26588  1.84476
-0.00649132  -1.33699  1.73351
-0.00619286  -1.37093  1.60014
-0.00589441  -1.37096  1.44945
-0.00559596  -1.34211  1.28681
-0.00529751  -1.29082  1.11798
-0.00499906  -1.22453  0.948744
-0.00470061  -1.15126  0.784642
-0.00440216  -1.07902  0.630682
-0.00410371  -1.01534  0.491053
-0.00380525  -0.966725  0.368895
-0.0035068  -0.938226  0.266109
-0.00320835  -0.933032  0.183232
-0.0029099  -0.952214  0.119391
-0.00261145  -0.994589  0.072351
-0.002313  -1.05672  0.0386598
-0.00201455  -1.13309  0.0139
-0.00171609  -1.21638  -0.00696354
-0.00141764  -1.29794  -0.0291555
-0.00111919  -1.36835  -0.0576107
-0.000820741  -1.41799  -0.096482
-0.00052229  -1.43776  -0.148682
-0.000223838  -1.40155  -0.25078
0.000373064  -1.29111  -0.381203
0.000671515  -1.13091  -0.480874
0.000969967  -0.922119  -0.581887
0.00126842  -0.668608  -0.677298
0.00156687  -0.376746  -0.75969
0.00186532  -0.0550535  -0.821861
0.00216377  0.286299  -0.857507
0.00246222  0.6361  -0.861852
0.00276067  0.982754  -0.832156
0.00305913  1.31495  -0.768033
0.00335758  1.6223  -0.67157
0.00365603  1.89585  -0.547204
0.00395448  2.1285  -0.401402
0.00425293  2.31526  -0.242147
0.00455138  2.45337  -0.0782968
0.00484983  2.54223  0.0811152
0.00514828  2.58321  0.227587
0.00544674  2.57938  0.353781
0.00574519  2.53515  0.454041
0.00604364  2.4559  0.524737
0.00634209  2.3476  0.564433
0.00664054  2.2165  0.573855
0.00693899  2.06886  0.555687
0.00723744  1.91071  0.51422
0.00753589  1.74776  0.454889
0.00783435  1.58525  0.383756
0.0081328  1.4279  0.306984
0.00843125  1.27982  0.230347
0.0087297  1.14443  0.158818
0.00902815  1.02437  0.096279
0.0093266  0.921414  0.0453435
0.00962505  0.83631  0.00732885
0.0099235  0.768733  -0.0176489
0.010222  0.717236  -0.0304689
0.0105204  0.679278  -0.0327188
0.0108189  0.651363  -0.0263619
0.0111173  0.629261  -0.0133991
0.0114158  0.608337  0.00443628
0.0117142  0.58395  0.0259173
0.0120127  0.551896  0.0504685
0.0123111  0.508837  0.078203
0.0126096  0.452681  0.10985
0.012908  0.382847  0.146583
0.0132065  0.30039  0.189773
0.0135049  0.20795  0.240705
0.0138034  0.109528  0.300284
0.0141018  0.0101034  0.36879
0.0144003  -0.0848738  0.445698
0.0146987  -0.170052  0.529614
0.0149972  -0.240749  0.618315
0.0152956  -0.293456  0.708912
0.0155941  -0.326212  0.798114
0.0158925  -0.338799  0.882563
0.016191  -0.332737  0.95919
0.0164894  -0.311065  1.02556
0.0167879  -0.277953  1.08017
0.0170863  -0.238162  1.12258
0.0173848  -0.196448  1.15355
0.0176832  -0.156959  1.17484
0.0179817  -0.12272  1.18911
0.0182801  -0.0952519  1.1995
0.0185786  -0.0743961  1.20928
0.018877  -0.0583461  1.22144
0.0191755  -0.0438987  1.23828
0.0194739  -0.0268866  1.26114
0.0197724  -0.00274004  1.29017
0.0200708  0.0328937  1.32429
0.0203693  0.0835528  1.36127
0.0206677  0.151462  1.39796
0.0209662  0.237195  1.43053
0.0212646  0.339548  1.45486
0.0215631  0.455627  1.4669
0.0218615  0.581157  1.46294
0.02216  0.710961  1.4399
0.0224584  0.839544  1.39546
0.0227569  0.961727  1.32812
0.0230553  1.07323  1.23712
0.0233538  1.17113  1.1224
0.0236522  1.2542  0.984417
0.0239507  1.32296  0.824028
0.0242491  1.37956  0.642419
0.0245476  1.42749  0.44105
0.024846  1.47108  0.22169
0.0251445  1.51493  -0.0135023
0.0254429  1.56331  -0.261867
0.0257414  1.61959  -0.520138
0.0260398  1.68582  -0.784379
0.0263383  1.76236  -1.05
0.0266367  1.84778  -1.31186
0.0269352  1.93892  -1.5645
0.0272336  2.03109  -1.80245
0.0275321  2.11839  -2.0206
0.0278305  2.19424  -2.21463
0.028129  2.25183  -2.38135
0.0284274  2.28466  -2.51895
0.0287259  2.287  -2.62719
0.0290243  2.25431  -2.70733
0.0293228  2.18357  -2.76192
0.0296212  2.07351  -2.79443
0.0299197  1.92467  -2.80875
0.0302181  1.73943  -2.80863
0.0305166  1.52193  -2.79713
0.030815  1.27783  -2.77612
0.0311135  1.01407  -2.74598
0.0314119  0.738482  -2.70545
0.0317104  0.459443  -2.65171
0.0320088  0.185411  -2.58066
0.0323073  -0.0755011  -2.48743
0.0326057  -0.315948  -2.36697
0.0329042  -0.529731  -2.21474
0.0332026  -0.712102  -2.02737
0.0335011  -0.859965  -1.80321
0.0337995  -0.971968  -1.54274
0.034098  -1.04846  -1.24879
0.0343964  -1.09134  -0.926467
0.0346949  -1.10378  -0.582909
0.0349933  -1.08986  -0.22683
0.0352918  -1.05421  0.132106
0.0355902  -1.00159  0.483984
0.0358887  -0.936511  0.819343
0.0361871  -0.862993  1.12983
0.0364856  -0.784343  1.40872
0.036784  -0.703093  1.65124
0.0370825  -0.621033  1.85476
0.0373809  -0.539333  2.01861
0.0376794  -0.458733  2.14392
0.0379778  -0.37976  2.23309
0.0382763  -0.302932  2.28926
0.0385747  -0.228927  2.31579
0.0388732  -0.158679  2.31565
0.0391716  -0.0934049  2.29099
0.0394701  -0.0345412  2.2429
0.0397685  0.0163784  2.17127
0.040067  0.0578948  2.07496
0.0403654  0.0888139  1.95207
0.0406639  0.108389  1.80046
0.0409623  0.116472  1.61827
0.0412608  0.113609  1.4045
0.0415592  0.101076  1.15956
0.0418577  0.0808571  0.88558
0.0421561  0.0555543  0.586583
0.0424546  0.0282612  0.2684
0.042753  0.00240223  -0.0616849
0.0430515  -0.0184425  -0.395503
0.0433499  -0.030714  -0.724738
0.0436483  -0.0310426  -1.04174
0.0439468  -0.0164  -1.34031
0.0442452  0.0157659  -1.61637
0.0445437  0.0674175  -1.86842
0.0448421  0.139832  -2.09766
0.0451406  0.233525  -2.30786
0.045439  0.348199  -2.50484
0.0457375  0.482711  -2.69573
0.0460359  0.635073  -2.88801
0.0463344  0.80248  -3.08849
0.0466328  0.981383  -3.30231
0.0469313  1.16759  -3.5321
0.0472297  1.35643  -3.77744
0.0475282  1.54289  -4.03458
0.0478266  1.72187  -4.29663
0.0481251  1.88839  -4.55398
0.0484235  2.03778  -4.79514
0.048722  2.16594  -5.00776
0.0490204  2.26951  -5.17972
0.0493189  2.34599  -5.30029
0.0496173  2.39392  -5.36111
0.0499158  2.41287  -5.35695
0.0502142  2.4035  -5.28619
0.0505126  2.36745  -5.15092
0.0508111  2.30731  -4.95676
0.0511095  2.22643  -4.71231
0.051408  2.12874  -4.42836
0.0517064  2.01855  -4.11701
0.0520049  1.90032  -3.79064
0.0523033  1.77844  -3.46095
0.0526018  1.65697  -3.13818
0.0529002  1.53952  -2.83048
0.0531987  1.42906  -2.54356
0.0534971  1.32784  -2.28057
0.0537956  1.23737  -2.04234
0.054094  1.15843  -1.82777
0.0543925  1.09121  -1.6344
0.0546909  1.03541  -1.45914
0.0549893  0.990382  -1.29892
0.0552878  0.955352  -1.15137
0.0555862  0.929516  -1.01527
0.0558847  0.912162  -0.890896
0.0561831  0.902725  -0.780033
0.0564816  0.900772  -0.685843
0.05678  0.905941  -0.61246
0.0570785  0.917834  -0.564426
0.0573769  0.935889  -0.54602
0.0576754  0.959254  -0.560553
0.0579738  0.986695  -0.609717
0.0582723  1.01656  -0.693072
0.0585707  1.04677  -0.807727
0.0588691  1.07499  -0.948275
0.0591676  1.09867  -1.10699
0.059466  1.11533  -1.27432
0.0597645  1.12273  -1.4395
0.0600629  1.11906  -1.59148
0.0603614  1.10307  -1.71978
0.0606598  1.07418  -1.81544
0.0609583  1.03244  -1.87172
0.0612567  0.978481  -1.88478
0.0615552  0.913335  -1.8539
0.0618536  0.838267  -1.78152
0.062152  0.754574  -1.67292
0.0624505  0.663407  -1.5356
0.0627489  0.565658  -1.37845
0.0630474  0.461912  -1.21074
0.0633458  0.352485  -1.04112
0.0636443  0.23755  -0.876633
0.0639427  0.117318  -0.721966
0.0642412  -0.00773542  -0.578901
0.0645396  -0.136641  -0.446142
0.064838  -0.267744  -0.319488
0.0651365  -0.398572  -0.192345
0.0654349  -0.525802  -0.0565466
0.0657334  -0.645336  0.0966149
0.0660318  -0.752498  0.275255
0.0663303  -0.842326  0.485775
0.0666287  -0.909967  0.73189
0.0669272  -0.95111  1.01391
0.0672256  -0.962442  1.32836
0.067524  -0.942066  1.668
0.0678225  -0.889843  2.02224
0.0681209  -0.807609  2.37793
0.0684194  -0.699241  2.72046
0.0687178  -0.570544  3.03499
0.0690163  -0.428953  3.30782
0.0693147  -0.28307  3.5276
0.0696131  -0.142052  3.68642
0.0699116  -0.0149118  3.78049
0.07021  0.0902091  3.8105
0.0705085  0.166739  3.78154
0.0708069  0.210256  3.70256
0.0711054  0.218901  3.58553
0.0714038  0.193567  3.44426
0.0717022  0.137835  3.29309
0.0720007  0.0576688  3.14552
0.0722991  -0.0391241  3.01292
0.0725976  -0.143592  2.90352
0.072896  -0.246441  2.8216
0.0731945  -0.338841  2.76712
0.0734929  -0.413157  2.73573
0.0737913  -0.463519  2.71922
0.0740898  -0.486177  2.70624
0.0743882  -0.479601  2.68339
0.0746867  -0.444336  2.63644
0.0749851  -0.382629  2.55167
0.0752836  -0.297906  2.41716
0.075582  -0.194159  2.22395
0.0758804  -0.0753439  1.96696
0.0761789  0.0551278  1.64558
0.0764773  0.194735  1.26396
0.0767758  0.341978  0.830858
0.0770742  0.49629  0.359176
0.0773726  0.657724  -0.134881
0.0776711  0.826488  -0.632864
0.0779695  1.00238  -1.11532
0.078268  1.18422  -1.56312
0.0785664  1.36934  -1.95873
0.0788649  1.55332  -2.28735
0.0791633  1.72979  -2.53784
0.0794617  1.89067  -2.70335
0.0797602  2.02652  -2.78163
0.0800586  2.12719  -2.77496
0.0803571  2.18262  -2.68983
0.0806555  2.18372  -2.53627
0.0809539  2.12322  -2.32699
0.0812524  1.99646  -2.07646
0.0815508  1.80199  -1.79981
0.0818493  1.5419  -1.51191
0.0821477  1.22193  -1.22649
0.0824461  0.851258  -0.955399
0.0827446  0.442048  -0.708132
0.083043  0.00878296  -0.491536
0.0833415  -0.432561  -0.309726
0.0836399  -0.865428  -0.164191
0.0839383  -1.27361  -0.0540523
0.0842368  -1.64214  0.0235542
0.0845352  -1.95807  0.0730369
0.0848337  -2.21115  0.0998667
0.0851321  -2.3943  0.110101
0.0854305  -2.50395  0.109943
0.085729  -2.54019  0.105356
0.0860274  -2.50672  0.101757
0.0863259  -2.41066  0.103794
0.0866243  -2.2622  0.115225
0.0869227  -2.07405  0.138881
0.0872212  -1.86085  0.176737
0.0875196  -1.63831  0.23005
0.087818  -1.42248  0.299573
0.0881165  -1.22875  0.385803
0.0884149  -1.07103  0.489242
0.0887134  -0.960869  0.610645
0.0890118  -0.906773  0.751202
0.0893102  -0.913623  0.912649
0.0896087  -0.982358  1.09726
0.0899071  -1.10989  1.30775
0.0902056  -1.28929  1.54698
0.090504  -1.51021  1.81768
0.0908024  -1.7596  2.122
0.0911009  -2.02248  2.46106
0.0913993  -2.28295  2.83452
0.0916977  -2.52513  3.24018
0.0919962  -2.73414  3.67378
0.0922946  -2.89686  4.12882
0.0925931  -3.00262  4.59664
0.0928915  -3.04359  5.06666
0.0931899  -3.01498  5.52674
0.0934884  -2.915  5.96373
0.0937868  -2.74463  6.36406
0.0940852  -2.50723  6.71442
0.0943837  -2.20808  7.00238
0.0946821  -1.85382  7.21702
0.0949805  -1.45202  7.34931
0.095279  -1.01079  7.39254
0.0955774  -0.538435  7.34243
0.0958759  -0.0433561  7.19715
0.0961743  0.465996  6.95721
0.0964727  0.981047  6.62517
0.0967712  1.49296  6.20535
0.0970696  1.99251  5.70342
0.097368  2.46996  5.12605
0.0976665  2.91512  4.48056
0.0979649  3.31747  3.77471
0.0982633  3.66649  3.01652
0.0985618  3.95217  2.21424
0.0988602  4.16561  1.37639
0.0991586  4.29978  0.511887
0.0994571  4.35021  -0.369774
0.0997555  4.3157  -1.25837
0.100054  4.19882  -2.14283
0.100352  4.00624  -3.01118
0.100651  3.74866  -3.85066
0.100949  3.44055  -4.64788
0.101248  3.09946  -5.38923
0.101546  2.74506  -6.06135
0.101845  2.39798  -6.65165
0.102143  2.07843  -7.14901
0.102441  1.80491  -7.54432
0.10274  1.59287  -7.83111
0.103038  1.45372  -8.00594
0.103337  1.39397  -8.06874
0.103635  1.41485  -8.02289
0.103934  1.51234  -7.87516
0.104232  1.67745  -7.6354
0.10453  1.89704  -7.31612
0.104829  2.15482  -6.93186
0.105127  2.43255  -6.49848
0.105426  2.71141  -6.03244
0.105724  2.97329  -5.54999
0.106023  3.20199  -5.06645
0.106321  3.38422  -4.59555
0.106619  3.51037  -4.1489
0.106918  3.5749  -3.73557
0.107216  3.57647  -3.3618
0.107515  3.51776  -3.03093
0.107813  3.40498  -2.74342
0.108112  3.24718  -2.49704
0.10841  3.05539  -2.28718
0.108709  2.84169  -2.10726
0.109007  2.61828  -1.94924
0.109305  2.39655  -1.80416
0.109604  2.18636  -1.66269
0.109902  1.99542  -1.51568
0.110201  1.82895  -1.3547
0.110499  1.6895  -1.17246
0.110798  1.57708  -0.963175
0.111096  1.48941  -0.722845
0.111394  1.42239  -0.44936
0.111693  1.3707  -0.142554
0.111991  1.32842  0.195898
0.11229  1.28968  0.562674
0.112588  1.24923  0.953098
0.112887  1.20291  1.36149
0.113185  1.14795  1.78158
0.113483  1.08316  2.20689
0.113782  1.00889  2.63113
0.11408  0.926874  3.04851
0.114379  0.839944  3.45398
0.114677  0.751696  3.84335
0.114976  0.666095  4.2133
0.115274  0.587113  4.5613
0.115572  0.518415  4.8854
0.115871  0.463125  5.18403
0.116169  0.423677  5.45573
0.116468  0.401763  5.69898
0.116766  0.39835  5.91206
0.117065  0.41376  6.09303
0.117363  0.447781  6.23988
0.117661  0.49979  6.35072
0.11796  0.568872  6.42415
0.118258  0.653918  6.45955
0.118557  0.753697  6.45744
0.118855  0.866905  6.41967
0.119154  0.992198  6.3495
0.119452  1.1282  6.25148
0.11975  1.2735  6.13106
0.120049  1.42667  5.9941
0.120347  1.58621  5.84621
0.120646  1.75054  5.69204
0.120944  1.91799  5.53462
0.121243  2.08667  5.37492
0.121541  2.25447  5.21156
0.121839  2.41896  5.04094
0.122138  2.57734  4.85762
0.122436  2.72643  4.65509
0.122735  2.86265  4.42671
0.123033  2.98213  4.1669
0.123332  3.08087  3.87217
0.12363  3.15495  3.54217
0.123928  3.20079  3.18036
0.124227  3.21548  2.79432
0.124525  3.19707  2.39561
0.124824  3.14485  1.99921
0.125122  3.05953  1.62248
0.125421  2.94332  1.28386
0.125719  2.79993  1.0014
0.126017  2.63438  0.791214
0.126316  2.45273  0.666152
0.126614  2.26173  0.634688
0.126913  2.06842  0.700224
0.127211  1.87963  0.860832
0.127509  1.70167  1.10943
0.127808  1.53988  1.43438
0.128106  1.39844  1.82035
0.128405  1.28019  2.24944
0.128703  1.18648  2.70227
0.129002  1.11727  3.15911
0.1293  1.07115  3.6008
0.129598  1.04551  4.00942
0.129897  1.03669  4.36876
0.130195  1.04023  4.66454
0.130494  1.05107  4.88447
0.130792  1.06387  5.01816
0.131091  1.07328  5.05703
0.131389  1.0743  4.9943
0.131687  1.06257  4.82504
0.131986  1.03474  4.54639
0.132284  0.988759  4.1579
0.132583  0.924099  3.66192
0.132881  0.841897  3.06405
0.13318  0.744929  2.3735
0.133478  0.637451  1.60323
0.133776  0.524866  0.769976
0.134075  0.413255  -0.106152
0.134373  0.308801  -1.00229
0.134672  0.217176  -1.89377
0.13497  0.14296  -2.75527
0.135268  0.0891669  -3.56214
0.135567  0.0569536  -4.29169
0.135865  0.0455648  -4.92446
0.136164  0.0525326  -5.44525
0.136462  0.0741266  -5.84379
0.136761  0.106007  -6.1152
0.137059  0.144002  -6.25991
0.137357  0.184919  -6.28328
0.137656  0.227262  -6.19497
0.137954  0.271763  -6.00791
0.138253  0.321639  -5.73727
0.138551  0.382506  -5.39934
0.13885  0.461955  -5.01044
0.139148  0.568806  -4.58601
0.139446  0.712116  -4.13991
0.139745  0.900054  -3.68394
0.140043  1.13877  -3.22763
0.140342  1.43138  -2.77821
0.14064  1.77724  -2.34085
0.140938  2.17148  -1.91898
0.141237  2.60507  -1.51468
0.141535  3.06518  -1.1291
0.141834  3.53604  -0.762805
0.142132  3.99996  -0.41607
0.142431  4.43869  -0.0890299
0.142729  4.83473  0.218274
0.143027  5.17261  0.505942
0.143326  5.43999  0.774342
0.143624  5.62842  1.02425
0.143923  5.73376  1.25699
0.144221  5.75623  1.47447
0.144519  5.70007  1.67916
0.144818  5.57292  1.87395
0.145116  5.38494  2.06186
0.145415  5.14781  2.24573
0.145713  4.87371  2.42775
0.146012  4.57432  2.60914
0.14631  4.26006  2.78977
0.146608  3.93946  2.96796
0.146907  3.61878  3.14051
0.147205  3.30195  3.30276
0.147504  2.99065  3.44901
0.147802  2.68474  3.57303
0.1481  2.38269  3.66863
0.148399  2.08223  3.73031
0.148697  1.781  3.75392
0.148996  1.47718  3.73702
0.149294  1.17003  3.67925
0.149593  0.860314  3.58229
0.149891  0.550561  3.44966
0.150189  0.245092  3.28633
0.150488  -0.0501256  3.09807
0.150786  -0.327836  2.89079
0.151085  -0.580023  2.66984
0.151383  -0.798562  2.43944
0.151681  -0.975937  2.20228
0.15198  -1.10595  1.95928
0.152278  -1.18437  1.70972
0.152577  -1.20937  1.45152
0.152875  -1.1819  1.18178
0.153173  -1.10564  0.89738
0.153472  -0.986873  0.595759
0.15377  -0.834057  0.275541
0.154069  -0.657236  -0.0628891
0.154367  -0.467359  -0.416991
0.154666  -0.27556  -0.781902
0.154964  -0.0925038  -1.15049
0.155262  0.0721473  -1.51363
0.155561  0.210096  -1.86068
0.155859  0.314575  -2.18003
0.156158  0.380327  -2.45984
0.156456  0.403433  -2.6887
0.156754  0.381061  -2.85632
0.157053  0.311183  -2.95409
0.157351  0.192354  -2.97558
0.15765  0.0235898  -2.91687
0.157948  -0.195604  -2.77675
0.158246  -0.465056  -2.55676
0.158545  -0.78362  -2.2611
0.158843  -1.1488  -1.89642
0.159142  -1.55632  -1.47146
0.15944  -1.99986  -0.996685
0.159739  -2.47078  -0.483773
0.160037  -2.95817  0.0548341
0.160335  -3.44908  0.60642
0.160634  -3.92898  1.15841
0.160932  -4.38241  1.69873
0.161231  -4.79385  2.21606
0.161529  -5.14861  2.70002
0.161827  -5.43376  3.14122
0.162126  -5.63891  3.53124
0.162424  -5.75692  3.86268
0.162723  -5.78429  4.12901
0.163021  -5.72139  4.32467
0.163319  -5.57233  4.44511
0.163618  -5.34466  4.48701
0.163916  -5.0488  4.44854
0.164215  -4.69737  4.32985
0.164513  -4.30439  4.13344
0.164811  -3.88446  3.86469
0.16511  -3.45195  3.53224
0.165408  -3.02034  3.14825
0.165707  -2.6016  2.72844
0.166005  -2.20574  2.29184
0.166303  -1.84057  1.86022
0.166602  -1.51146  1.45723
0.1669  -1.22143  1.10719
0.167199  -0.971158  0.833665
0.167497  -0.75923  0.657931
0.167796  -0.582385  0.59735
0.168094  -0.435839  0.663902
0.168392  -0.313653  0.862933
0.168691  -0.209131  1.19228
0.168989  -0.115245  1.64185
0.169288  -0.0250758  2.19376
0.169586  0.0677419  2.82302
0.169884  0.168579  3.49876
0.170183  0.281407  4.18598
0.170481  0.408452  4.84762
0.17078  0.54993  5.44686
0.171078  0.703914  5.94954
0.171376  0.866338  6.32639
0.171675  1.03118  6.55496
0.171973  1.1908  6.62112
0.172272  1.33646  6.52
0.17257  1.45899  6.25625
0.172868  1.54951  5.8436
0.173167  1.60018  5.30388
0.173465  1.60495  4.66539
0.173764  1.56016  3.96095
0.174062  1.46498  3.22562
0.17436  1.32157  2.49444
0.174659  1.13506  1.8002
0.174957  0.913189  1.17157
0.175256  0.665711  0.631565
0.175554  0.403643  0.196597
0.175852  0.138339  -0.123985
0.176151  -0.119464  -0.32778
0.176449  -0.360555  -0.418729
0.176748  -0.578031  -0.406095
0.177046  -0.767879  -0.303161
0.177344  -0.929293  -0.125748
0.177643  -1.06472  0.109275
0.177941  -1.17961  0.385405
0.17824  -1.28192  0.687694
0.178538  -1.38138  1.00367
0.178836  -1.48865  1.32392
0.179135  -1.61437  1.6423
0.179433  -1.76824  1.95585
0.179732  -1.95817  2.26439
0.18003  -2.1896  2.56982
0.180328  -2.46497  2.87537
0.180627  -2.78348  3.18467
0.180925  -3.141  3.50086
0.181224  -3.53027  3.82578
0.181522  -3.94132  4.15925
0.18182  -4.36198  4.4986
0.182119  -4.7786  4.83841
0.182417  -5.17676  5.17045
0.182716  -5.54205  5.48393
0.183014  -5.86082  5.76598
0.183312  -6.12082  6.00231
0.183611  -6.31175  6.17812
0.183909  -6.42575  6.27908
0.184208  -6.45761  6.29245
0.184506  -6.40499  6.20814
0.184804  -6.26841  6.01979
0.185103  -6.05114  5.72555
0.185401  -5.75902  5.32881
0.185699  -5.40018  4.83842
0.185998  -4.9847  4.2687
0.186296  -4.5242  3.63896
0.186595  -4.0315  2.97261
0.186893  -3.52011  2.2959
0.187191  -3.00387  1.63639
0.18749  -2.49645  1.02117
0.187788  -2.0109  0.475018
0.188087  -1.55921  0.0186739
0.188385  -1.15186  -0.332671
0.188683  -0.797401  -0.570501
0.188982  -0.502084  -0.693599
0.18928  -0.269585  -0.70812
0.189579  -0.10082  -0.627066
0.189877  0.00609631  -0.469226
0.190175  0.0557404  -0.25765
0.190474  0.0551005  -0.0177936
0.190772  0.0131428  0.224507
0.191071  -0.059758  0.445053
0.191369  -0.152483  0.623129
0.191667  -0.253874  0.743023
0.191966  -0.353419  0.795106
0.192264  -0.441852  0.776399
0.192563  -0.511611  0.690595
0.192861  -0.55712  0.547566
0.193159  -0.57486  0.362398
0.193458  -0.563245  0.154059
0.193756  -0.522321  -0.0561828
0.194054  -0.453343  -0.246486
0.194353  -0.358298  -0.39615
0.194651  -0.239425  -0.487224
0.19495  -0.0988243  -0.505879
0.195248  0.0618056  -0.443476
0.195546  0.24127  -0.297239
0.195845  0.438806  -0.0705175
0.196143  0.653859  0.227399
0.196442  0.885743  0.58189
0.19674  1.13326  0.973997
0.197038  1.39432  1.38175
0.197337  1.66566  1.7817
0.197635  1.94267  2.1506
0.197934  2.21939  2.46709
0.198232  2.48871  2.71318
0.19853  2.7427  2.87559
0.198829  2.97305  2.94665
0.199127  3.17164  2.92479
0.199425  3.33101  2.81456
0.199724  3.44489  2.62612
0.200022  3.50858  2.37434
0.200321  3.51915  2.07747
0.200619  3.47558  1.75564
0.200917  3.3787  1.42915
0.201216  3.23099  1.11688
0.201514  3.03643  0.834821
0.201813  2.80012  0.594981
0.202111  2.52809  0.404618
0.202409  2.22701  0.265976
0.202708  1.90404  0.176472
0.203006  1.5667  0.129289
0.203304  1.22276  0.114314
0.203603  0.880207  0.119285
0.203901  0.547173  0.131034
0.2042  0.231821  0.136682
0.204498  -0.057801  0.124663
0.204796  -0.313982  0.0854942
0.205095  -0.529635  0.0122318
0.205393  -0.698626  -0.0993974
0.205691  -0.816128  -0.251159
0.20599  -0.878956  -0.442699
0.206288  -0.885858  -0.672067
0.206587  -0.837706  -0.936268
0.206885  -0.737591  -1.23175
0.207183  -0.59078  -1.55472
0.207482  -0.404534  -1.90132
0.20778  -0.18781  -2.26754
0.208079  0.049152  -2.64896
0.208377  0.295324  -3.04044
0.208675  0.539436  -3.4357
0.208974  0.770549  -3.82706
0.209272  0.978603  -4.20526
0.20957  1.15494  -4.5596
0.209869  1.29274  -4.87828
0.210167  1.38741  -5.14907
0.210466  1.43678  -5.36014
0.210764  1.44127  -5.50109
0.211062  1.40386  -5.56401
0.211361  1.32995  -5.54438
0.211659  1.22706  -5.44189
0.211957  1.10443  -5.26085
0.212256  0.97254  -5.01033
0.212554  0.84247  -4.70384
0.212853  0.725348  -4.35866
0.213151  0.631717  -3.99482
0.213449  0.571001  -3.63388
0.213748  0.551034  -3.29745
0.214046  0.577728  -3.00576
0.214344  0.654853  -2.77627
0.214643  0.783961  -2.62239
0.214941  0.964425  -2.55251
0.21524  1.19356  -2.56932
0.215538  1.46682  -2.66945
0.215836  1.77798  -2.84358
0.216135  2.11939  -3.07679
0.216433  2.48207  -3.34946
0.216731  2.85598  -3.63835
0.21703  3.23003  -3.91803
0.217328  3.59236  -4.16254
0.217627  3.93045  -4.34709
0.217925  4.23143  -4.44985
0.218223  4.48245  -4.45353
0.218522  4.67117  -4.34683
0.21882  4.78627  -4.12539
0.219118  4.81818  -3.79242
0.219417  4.7596  -3.35866
0.219715  4.60616  -2.84187
0.220014  4.35679  -2.26562
0.220312  4.01394  -1.65774
0.22061  3.58361  -1.04821
0.220909  3.07505  -0.466929
0.221207  2.50022  0.0586676
0.221505  1.87311  0.505761
0.221804  1.20887  0.858023
0.222102  0.522948  1.10695
0.222401  -0.169697  1.25255
0.222699  -0.855243  1.30332
0.222997  -1.52143  1.27547
0.223296  -2.15775  1.1915
0.223594  -2.75533  1.07819
0.223892  -3.30675  0.964261
0.224191  -3.80559  0.877831
0.224489  -4.24604  0.844
0.224787  -4.62255  0.882691
0.225086  -4.92964  1.007
0.225384  -5.1619  1.2222
0.225683  -5.31421  1.52543
0.225981  -5.38218  1.90614
0.226279  -5.36275  2.34723
0.226578  -5.25485  2.82664
0.226876  -5.05995  3.31943
0.227174  -4.78257  3.79989
0.227473  -4.43045  4.24368
0.227771  -4.0145  4.62971
0.228069  -3.54832  4.94158
0.228368  -3.04747  5.16854
0.228666  -2.52854  5.30588
0.228965  -2.00791  5.35479
0.229263  -1.50066  5.32171
0.229561  -1.01942  5.21733
0.22986  -0.573523  5.05542
0.230158  -0.168431  4.85142
0.230456  0.194455  4.62125
0.230755  0.517591  4.38008
0.231053  0.806698  4.14143
0.231351  1.06987  3.91647
0.23165  1.31645  3.71355
0.231948  1.55581  3.538
0.232247  1.79617  3.39209
0.232545  2.04351  3.27515
0.232843  2.30085  3.18384
0.233142  2.56775  3.11248
0.23344  2.84026  3.05349
0.233738  3.1112  2.99796
0.234037  3.37081  2.93622
0.234335  3.60769  2.8586
0.234633  3.80981  2.75617
0.234932  3.96574  2.62152
0.23523  4.06564  2.44959
0.235529  4.10227  2.23827
0.235827  4.07158  1.98896
0.236125  3.97313  1.7067
0.236424  3.81014  1.40015
0.236722  3.58916  1.08109
0.23702  3.31958  0.763656
0.237319  3.01279  0.463261
0.237617  2.68136  0.195303
0.237915  2.33804  -0.0261661
0.238214  1.9949  -0.189713
0.238512  1.66256  -0.287579
0.23881  1.34964  -0.316398
0.239109  1.0624  -0.277495
0.239407  0.804644  -0.176728
0.239706  0.577873  -0.0239044
0.240004  0.381639  0.168165
0.240302  0.214065  0.384845
0.240601  0.0724745  0.610951
0.240899  -0.0459354  0.831954
0.241197  -0.143452  1.035
0.241496  -0.221297  1.20959
0.241794  -0.27923  1.34797
0.242092  -0.315361  1.44507
0.242391  -0.326188  1.49814
0.242689  -0.306886  1.50621
0.242987  -0.25183  1.46936
0.243286  -0.155315  1.38808
0.243584  -0.0124117  1.26263
0.243883  0.180115  1.09282
0.244181  0.422922  0.87784
0.244479  0.713344  0.61658
0.244778  1.04488  0.308032
0.245076  1.40699  -0.0480403
0.245374  1.78527  -0.450408
0.245673  2.16204  -0.895715
0.245971  2.51723  -1.37798
0.246269  2.82972  -1.88831
0.246568  3.07875  -2.41499
0.246866  3.24558  -2.94379
0.247164  3.31492  -3.45864
0.247463  3.27636  -3.94254
0.247761  3.12527  -4.3786
0.248059  2.86344  -4.75121
0.248358  2.49907  -5.04703
0.248656  2.0463  -5.25602
0.248954  1.52428  -5.3721
0.249253  0.95579  -5.39359
0.249551  0.365639  -5.32341
0.24985  -0.221111  -5.16885
0.250148  -0.780818  -4.94124
0.250446  -1.29276  -4.65533
0.250745  -1.74031  -4.32849
0.251043  -2.11165  -3.97988
0.251341  -2.40007  -3.62956
0.25164  -2.60379  -3.29763
0.251938  -2.72531  -3.00335
0.252236  -2.77055  -2.76437
0.252535  -2.74776  -2.596
0.252833  -2.66631  -2.51051
0.253131  -2.53568  -2.51656
0.25343  -2.3645  -2.61867
0.253728  -2.16  -2.81677
0.254026  -1.92765  -3.10599
0.254325  -1.67115  -3.47655
0.254623  -1.39281  -3.91393
0.254921  -1.09393  -4.39931
0.25522  -0.775563  -4.91031
0.255518  -0.439072  -5.42198
0.255816  -0.0868054  -5.9081
0.256115  0.27747  -6.34256
0.256413  0.648303  -6.70091
0.256711  1.01853  -6.96184
0.25701  1.37947  -7.10842
0.257308  1.72137  -7.12919
0.257607  2.03393  -7.01879
0.257905  2.30703  -6.77827
0.258203  2.53138  -6.41493
0.258502  2.69918  -5.94177
0.2588  2.80469  -5.37674
0.259098  2.84456  -4.74159
0.259397  2.81802  -4.06082
0.259695  2.72685  -3.36035
0.259993  2.57516  -2.66649
0.260292  2.3689  -2.0048
0.26059  2.11541  -1.39917
0.260888  1.82273  -0.871042
0.261187  1.49903  -0.438664
0.261485  1.152  -0.116544
0.261783  0.788431  0.0850364
0.262082  0.413951  0.160374
0.26238  0.0329125  0.108534
0.262678  -0.351471  -0.0666421
0.262977  -0.736839  -0.356771
0.263275  -1.12126  -0.749423
0.263573  -1.50274  -1.22888
0.263872  -1.87872  -1.77716
0.26417  -2.24566  -2.37514
0.264468  -2.59877  -3.00385
0.264767  -2.93191  -3.6456
0.265065  -3.23767  -4.28499
0.265363  -3.50769  -4.90958
0.265662  -3.73306  -5.51011
0.26596  -3.90485  -6.08039
0.266258  -4.01462  -6.6167
0.266557  -4.0549  -7.11691
0.266855  -4.01953  -7.57949
0.267153  -3.90389  -8.00243
0.267452  -3.70496  -8.38248
0.26775  -3.42129  -8.71462
0.268048  -3.05295  -8.99205
0.268347  -2.60141  -9.20673
0.268645  -2.06962  -9.35021
0.268943  -1.46217  -9.41499
0.269242  -0.785545  -9.39585
0.26954  -0.0485547  -9.29123
0.269838  0.737233  -9.10428
0.270137  1.55714  -8.84339
0.270435  2.39324  -8.5222
0.270733  3.22451  -8.15884
0.271032  4.02743  -7.77457
0.27133  4.77703  -7.39197
0.271628  5.44841  -7.0328
0.271927  6.01848  -6.71582
0.272225  6.46803  -6.4549
0.272523  6.78356  -6.25758
0.272822  6.95896  -6.12436
0.27312  6.99662  -6.04879
0.273418  6.90776  -6.01841
0.273717  6.71202  -6.01634
0.274015  6.43621  -6.02354
0.274313  6.11224  -6.02123
0.274612  5.77457  -5.99337
0.27491  5.45729  -5.92876
0.275208  5.19129  -5.8226
0.275507  5.00166  -5.67715
0.275805  4.90577  -5.50159
0.276103  4.91205  -5.31092
0.276402  5.0198  -5.12415
0.2767  5.21973  -4.96185
0.276998  5.49549  -4.84356
0.277296  5.82562  -4.7852
0.277595  6.18589  -4.79685
0.277893  6.55175  -4.88128
0.278191  6.90041  -5.03318
0.27849  7.21261  -5.23948
0.278788  7.47366  -5.48047
0.279086  7.67391  -5.73172
0.279385  7.80847  -5.9665
0.279683  7.8765  -6.15848
0.279981  7.88001  -6.28433
0.28028  7.82258  -6.32599
0.280578  7.7081  -6.27231
0.280876  7.53968  -6.1199
0.281175  7.31901  -5.87326
0.281473  7.04612  -5.54396
0.281771  6.71959  -5.14929
0.28207  6.33718  -4.71042
0.282368  5.89678  -4.25026
0.282666  5.39746  -3.79144
0.282965  4.84058  -3.35444
0.283263  4.23067  -2.95621
0.283561  3.57603  -2.60924
0.28386  2.88898  -2.32123
0.284158  2.18553  -2.09526
0.284456  1.48478  -1.93038
0.284754  0.807827  -1.82253
0.285053  0.176412  -1.76552
0.285351  -0.388561  -1.75203
0.285649  -0.868513  -1.77454
0.285948  -1.24853  -1.8259
0.286246  -1.51845  -1.8997
0.286544  -1.67352  -1.99041
0.286843  -1.7147  -2.09314
0.287141  -1.64844  -2.20339
0.287439  -1.48611  -2.31664
0.287738  -1.24308  -2.42788
0.288036  -0.937487  -2.53141
0.288334  -0.58901  -2.62057
0.288633  -0.217521  -2.6878
0.288931  0.158086  -2.72487
0.289229  0.520889  -2.72321
0.289528  0.856676  -2.67454
0.289826  1.15439  -2.57143
0.290124  1.40628  -2.40805
0.290422  1.60783  -2.18079
0.290721  1.75745  -1.88892
0.291019  1.85602  -1.53499
0.291317  1.90639  -1.12514
0.291616  1.91281  -0.669172
0.291914  1.88042  -0.180339
0.292212  1.81472  0.325071
0.292511  1.72126  0.828452
0.292809  1.60524  1.30982
0.293107  1.47131  1.74893
0.293406  1.32338  2.12659
0.293704  1.16457  2.42593
0.294002  0.997148  2.63374
0.294301  0.822585  2.7416
0.294599  0.641615  2.74675
0.294897  0.454387  2.65263
0.295195  0.260633  2.46902
0.295494  0.0598774  2.21166
0.295792  -0.148341  1.90142
0.29609  -0.364247  1.56307
0.296389  -0.587631  1.22363
0.296687  -0.81768  0.910588
0.296985  -1.05288  0.649903
0.297284  -1.29098  0.464223
0.297582  -1.52902  0.371253
0.29788  -1.76345  0.38252
0.298178  -1.99029  0.502626
0.298477  -2.20538  0.729023
0.298775  -2.40464  1.05235
0.299073  -2.58434  1.45729
0.299372  -2.74141  1.92379
0.29967  -2.87369  2.42872
0.299968  -2.98018  2.94752
0.300267  -3.0612  3.45601
0.300565  -3.11848  3.93197
0.300863  -3.15518  4.35651
0.301162  -3.17578  4.7151
0.30146  -3.1858  4.99812
0.301758  -3.19155  5.20109
0.302056  -3.1996  5.3244
0.302355  -3.21629  5.37274
0.302653  -3.24718  5.35422
0.302951  -3.29651  5.27934
0.30325  -3.3667  5.15984
0.303548  -3.45806  5.00765
0.303846  -3.56861  4.83386
0.304145  -3.69416  4.64795
0.304443  -3.82859  4.45722
0.304741  -3.96437  4.26651
0.305039  -4.09317  4.07815
0.305338  -4.20667  3.89216
0.305636  -4.29731  3.70667
0.305934  -4.35899  3.51842
0.306233  -4.38763  3.32336
0.306531  -4.38154  3.11726
0.306829  -4.34149  2.89622
0.307127  -4.27057  2.65715
0.307426  -4.1738  2.39811
0.307724  -4.05759  2.11842
0.308022  -3.92903  1.81881
0.308321  -3.7952  1.50133
0.308619  -3.6625  1.16928
0.308917  -3.53602  0.827
0.309216  -3.41917  0.479777
0.309514  -3.31335  0.133673
0.309812  -3.2179  -0.204568
0.31011  -3.13021  -0.527587
0.310409  -3.04591  -0.827457
0.310707  -2.95931  -1.09572
0.311005  -2.86383  -1.32347
0.311304  -2.75259  -1.50143
0.311602  -2.61901  -1.62019
0.3119  -2.45741  -1.67044
0.312198  -2.26364  -1.6434
0.312497  -2.03562  -1.53121
0.312795  -1.77375  -1.32752
0.313093  -1.48126  -1.02803
0.313392  -1.16424  -0.630988
0.31369  -0.831486  -0.137744
0.313988  -0.494084  0.446919
0.314286  -0.164675  1.11454
0.314585  0.143502  1.85292
0.314883  0.417766  2.64629
0.315181  0.647234  3.47567
0.31548  0.82404  4.31943
0.315778  0.9444  5.15407
0.316076  1.00936  5.95511
0.316374  1.02518  6.6981
0.316673  1.00314  7.35969
0.316971  0.958912  7.91867
0.317269  0.911348  8.35697
0.317568  0.880871  8.66053
0.317866  0.887552  8.81996
0.318164  0.949065  8.83101
0.318462  1.07872  8.6948
0.318761  1.28375  8.4178
0.319059  1.56412  8.01148
0.319357  1.91188  7.49179
0.319656  2.31125  6.8784
0.319954  2.7394  6.19374
0.320252  3.16799  5.462
0.32055  3.56511  4.70795
0.320849  3.89774  3.9559
0.321147  4.13431  3.22863
0.321445  4.24721  2.5465
0.321744  4.215  1.92667
0.322042  4.02414  1.38263
0.32234  3.67015  0.923839
0.322638  3.158  0.555659
0.322937  2.50173  0.279521
0.323235  1.72355  0.0932434
0.323533  0.852185  -0.0084568
0.323832  -0.0790714  -0.0333528
0.32413  -1.03458  0.00897752
0.324428  -1.97864  0.107855
0.324726  -2.87761  0.252182
0.325025  -3.70176  0.431062
0.325323  -4.42681  0.634346
0.325621  -5.03486  0.853063
0.325919  -5.51502  1.07977
0.326218  -5.86348  1.30876
0.326516  -6.08321  1.53623
0.326814  -6.18335  1.76029
0.327113  -6.1783  1.98095
0.327411  -6.0867  2.19998
0.327709  -5.93023  2.42071
0.328007  -5.7324  2.64772
0.328306  -5.51733  2.88645
0.328604  -5.30849  3.14271
0.328902  -5.12758  3.42213
0.3292  -4.99339  3.72949
0.329499  -4.92083  4.06809
0.329797  -4.92007  4.43907
0.330095  -4.99592  4.84092
0.330394  -5.14744  5.26899
0.330692  -5.36784  5.71536
0.33099  -5.64475  6.16885
0.331288  -5.9608  6.61536
0.331587  -6.29463  7.03849
0.331885  -6.62206  7.42036
0.332183  -6.91764  7.74268
0.332481  -7.15623  7.98783
0.33278  -7.31464  8.14003
0.333078  -7.37307  8.18628
0.333376  -7.31642  8.11725
0.333675  -7.13517  7.92779
0.333973  -6.82589  7.61718
0.334271  -6.39135  7.18912
0.334569  -5.84012  6.65142
0.334868  -5.18593  6.01552
0.335166  -4.44672  5.29582
0.335464  -3.64345  4.50909
0.335762  -2.79905  3.67376
0.336061  -1.93727  2.80936
0.336359  -1.08177  1.93602
0.336657  -0.255372  1.07405
0.336955  0.520432  0.243495
0.337254  1.22582  -0.536208
0.337552  1.84283  -1.24672
0.33785  2.35545  -1.87131
0.338148  2.74974  -2.39554
0.338447  3.01398  -2.80791
0.338745  3.13899  -3.10062
0.339043  3.11847  -3.27021
0.339342  2.94951  -3.31806
0.33964  2.63314  -3.25064
0.339938  2.17479  -3.07941
0.340236  1.58472  -2.82033
0.340535  0.878199  -2.49297
0.340833  0.0754437  -2.1193
0.341131  -0.798802  -1.72218
0.341429  -1.71597  -1.32368
0.341728  -2.64471  -0.943527
0.342026  -3.55218  -0.597585
0.342324  -4.40552  -0.296787
0.342622  -5.17339  -0.0464455
0.342921  -5.82752  0.153897
0.343219  -6.3441  0.310077
0.343517  -6.70496  0.432429
0.343815  -6.89846  0.534493
0.344114  -6.9201  0.631468
0.344412  -6.77266  0.738551
0.34471  -6.46609  0.869352
0.345008  -6.01696  1.03453
0.345307  -5.44769  1.2408
0.345605  -4.78542  1.49035
0.345903  -4.06073  1.78079
0.346201  -3.30615  2.1055
0.3465  -2.55465  2.45442
0.346798  -1.83809  2.81513
0.347096  -1.18573  3.17406
0.347394  -0.622897  3.51775
0.347693  -0.169911  3.83396
0.347991  0.158765  4.11266
0.348289  0.354991  4.34653
0.348587  0.417067  4.53131
0.348886  0.349481  4.66567
0.349184  0.162306  4.75082
0.349482  -0.129684  4.7899
0.34978  -0.508128  4.78716
0.350079  -0.95231  4.74717
0.350377  -1.44042  4.67405
0.350675  -1.95073  4.57086
0.350973  -2.46266  4.43917
0.351272  -2.95753  4.27891
0.35157  -3.41918  4.08847
0.351868  -3.8342  3.86504
0.352166  -4.19201  3.60509
0.352465  -4.48471  3.30503
0.352763  -4.70684  2.96189
0.353061  -4.85499  2.57393
0.353359  -4.92757  2.14127
0.353658  -4.92454  1.6662
0.353956  -4.84728  1.1535
0.354254  -4.69859  0.610384
0.354552  -4.48279  0.0463479
0.354851  -4.20582  -0.527173
0.355149  -3.87544  -1.09732
0.355447  -3.50127  -1.65043
0.355745  -3.09479  -2.17266
0.356044  -2.66909  -2.65076
0.356342  -2.23852  -3.07269
0.35664  -1.81799  -3.42825
0.356938  -1.42229  -3.70966
0.357237  -1.06517  -3.91196
0.357535  -0.758454  -4.03333
0.357833  -0.51122  -4.07522
0.358131  -0.329136  -4.04231
0.35843  -0.214056  -3.94232
0.358728  -0.163914  -3.78558
0.359026  -0.172952  -3.58449
0.359324  -0.232264  -3.35274
0.359622  -0.330624  -3.10453
0.359921  -0.45549  -2.85362
0.360219  -0.594111  -2.61247
0.360517  -0.734608  -2.39143
0.360815  -0.866919  -2.1981
0.361114  -0.983528  -2.0369
0.361412  -1.07989  -1.90891
0.36171  -1.15455  -1.812
0.362008  -1.20892  -1.74122
0.362307  -1.24679  -1.68943
0.362605  -1.27366  -1.64814
0.362903  -1.29585  -1.60835
0.363201  -1.31975  -1.5615
0.3635  -1.35094  -1.50024
0.363798  -1.39362  -1.41908
0.364096  -1.45016  -1.31474
0.364394  -1.52088  -1.18637
0.364692  -1.60409  -1.0354
0.364991  -1.69635  -0.865247
0.365289  -1.79284  -0.680816
0.365587  -1.8879  -0.487972
0.365885  -1.97559  -0.292935
0.366184  -2.05024  -0.10176
0.366482  -2.10694  0.0800892
0.36678  -2.14192  0.248021
0.367078  -2.15273  0.398456
0.367377  -2.13843  0.528827
0.367675  -2.09944  0.637469
0.367973  -2.03744  0.723444
0.368271  -1.95507  0.78634
0.368569  -1.85562  0.82609
0.368868  -1.74269  0.842827
0.369166  -1.61989  0.836825
0.369464  -1.49054  0.808488
0.369762  -1.35747  0.758421
0.370061  -1.22292  0.68753
0.370359  -1.0885  0.597142
0.370657  -0.955257  0.489119
0.370955  -0.823752  0.365927
0.371253  -0.694256  0.230666
0.371552  -0.566908  0.0870309
0.37185  -0.441882  -0.0607892
0.372148  -0.319524  -0.208258
0.372446  -0.200441  -0.350682
0.372745  -0.0855332  -0.483426
0.373043  0.0240347  -0.602122
0.373341  0.126904  -0.70288
0.373639  0.221637  -0.782465
0.373937  0.306843  -0.838448
0.374236  0.381306  -0.86931
0.374534  0.444096  -0.874521
0.374832  0.494636  -0.854561
0.37513  0.532737  -0.810908
0.375429  0.558588  -0.745985
0.375727  0.572698  -0.663057
0.376025  0.575824  -0.566083
0.376323  0.568875  -0.459536
0.376621  0.552824  -0.348166
0.37692  0.52863  -0.236746
0.377218  0.497194  -0.129798
0.377516  0.459342  -0.0313113
0.377814  0.415841  0.0555084
0.378113  0.367444  0.128448
0.378411  0.314949  0.186432
0.378709  0.25926  0.229577
0.379007  0.201442  0.259159
0.379305  0.14275  0.277479
0.379604  0.0846223  0.287641
0.379902  0.0286484  0.293266
0.3802  -0.0235127  0.298162
0.380498  -0.0702336  0.305977
0.380796  -0.110042  0.319884
0.381095  -0.141747  0.34231
0.381393  -0.164553  0.374744
0.381691  -0.178152  0.417633
0.381989  -0.182769  0.470377
0.382287  -0.179169  0.531408
0.382586  -0.168608  0.598345
0.382884  -0.152741  0.668205
0.383182  -0.133487  0.737635
0.38348  -0.112875  0.803161
0.383779  -0.0928713  0.861405
0.384077  -0.0752171  0.909285
0.384375  -0.0612881  0.94416
0.384673  -0.0519898  0.963943
0.384971  -0.0476978  0.96716
0.38527  -0.0482485  0.952983
0.385568  -0.0529796  0.921232
0.385866  -0.0608148  0.872356
0.386164  -0.0703819  0.8074
0.386462  -0.0801539  0.727964
0.386761  -0.0885968  0.636152
0.387059  -0.0943108  0.5345
0.387357  -0.0961537  0.425901
0.387655  -0.093335  0.313503
0.387953  -0.0854757  0.200591
0.388252  -0.0726308  0.0904517
0.38855  -0.0552751  -0.0137729
0.388848  -0.0342577  -0.109236
0.389146  -0.0107291  -0.193529
0.389444  0.0139485  -0.264799
0.389743  0.0383027  -0.321846
0.390041  0.060853  -0.364162
0.390339  0.0802088  -0.39194
0.390637  0.0951555  -0.406022
0.390935  0.104726  -0.407809
0.391234  0.10825  -0.399129
0.391532  0.105388  -0.382081
0.39183  0.0961388  -0.358877
0.392128  0.0808301  -0.331672
0.392426  0.0600883  -0.302432
0.392725  0.0347939  -0.272814
0.393023  0.00602453  -0.244101
0.393321  -0.0250108  -0.217165
0.393619  -0.0570412  -0.19248
0.393917  -0.0888025  -0.170165
0.394216  -0.119102  -0.150057
0.394514  -0.146872  -0.131804
0.394812  -0.171219  -0.114953
0.39511  -0.191448  -0.0990479
0.395408  -0.207089  -0.0836996
0.395707  -0.217891  -0.0686445
0.396005  -0.223819  -0.053775
0.396303  -0.225033  -0.0391463
0.396601  -0.221861  -0.0249608
0.396899  -0.214765  -0.0115344
0.397197  -0.204305  0.000749227
0.397496  -0.191104  0.011489
0.397794  -0.175814  0.0203162
0.398092  -0.159086  0.0269376
0.39839  -0.141542  0.0311667
0.398688  -0.123756  0.0329429
0.398987  -0.106236  0.0323353
0.399285  -0.0894193  0.0295345
0.399583  -0.0736611  0.0248331
0.399881  -0.0592374  0.0185989
0.400179  -0.0463458  0.0112443
0.400478  -0.0351118  0.0031952
0.400776  -0.0255951  -0.0051365
0.401074  -0.0177984  -0.0133761
0.401372  -0.0116759  -0.0212022
0.40167  -0.00714168  -0.0283556
0.401968  -0.00407792  -0.0346418
0.402267  -0.00234198  -0.0399281
0.402565  -0.00177306  -0.0441365
0.402863  -0.00219823  -0.0472348
0.403161  -0.00343805  -0.0492263
0.403459  -0.00531207  -0.0501415
0.403758  -0.00764433  -0.0500305
0.404056  -0.0102688  -0.0489582
0.404354  -0.0130349  -0.0470014
0.404652  -0.0158119  -0.0442477
0.40495  -0.0184937  -0.0407953
0.405248  -0.0210011  -0.0367542
0.405547  -0.0232832  -0.0322456
0.405845  -0.0253164  -0.027401
0.406143  -0.0271022  -0.0223607
0.406441  -0.0286626  -0.0172696
0.406739  -0.0300346  -0.0122724
0.407038  -0.0312636  -0.00750843
0.407336  -0.0323973  -0.00310498
0.407634  -0.0334799  0.000828112
0.407932  -0.0345472  0.00420358
0.40823  -0.0356245  0.00696054
0.408528  -0.0367247  0.00906661
0.408827  -0.0378492  0.0105185
0.409125  -0.0389899  0.0113407
0.409423  -0.040132  0.0115827
0.409721  -0.0412575  0.0113154
0.410019  -0.0423482  0.0106254
0.410317  -0.0433883  0.00961058
0.410616  -0.0443666  0.00837359
0.410914  -0.0452767  0.00701706
0.411212  -0.0461173  0.00563829
0.41151  -0.0468912  0.00432507
0.411808  -0.0476038  0.00315205
0.412107  -0.0482613  0.00217828
0.412405  -0.0488695  0.00144554
0.412703  -0.0494327  0.000977826
0.413001  -0.0499525  0.000781753
0.413299  -0.0504281  0.000847915
0.413597  -0.0508565  0.00115304
0.413896  -0.0512333  0.00166279
0.414194  -0.0515536  0.00233502
0.414492  -0.0518129  0.00312322
0.41479  -0.0520083  0.00397994
0.415088  -0.0521389  0.00485994
0.415386  -0.0522062  0.00572277
0.415685  -0.0522144  0.0065348
0.415983  -0.0521699  0.00727039
0.416281  -0.0520811  0.00791233
0.416579  -0.0519574  0.00845157
0.416877  -0.0518087  0.00888627
0.417175  -0.0516446  0.00922054
0.417474  -0.0514739  0.00946282
0.417772  -0.0513039  0.00962429
0.41807  -0.0511405  0.00971741
0.418368  -0.0509876  0.00975464
0.418666  -0.0508473  0.00974757
0.418964  -0.0507206  0.00970635
0.419262  -0.0506071  0.00963947
0.419561  -0.0505055  0.00955374
0.419859  -0.0504146  0.00945456
0.420157  -0.0503327  0.00934614
0.420455  -0.0502588  0.00923185
0.420753  -0.0501922  0.00911444
0.421051  -0.0501328  0.00899627
0.42135  -0.0500812  0.00887936
0.421648  -0.0500382  0.00876545
0.421946  -0.0500049  0.00865594
0.422244  -0.0499825  0.00855188
0.422542  -0.0499717  0.0084539
0.42284  -0.049973  0.00836225
0.423139  -0.0499861  0.00827678
0.423437  -0.0500102  0.00819706
0.423735  -0.0500437  0.00812245
0.424033  -0.0500845  0.00805222
0.424331  -0.0501302  0.00798566
0.424629  -0.0501782  0.00792219
0.424927  -0.0502259  0.0078614
0.425226  -0.0502709  0.00780308
0.425524  -0.0503111  0.00774725
0.425822  -0.0503453  0.00769409
0.42612  -0.0503726  0.00764391
0.426418  -0.0503927  0.0075971
0.426716  -0.0504059  0.00755403
0.427015  -0.0504129  0.00751507
0.427313  -0.0504149  0.00748047
0.427611  -0.050413  0.00745038
0.427909  -0.0504086  0.00742483
0.428207  -0.0504028  0.00740372
0.428505  -0.0503969  0.00738682
0.428803  -0.0503916  0.0073738
0.429102  -0.0503877  0.00736426
0.4294  -0.0503854  0.00735773
0.429698  -0.050385  0.0073537
0.429996  -0.0503865  0.00735167
0.430294  -0.0503896  0.00735116
0.430592  -0.0503942  0.00735169
0.43089  -0.0503997  0.00735287
0.431189  -0.050406  0.00735435
0.431487  -0.0504126  0.00735589
0.431785  -0.0504193  0.00735727
0.432083  -0.0504258  0.0073584
0.432381  -0.0504318  0.00735922
0.432679  -0.0504373  0.00735973
0.432977  -0.0504422  0.00735998
0.433276  -0.0504464  0.00736003
0.433574  -0.05045  0.00735997
0.433872  -0.0504528  0.00735989
0.43417  -0.0504551  0.00735986
0.434468  -0.0504568  0.00735993
0.434766  -0.0504581  0.00736015
0.435064  -0.050459  0.00736054
0.435363  -0.0504595  0.00736109
0.435661  -0.0504599  0.00736179
0.435959  -0.05046  0.0073626
0.436257  -0.05046  0.0073635
0.436555  -0.05046  0.00736445
0.436853  -0.0504599  0.00736541
0.437151  -0.0504598  0.00736635
0.437449  -0.0504597  0.00736723
0.437748  -0.0504596  0.00736805
0.438046  -0.0504595  0.00736879
0.438344  -0.0504594  0.00736944
0.438642  -0.0504594  0.00737
0.43894  -0.0504594  0.00737047
0.439238  -0.0504594  0.00737087
0.439536  -0.0504593  0.00737119
0.439835  -0.0504593  0.00737145
0.440133  -0.0504593  0.00737166
0.440431  -0.0504593  0.00737182
0.440729  -0.0504593  0.00737196
0.441027  -0.0504593  0.00737206
0.441325  -0.0504593  0.00737214
0.441623  -0.0504592  0.00737221
0.441921  -0.0504592  0.00737227
0.44222  -0.0504592  0.00737231
0.442518  -0.0504592  0.00737234
0.442816  -0.0504592  0.00737237
0.443114  -0.0504592  0.0073724
0.443412  -0.0504592  0.00737241
0.44371  -0.0504592  0.00737243
0.444008  -0.0504592  0.00737243
0.444306  -0.0504592  0.00737244
0.444605  -0.0504592  0.00737245
0.444903  -0.0504592  0.00737245
0.445201  -0.0504592  0.00737245
0.445499  -0.0504592  0.00737245
0.445797  -0.0504592  0.00737245
0.446095  -0.0504592  0.00737245
0.446393  -0.0504592  0.00737245
0.446691  -0.0504592  0.00737245
0.44699  -0.0504592  0.00737245
0.447288  -0.0504592  0.00737245
0.447586  -0.0504592  0.00737245
0.447884  -0.0504592  0.00737245
0.448182  -0.0504592  0.00737245
0.44848  -0.0504592  0.00737245
0.448778  -0.0504592  0.00737245
0.449076  -0.0504592  0.00737245
0.449375  -0.0504592  0.00737245
0.449673  -0.0504592  0.00737245
0.449971  -0.0504592  0.00737245
0.450269  -0.0504592  0.00737245
0.450567  -0.0504592  0.00737245
0.450865  -0.0504592  0.00737245
0.451163  -0.0504592  0.00737245
0.451461  -0.0504592  0.00737245
0.451759  -0.0504592  0.00737245
0.452058  -0.0504592  0.00737245
0.452356  -0.0504592  0.00737245
0.452654  -0.0504592  0.00737245
0.452952  -0.0504592  0.00737245
0.45325  -0.0504592  0.00737245
0.453548  -0.0504592  0.00737245
0.453846  -0.0504592  0.00737245
0.454144  -0.0504592  0.00737245
0.454442  -0.0504592  0.00737245
0.454741  -0.0504592  0.00737245
0.455039  -0.0504592  0.00737245
0.455337  -0.0504592  0.00737245
0.455635  -0.0504592  0.00737245
0.455933  -0.0504592  0.00737245
0.456231  -0.0504592  0.00737245
0.456529  -0.0504592  0.00737245
0.456827  -0.0504592  0.00737245
0.457125  -0.0504592  0.00737245
0.457424  -0.0504592  0.00737245
0.457722  -0.0504592  0.00737245
0.45802  -0.0504592  0.00737245
0.458318  -0.0504592  0.00737245
0.458616  -0.0504592  0.00737245
0.458914  -0.0504592  0.00737245
0.459212  -0.0504592  0.00737245
0.45951  -0.0504592  0.00737245
0.459808  -0.0504592  0.00737245
0.460106  -0.0504592  0.00737245
0.460405  -0.0504592  0.00737245
0.460703  -0.0504592  0.00737245
0.461001  -0.0504592  0.00737245
0.461299  -0.0504592  0.00737245
0.461597  -0.0504592  0.00737245
0.461895  -0.0504592  0.00737245
0.462193  -0.0504592  0.00737245
0.462491  -0.0504592  0.00737245
0.462789  -0.0504592  0.00737245
0.463087  -0.0504592  0.00737245
0.463386  -0.0504592  0.00737245
0.463684  -0.0504592  0.00737245
0.463982  -0.0504592  0.00737245
0.46428  -0.0504592  0.00737245
0.464578  -0.0504592  0.00737245
0.464876  -0.0504592  0.00737245
0.465174  -0.0504592  0.00737245
0.465472  -0.0504592  0.00737245
0.46577  -0.0504592  0.00737245
0.466068  -0.0504592  0.0073724
7.46128e-05  1.60599  31.8075
