-22  -1.03181e-10  -1.6638e-11
-21.9999  -3.85668e-12  -1.35088e-12
-21.9997  -1.13704e-12  -9.16375e-13
-21.9995  -5.48881e-13  -8.16601e-13
-21.9991  -3.20005e-13  -7.7976e-13
-21.9987  -2.05428e-13  -7.63072e-13
-21.9982  -1.43748e-13  -7.53698e-13
-21.9976  -1.08775e-13  -7.48185e-13
-21.9969  -8.63359e-14  -7.45465e-13
-21.9962  -7.05118e-14  -7.43943e-13
-21.9953  -5.89741e-14  -7.42219e-13
-21.9944  -4.96448e-14  -7.4024e-13
-21.9934  -4.14413e-14  -7.38711e-13
-21.9923  -3.52483e-14  -7.38003e-13
-21.9911  -3.21692e-14  -7.38087e-13
-21.9898  -3.16748e-14  -7.38899e-13
-21.9885  -3.2242e-14  -7.40229e-13
-21.987  -3.28544e-14  -7.41519e-13
-21.9855  -3.31285e-14  -7.4228e-13
-21.9839  -3.2903e-14  -7.42601e-13
-21.9822  -3.25838e-14  -7.43023e-13
-21.9804  -3.33436e-14  -7.44038e-13
-21.9785  -3.61295e-14  -7.45842e-13
-21.9766  -4.06884e-14  -7.48371e-13
-21.9745  -4.59255e-14  -7.51301e-13
-21.9724  -5.09163e-14  -7.5412e-13
-21.9702  -5.52549e-14  -7.56466e-13
-21.9679  -5.89863e-14  -7.58451e-13
-21.9656  -6.27697e-14  -7.60571e-13
-21.9631  -6.77587e-14  -7.6334e-13
-21.9606  -7.47653e-14  -7.66997e-13
-21.9579  -8.3517e-14  -7.71448e-13
-21.9552  -9.29747e-14  -7.76305e-13
-21.9524  -1.02188e-13  -7.81057e-13
-21.9495  -1.10731e-13  -7.85388e-13
-21.9466  -1.18761e-13  -7.89439e-13
-21.9435  -1.27064e-13  -7.93709e-13
-21.9404  -1.36806e-13  -7.98729e-13
-21.9372  -1.48727e-13  -8.04756e-13
-21.9339  -1.62504e-13  -8.11662e-13
-21.9305  -1.77078e-13  -8.19009e-13
-21.927  -1.91455e-13  -8.26271e-13
-21.9234  -2.0521e-13  -8.33163e-13
-21.9198  -2.18576e-13  -8.39851e-13
-21.9161  -2.3245e-13  -8.46861e-13
-21.9123  -2.48035e-13  -8.54746e-13
-21.9084  -2.66027e-13  -8.63768e-13
-21.9044  -2.86051e-13  -8.73771e-13
-21.9003  -3.06984e-13  -8.84266e-13
-21.8962  -3.27789e-13  -8.94706e-13
-21.8919  -3.48036e-13  -9.04822e-13
-21.8876  -3.68043e-13  -9.14814e-13
-21.8832  -3.88806e-13  -9.25243e-13
-21.8787  -4.11579e-13  -9.36693e-13
-21.8742  -4.37041e-13  -9.49428e-13
-21.8695  -4.64754e-13  -9.6326e-13
-21.8648  -4.93515e-13  -9.77649e-13
-21.8599  -5.22229e-13  -9.92023e-13
-21.855  -5.50468e-13  -1.00612e-12
-21.85  -5.78626e-13  -1.02018e-12
-21.845  -6.07811e-13  -1.0348e-12
-21.8398  -6.39343e-13  -1.05061e-12
-21.8345  -6.73897e-13  -1.06788e-12
-21.8292  -7.10963e-13  -1.08638e-12
-21.8238  -7.49245e-13  -1.10551e-12
-21.8183  -7.87579e-13  -1.12468e-12
-21.8127  -8.25538e-13  -1.14363e-12
-21.8071  -8.63593e-13  -1.16263e-12
-21.8013  -9.02971e-13  -1.18234e-12
-21.7955  -9.4508e-13  -1.20342e-12
-21.7896  -9.906e-13  -1.22616e-12
-21.7836  -1.03894e-12  -1.25028e-12
-21.7775  -1.08871e-12  -1.27515e-12
-21.7713  -1.13864e-12  -1.30011e-12
-21.765  -1.18832e-12  -1.3249e-12
-21.7587  -1.23829e-12  -1.34985e-12
-21.7523  -1.28992e-12  -1.37568e-12
-21.7458  -1.34472e-12  -1.4031e-12
-21.7392  -1.40339e-12  -1.4324e-12
-21.7325  -1.46525e-12  -1.46327e-12
-21.7258  -1.52877e-12  -1.49501e-12
-21.7189  -1.59262e-12  -1.52691e-12
-21.712  -1.65635e-12  -1.55872e-12
-21.705  -1.7206e-12  -1.59081e-12
-21.6979  -1.78689e-12  -1.62396e-12
-21.6907  -1.85686e-12  -1.65895e-12
-21.6835  -1.93123e-12  -1.69608e-12
-21.6761  -2.00923e-12  -1.73502e-12
-21.6687  -2.08919e-12  -1.77497e-12
-21.6612  -2.16966e-12  -1.81517e-12
-21.6536  -2.25018e-12  -1.85537e-12
-21.6459  -2.3315e-12  -1.89597e-12
-21.6381  -2.41529e-12  -1.93787e-12
-21.6303  -2.50335e-12  -1.98189e-12
-21.6224  -2.59643e-12  -2.02838e-12
-21.6144  -2.69368e-12  -2.07692e-12
-21.6063  -2.79324e-12  -2.12666e-12
-21.5981  -2.89354e-12  -2.17677e-12
-21.5898  -2.9941e-12  -2.22697e-12
-21.5815  -3.09578e-12  -2.27775e-12
-21.5731  -3.20045e-12  -2.33008e-12
-21.5645  -3.31006e-12  -2.38487e-12
-21.5559  -3.42545e-12  -2.4425e-12
-21.5473  -3.54562e-12  -2.50249e-12
-21.5385  -3.66855e-12  -2.5639e-12
-21.5297  -3.7925e-12  -2.62582e-12
-21.5207  -3.91698e-12  -2.68798e-12
-21.5117  -4.04296e-12  -2.7509e-12
-21.5026  -4.17253e-12  -2.81566e-12
-21.4935  -4.30786e-12  -2.88331e-12
-21.4842  -4.44983e-12  -2.95421e-12
-21.4749  -4.59735e-12  -3.02787e-12
-21.4654  -4.74816e-12  -3.1032e-12
-21.4559  -4.90034e-12  -3.17923e-12
-21.4464  -5.0534e-12  -3.25566e-12
-21.4367  -5.20841e-12  -3.33308e-12
-21.4269  -5.36772e-12  -3.41271e-12
-21.4171  -5.53376e-12  -3.4957e-12
-21.4072  -5.70749e-12  -3.58247e-12
-21.3972  -5.88768e-12  -3.67244e-12
-21.3871  -6.0718e-12  -3.76443e-12
-21.3769  -6.25777e-12  -3.85733e-12
-21.3667  -6.44501e-12  -3.95083e-12
-21.3563  -6.63478e-12  -4.04562e-12
-21.3459  -6.8297e-12  -4.14305e-12
-21.3354  -7.03251e-12  -4.24441e-12
-21.3249  -7.24426e-12  -4.35017e-12
-21.3142  -7.46356e-12  -4.45969e-12
-21.3034  -7.68761e-12  -4.57162e-12
-21.2926  -7.91408e-12  -4.68476e-12
-21.2817  -8.14235e-12  -4.79876e-12
-21.2707  -8.37385e-12  -4.9144e-12
-21.2597  -8.61154e-12  -5.0332e-12
-21.2485  -8.85849e-12  -5.15663e-12
-21.2373  -9.1159e-12  -5.28519e-12
-21.226  -9.3822e-12  -5.41818e-12
-21.2146  -9.65424e-12  -5.5541e-12
-21.2031  -9.92943e-12  -5.69159e-12
-21.1915  -1.02071e-11  -5.83027e-12
-21.1799  -1.04889e-11  -5.97103e-12
-21.1681  -1.07781e-11  -6.11559e-12
-21.1563  -1.10783e-11  -6.26561e-12
-21.1444  -1.13907e-11  -6.42167e-12
-21.1325  -1.17137e-11  -6.58297e-12
-21.1204  -1.20437e-11  -6.74783e-12
-21.1083  -1.23777e-11  -6.91473e-12
-21.0961  -1.27151e-11  -7.08326e-12
-21.0838  -1.30577e-11  -7.25441e-12
-21.0714  -1.34093e-11  -7.43015e-12
-21.0589  -1.37739e-11  -7.61236e-12
-21.0464  -1.4153e-11  -7.80171e-12
-21.0338  -1.45446e-11  -7.99732e-12
-21.0211  -1.49448e-11  -8.19728e-12
-21.0083  -1.53503e-11  -8.39987e-12
-20.9954  -1.57603e-11  -8.60465e-12
-20.9825  -1.61769e-11  -8.81275e-12
-20.9695  -1.66043e-11  -9.02641e-12
-20.9564  -1.70472e-11  -9.24778e-12
-20.9432  -1.75075e-11  -9.47767e-12
-20.9299  -1.79827e-11  -9.71505e-12
-20.9166  -1.84685e-11  -9.95778e-12
-20.9031  -1.89612e-11  -1.02039e-11
-20.8896  -1.94598e-11  -1.0453e-11
-20.876  -1.99667e-11  -1.07063e-11
-20.8624  -2.04869e-11  -1.09663e-11
-20.8486  -2.10257e-11  -1.12356e-11
-20.8348  -2.15853e-11  -1.15151e-11
-20.8209  -2.21631e-11  -1.18037e-11
-20.8069  -2.27538e-11  -1.20989e-11
-20.7928  -2.33535e-11  -1.23985e-11
-20.7786  -2.39611e-11  -1.2702e-11
-20.7644  -2.45792e-11  -1.30108e-11
-20.7501  -2.52136e-11  -1.3328e-11
-20.7357  -2.58705e-11  -1.36563e-11
-20.7212  -2.65526e-11  -1.3997e-11
-20.7067  -2.72568e-11  -1.43487e-11
-20.6921  -2.79771e-11  -1.47087e-11
-20.6773  -2.87091e-11  -1.50744e-11
-20.6625  -2.94516e-11  -1.54452e-11
-20.6477  -3.02075e-11  -1.5823e-11
-20.6327  -3.09835e-11  -1.62109e-11
-20.6177  -3.17871e-11  -1.66126e-11
-20.6026  -3.26213e-11  -1.70292e-11
-20.5874  -3.34827e-11  -1.74594e-11
-20.5721  -3.43644e-11  -1.79e-11
-20.5568  -3.52612e-11  -1.83481e-11
-20.5413  -3.61721e-11  -1.88031e-11
-20.5258  -3.71003e-11  -1.92669e-11
-20.5103  -3.80535e-11  -1.97435e-11
-20.4946  -3.90407e-11  -2.0237e-11
-20.4788  -4.00657e-11  -2.07488e-11
-20.463  -4.11243e-11  -2.12775e-11
-20.4471  -4.22086e-11  -2.18194e-11
-20.4311  -4.3313e-11  -2.23712e-11
-20.4151  -4.44362e-11  -2.29322e-11
-20.3989  -4.55818e-11  -2.35046e-11
-20.3827  -4.67589e-11  -2.40932e-11
-20.3664  -4.79784e-11  -2.47028e-11
-20.3501  -4.92451e-11  -2.53353e-11
-20.3336  -5.05538e-11  -2.59889e-11
-20.3171  -5.18956e-11  -2.66594e-11
-20.3005  -5.32642e-11  -2.73431e-11
-20.2838  -5.46582e-11  -2.80393e-11
-20.267  -5.60815e-11  -2.87505e-11
-20.2502  -5.75448e-11  -2.94824e-11
-20.2332  -5.90619e-11  -3.02407e-11
-20.2162  -6.06387e-11  -3.10279e-11
-20.1992  -6.2269e-11  -3.18419e-11
-20.182  -6.39422e-11  -3.2678e-11
-20.1648  -6.56516e-11  -3.35319e-11
-20.1475  -6.7396e-11  -3.44028e-11
-20.1301  -6.9179e-11  -3.52939e-11
-20.1126  -7.10137e-11  -3.62117e-11
-20.0951  -7.29177e-11  -3.71634e-11
-20.0774  -7.4899e-11  -3.81522e-11
-20.0598  -7.69493e-11  -3.91756e-11
-20.042  -7.90561e-11  -4.02282e-11
-20.0241  -8.1213e-11  -4.13054e-11
-20.0062  -8.34187e-11  -4.24063e-11
-19.9882  -8.56763e-11  -4.35345e-11
-19.9701  -8.80016e-11  -4.46982e-11
-19.9519  -9.04185e-11  -4.59062e-11
-19.9337  -9.29379e-11  -4.71629e-11
-19.9154  -9.55485e-11  -4.84653e-11
-19.897  -9.82349e-11  -4.98072e-11
-19.8785  -1.00993e-10  -5.11838e-11
-19.86  -1.03821e-10  -5.25943e-11
-19.8414  -1.06719e-10  -5.40427e-11
-19.8227  -1.09707e-10  -5.55391e-11
-19.8039  -1.12822e-10  -5.70956e-11
-19.785  -1.16077e-10  -5.87178e-11
-19.7661  -1.19457e-10  -6.04023e-11
-19.7471  -1.22941e-10  -6.21419e-11
-19.728  -1.26531e-10  -6.39322e-11
-19.7089  -1.30226e-10  -6.57725e-11
-19.6896  -1.34018e-10  -6.76674e-11
-19.6703  -1.37932e-10  -6.96298e-11
-19.6509  -1.42029e-10  -7.16767e-11
-19.6315  -1.46333e-10  -7.38169e-11
-19.6119  -1.50813e-10  -7.60457e-11
-19.5923  -1.55444e-10  -7.8355e-11
-19.5726  -1.60246e-10  -8.07428e-11
-19.5529  -1.65213e-10  -8.3209e-11
-19.533  -1.70311e-10  -8.57568e-11
-19.5131  -1.75577e-10  -8.8404e-11
-19.4931  -1.81134e-10  -9.11797e-11
-19.4731  -1.87034e-10  -9.40988e-11
-19.4529  -1.93201e-10  -9.71529e-11
-19.4327  -1.99608e-10  -1.00335e-10
-19.4124  -2.06337e-10  -1.03652e-10
-19.3921  -2.13363e-10  -1.07104e-10
-19.3716  -2.20526e-10  -1.10685e-10
-19.3511  -2.27894e-10  -1.14422e-10
-19.3305  -2.35836e-10  -1.18385e-10
-19.3099  -2.44501e-10  -1.22608e-10
-19.2891  -2.53643e-10  -1.27067e-10
-19.2683  -2.63292e-10  -1.3177e-10
-19.2474  -2.73903e-10  -1.36778e-10
-19.2265  -2.8525e-10  -1.42077e-10
-19.2055  -2.96254e-10  -1.47562e-10
-19.1843  -3.07034e-10  -1.5329e-10
-19.1632  -3.19648e-10  -1.59574e-10
-19.1419  -3.35043e-10  -1.66579e-10
-19.1206  -3.52114e-10  -1.74206e-10
-19.0992  -3.74247e-10  -1.8292e-10
-19.0777  -4.12073e-10  -1.94084e-10
-19.0562  -4.66777e-10  -2.07651e-10
-19.0345  -5.10208e-10  -2.1887e-10
-19.0128  -5.05022e-10  -2.18635e-10
-18.9911  -4.61109e-10  -1.95825e-10
-18.9692  -4.34577e-10  -1.28656e-10
-18.9473  -3.87095e-10  4.56665e-11
-18.9253  6.09816e-12  4.70731e-10
-18.9033  1.37389e-09  1.38885e-09
-18.8811  4.40949e-09  3.12292e-09
-18.8589  9.62506e-09  6.05063e-09
-18.8366  1.7451e-08  1.06137e-08
-18.8143  2.86571e-08  1.73605e-08
-18.7919  4.46169e-08  2.6964e-08
-18.7694  6.70179e-08  4.01707e-08
-18.7468  9.72587e-08  5.77109e-08
-18.7241  1.3621e-07  8.026e-08
-18.7014  1.84642e-07  1.08486e-07
-18.6786  2.43801e-07  1.43118e-07
-18.6558  3.1543e-07  1.84953e-07
-18.6329  4.01175e-07  2.34773e-07
-18.6099  5.02136e-07  2.93296e-07
-18.5868  6.19119e-07  3.61207e-07
-18.5636  7.5328e-07  4.39231e-07
-18.5404  9.0632e-07  5.28167e-07
-18.5171  1.07999e-06  6.28817e-07
-18.4938  1.27554e-06  7.41927e-07
-18.4703  1.49384e-06  8.68195e-07
-18.4468  1.73599e-06  1.00835e-06
-18.4233  2.00366e-06  1.16319e-06
-18.3996  2.29867e-06  1.33353e-06
-18.3759  2.62239e-06  1.52014e-06
-18.3521  2.97577e-06  1.72374e-06
-18.3283  3.3599e-06  1.94506e-06
-18.3043  3.7764e-06  2.18489e-06
-18.2803  4.22714e-06  2.44407e-06
-18.2563  4.71361e-06  2.72338e-06
-18.2321  5.23684e-06  3.02355e-06
-18.2079  5.79791e-06  3.34533e-06
-18.1836  6.39845e-06  3.6895e-06
-18.1593  7.04035e-06  4.05692e-06
-18.1349  7.7252e-06  4.44838e-06
-18.1104  8.45411e-06  4.86463e-06
-18.0858  9.22819e-06  5.3064e-06
-18.0612  1.00491e-05  5.77452e-06
-18.0365  1.09187e-05  6.26981e-06
-18.0117  1.18386e-05  6.7931e-06
-17.9869  1.28102e-05  7.34513e-06
-17.962  1.38345e-05  7.92666e-06
-17.937  1.49132e-05  8.5385e-06
-17.9119  1.60482e-05  9.1815e-06
-17.8868  1.72412e-05  9.85648e-06
-17.8616  1.84936e-05  1.05642e-05
-17.8364  1.98065e-05  1.13054e-05
-17.8111  2.11816e-05  1.20809e-05
-17.7857  2.26209e-05  1.28916e-05
-17.7602  2.41262e-05  1.37383e-05
-17.7347  2.56988e-05  1.46217e-05
-17.7091  2.734e-05  1.55427e-05
-17.6834  2.90516e-05  1.65019e-05
-17.6577  3.08354e-05  1.75004e-05
-17.6319  3.26935e-05  1.85389e-05
-17.606  3.46271e-05  1.96181e-05
-17.5801  3.66376e-05  2.07389e-05
-17.5541  3.87269e-05  2.19021e-05
-17.528  4.08969e-05  2.31085e-05
-17.5019  4.31497e-05  2.43589e-05
-17.4757  4.54866e-05  2.56542e-05
-17.4494  4.7909e-05  2.6995e-05
-17.423  5.0419e-05  2.83822e-05
-17.3966  5.30185e-05  2.98166e-05
-17.3702  5.57095e-05  3.12991e-05
-17.3436  5.84935e-05  3.28304e-05
-17.317  6.13722e-05  3.44113e-05
-17.2903  6.43473e-05  3.60425e-05
-17.2636  6.74213e-05  3.77251e-05
-17.2368  7.05959e-05  3.94596e-05
-17.2099  7.38728e-05  4.1247e-05
-17.183  7.72536e-05  4.30879e-05
-17.156  8.07405e-05  4.49832e-05
-17.1289  8.43358e-05  4.69337e-05
-17.1017  8.80413e-05  4.89401e-05
-17.0745  9.18588e-05  5.10033e-05
-17.0473  9.57901e-05  5.3124e-05
-17.0199  9.98374e-05  5.5303e-05
-16.9925  0.000104003  5.7541e-05
-16.9651  0.000108289  5.98389e-05
-16.9375  0.000112697  6.21974e-05
-16.9099  0.00011723  6.46173e-05
-16.8823  0.000121888  6.70992e-05
-16.8545  0.000126676  6.96441e-05
-16.8267  0.000131595  7.22526e-05
-16.7989  0.000136647  7.49254e-05
-16.7709  0.000141833  7.76634e-05
-16.743  0.000147158  8.04671e-05
-16.7149  0.000152622  8.33375e-05
-16.6868  0.000158229  8.62752e-05
-16.6586  0.000163981  8.92809e-05
-16.6303  0.000169879  9.23553e-05
-16.602  0.000175926  9.54991e-05
-16.5737  0.000182126  9.87131e-05
-16.5452  0.00018848  0.000101998
-16.5167  0.00019499  0.000105354
-16.4882  0.00020166  0.000108783
-16.4595  0.000208493  0.000112284
-16.4308  0.00021549  0.000115859
-16.4021  0.000222654  0.000119508
-16.3733  0.000229989  0.000123231
-16.3444  0.000237496  0.000127031
-16.3154  0.00024518  0.000130906
-16.2864  0.000253042  0.000134858
-16.2573  0.000261086  0.000138887
-16.2282  0.000269315  0.000142994
-16.199  0.000277732  0.000147179
-16.1697  0.00028634  0.000151444
-16.1404  0.000295142  0.000155787
-16.111  0.000304141  0.000160211
-16.0816  0.000313341  0.000164716
-16.0521  0.000322745  0.000169302
-16.0225  0.000332358  0.000173969
-15.9929  0.000342182  0.000178718
-15.9632  0.000352221  0.00018355
-15.9334  0.000362478  0.000188465
-15.9036  0.000372959  0.000193463
-15.8737  0.000383666  0.000198545
-15.8438  0.000394605  0.000203711
-15.8138  0.000405778  0.000208962
-15.7837  0.00041719  0.000214298
-15.7536  0.000428847  0.000219719
-15.7234  0.000440752  0.000225226
-15.6932  0.000452911  0.000230818
-15.6629  0.000465328  0.000236497
-15.6325  0.000478007  0.000242262
-15.6021  0.000490956  0.000248113
-15.5716  0.000504178  0.000254052
-15.5411  0.000517679  0.000260077
-15.5105  0.000531466  0.000266189
-15.4798  0.000545544  0.000272389
-15.4491  0.00055992  0.000278676
-15.4183  0.0005746  0.00028505
-15.3874  0.00058959  0.000291511
-15.3565  0.000604898  0.00029806
-15.3256  0.000620531  0.000304696
-15.2946  0.000636497  0.000311419
-15.2635  0.000652803  0.00031823
-15.2323  0.000669459  0.000325127
-15.2011  0.000686471  0.00033211
-15.1699  0.000703851  0.000339181
-15.1386  0.000721606  0.000346337
-15.1072  0.000739748  0.00035358
-15.0758  0.000758286  0.000360908
-15.0443  0.000777231  0.000368321
-15.0127  0.000796595  0.000375818
-14.9811  0.000816391  0.000383401
-14.9495  0.000836631  0.000391066
-14.9177  0.000857329  0.000398816
-14.886  0.000878498  0.000406647
-14.8541  0.000900154  0.000414561
-14.8222  0.000922314  0.000422556
-14.7903  0.000944993  0.000430631
-14.7583  0.000968211  0.000438787
-14.7262  0.000991987  0.000447021
-14.6941  0.00101634  0.000455335
-14.6619  0.0010413  0.000463725
-14.6297  0.00106687  0.000472193
-14.5974  0.0010931  0.000480736
-14.5651  0.00112  0.000489354
-14.5327  0.00114761  0.000498047
-14.5002  0.00117595  0.000506814
-14.4677  0.00120506  0.000515654
-14.4351  0.00123498  0.000524567
-14.4025  0.00126575  0.000533552
-14.3698  0.0012974  0.000542609
-14.3371  0.00132999  0.000551737
-14.3043  0.00136357  0.000560938
-14.2714  0.0013982  0.000570211
-14.2385  0.00143393  0.000579559
-14.2056  0.00147084  0.000588985
-14.1726  0.001509  0.000598489
-14.1395  0.0015485  0.000608076
-14.1064  0.00158944  0.000617749
-14.0732  0.00163191  0.000627513
-14.04  0.00167605  0.000637377
-14.0067  0.00172199  0.000647355
-13.9733  0.00176992  0.000657463
-13.9399  0.00182002  0.000667725
-13.9065  0.00187253  0.000678167
-13.873  0.00192771  0.000688816
-13.8395  0.00198587  0.000699708
-13.8058  0.00204744  0.000710901
-13.7722  0.00211304  0.000722507
-13.7385  0.00218359  0.000734734
-13.7047  0.00226044  0.000747921
-13.6709  0.00234524  0.000762517
-13.637  0.00243966  0.000778964
-13.6031  0.00254471  0.000797489
-13.5691  0.00266005  0.000817862
-13.5351  0.00278347  0.000839234
-13.501  0.00291093  0.000860158
-13.4669  0.00303724  0.000878846
-13.4327  0.00315726  0.000893566
-13.3985  0.003267  0.000903032
-13.3642  0.00336434  0.000906638
-13.3298  0.00344907  0.000904438
-13.2954  0.00352237  0.000896946
-13.261  0.00358604  0.000884868
-13.2265  0.0036419  0.00086887
-13.192  0.00369143  0.000849467
-13.1574  0.00373564  0.000827002
-13.1227  0.00377525  0.000801687
-13.088  0.00381074  0.000773658
-13.0533  0.00384249  0.000743008
-13.0185  0.00387081  0.000709815
-12.9836  0.003896  0.000674143
-12.9487  0.00391831  0.000636046
-12.9138  0.00393798  0.000595563
-12.8788  0.00395521  0.00055272
-12.8438  0.00397019  0.000507531
-12.8087  0.00398309  0.000459996
-12.7735  0.00399405  0.000410103
-12.7383  0.00400321  0.000357835
-12.7031  0.00401071  0.000303163
-12.6678  0.00401668  0.000246051
-12.6324  0.00402125  0.000186456
-12.597  0.00402454  0.00012432
-12.5616  0.00402667  5.95782e-05
-12.5261  0.00402774  -7.84926e-06
-12.4906  0.00402786  -7.80536e-05
-12.455  0.00402716  -0.000151139
-12.4194  0.00402573  -0.000227222
-12.3837  0.00402369  -0.000306432
-12.348  0.00402118  -0.000388917
-12.3122  0.0040183  -0.00047484
-12.2764  0.00401518  -0.000564391
-12.2405  0.00401195  -0.000657783
-12.2046  0.00400873  -0.000755259
-12.1686  0.00400566  -0.00085709
-12.1326  0.00400288  -0.000963574
-12.0965  0.00400059  -0.00107504
-12.0604  0.00399899  -0.00119185
-12.0243  0.00399833  -0.0013144
-11.9881  0.00399887  -0.00144319
-11.9519  0.00400083  -0.00157877
-11.9156  0.00400442  -0.00172183
-11.8792  0.00400986  -0.00187313
-11.8428  0.00401735  -0.00203344
-11.8064  0.00402557  -0.00220361
-11.7699  0.00402664  -0.00238472
-11.7334  0.00399597  -0.0025788
-11.6969  0.00387971  -0.00278949
-11.6603  0.00358793  -0.00302226
-11.6236  0.00300466  -0.00328326
-11.5869  0.00202048  -0.00357663
-11.5502  0.00058037  -0.00390097
-11.5134  -0.00127415  -0.00424663
-11.4765  -0.00339348  -0.00459557
-11.4397  -0.00555194  -0.00492456
-11.4028  -0.00751334  -0.00521108
-11.3658  -0.00910135  -0.00543948
-11.3288  -0.0102425  -0.00560493
-11.2917  -0.0109658  -0.0057132
-11.2546  -0.0113667  -0.00577702
-11.2175  -0.0115589  -0.00581089
-11.1803  -0.0116377  -0.0058271
-11.1431  -0.011665  -0.00583408
-11.1058  -0.0116732  -0.00583681
-11.0685  -0.0116757  -0.00583791
-11.0312  -0.0116772  -0.00583864
-10.9938  -0.0116787  -0.00583942
-10.9563  -0.0116804  -0.00584025
-10.9188  -0.0116819  -0.00584101
-10.8813  -0.0116831  -0.00584159
-10.8438  -0.0116839  -0.00584196
-10.8062  -0.0116841  -0.00584206
-10.7685  -0.0116837  -0.00584188
-10.7308  -0.0116828  -0.00584143
-10.6931  -0.0116813  -0.00584072
-10.6553  -0.0116795  -0.00583981
-10.6175  -0.0116775  -0.00583882
-10.5796  -0.0116757  -0.0058379
-10.5418  -0.011674  -0.00583706
-10.5038  -0.0116712  -0.00583581
-10.4658  -0.0116624  -0.00583283
-10.4278  -0.0116335  -0.00582532
-10.3898  -0.0115518  -0.00580811
-10.3517  -0.0113551  -0.00577255
-10.3135  -0.0109498  -0.00570632
-10.2754  -0.0102266  -0.00559521
-10.2371  -0.00909707  -0.00542711
-10.1989  -0.00754008  -0.00519697
-10.1606  -0.00563437  -0.00491018
-10.1223  -0.00355579  -0.00458247
-10.0839  -0.00153313  -0.00423599
-10.0455  0.000220279  -0.00389322
-10.007  0.00156805  -0.0035714
-9.96854  0.00247832  -0.00327957
-9.93001  0.00300972  -0.00301889
-9.89145  0.00326953  -0.00278541
-9.85285  0.00336819  -0.0025734
-9.8142  0.00338963  -0.00237785
-9.77552  0.00338322  -0.00219546
-9.73681  0.00337102  -0.00202437
-9.69805  0.00335989  -0.00186352
-9.65926  0.00335084  -0.00171205
-9.62043  0.0033436  -0.00156915
-9.58157  0.00333793  -0.00143403
-9.54266  0.00333364  -0.00130599
-9.50372  0.00333046  -0.00118444
-9.46475  0.00332812  -0.00106888
-9.42573  0.00332637  -0.000958906
-9.38668  0.00332498  -0.000854136
-9.3476  0.00332375  -0.000754239
-9.30848  0.00332252  -0.000658911
-9.26932  0.00332113  -0.000567876
-9.23012  0.00331944  -0.00048089
-9.1909  0.00331731  -0.000397738
-9.15163  0.00331462  -0.000318233
-9.11233  0.00331121  -0.000242209
-9.073  0.00330694  -0.000169524
-9.03363  0.00330168  -0.000100053
-8.99422  0.00329529  -3.3686e-05
-8.95478  0.00328763  2.96711e-05
-8.91531  0.00327855  9.01001e-05
-8.8758  0.00326791  0.000147669
-8.83626  0.00325557  0.000202434
-8.79668  0.00324136  0.000254437
-8.75707  0.0032251  0.000303705
-8.71743  0.0032066  0.00035025
-8.67775  0.00318563  0.000394067
-8.63804  0.00316196  0.000435136
-8.59829  0.00313532  0.000473426
-8.55852  0.00310541  0.000508893
-8.51871  0.00307192  0.000541482
-8.47886  0.00303446  0.000571111
-8.43899  0.00299247  0.000597645
-8.39908  0.00294515  0.00062084
-8.35914  0.00289126  0.00064029
-8.31916  0.00282916  0.000655411
-8.27916  0.00275698  0.000665496
-8.23912  0.00267314  0.000669899
-8.19905  0.00257709  0.000668294
-8.15895  0.00246995  0.000660926
-8.11882  0.00235478  0.000648727
-8.07865  0.00223619  0.000633206
-8.03846  0.00211934  0.000616122
-7.99823  0.00200878  0.000599078
-7.95798  0.00190746  0.000583187
-7.91769  0.00181647  0.000568944
-7.87737  0.00173526  0.000556312
-7.83703  0.00166238  0.000544943
-7.79665  0.00159612  0.000534406
-7.75624  0.00153501  0.000524347
-7.7158  0.00147798  0.000514539
-7.67533  0.00142432  0.000504872
-7.63484  0.00137359  0.000495302
-7.59431  0.00132547  0.000485814
-7.55375  0.00127969  0.000476401
-7.51317  0.00123604  0.000467053
-7.47255  0.00119431  0.000457761
-7.43191  0.00115434  0.000448518
-7.39124  0.00111599  0.000439319
-7.35054  0.00107912  0.000430162
-7.30981  0.00104364  0.000421051
-7.26905  0.00100946  0.000411988
-7.22827  0.000976484  0.000402978
-7.18745  0.000944655  0.000394024
-7.14661  0.0009139  0.000385129
-7.10575  0.00088416  0.000376297
-7.06485  0.00085538  0.000367531
-7.02393  0.000827511  0.000358835
-6.98298  0.000800508  0.000350211
-6.942  0.000774331  0.000341663
-6.901  0.000748944  0.000333197
-6.85997  0.000724313  0.000324814
-6.81891  0.000700406  0.000316518
-6.77783  0.000677193  0.000308312
-6.73672  0.000654648  0.000300198
-6.69559  0.000632746  0.00029218
-6.65443  0.000611463  0.000284259
-6.61324  0.000590777  0.000276439
-6.57203  0.000570669  0.000268721
-6.53079  0.000551119  0.000261108
-6.48953  0.000532111  0.000253602
-6.44824  0.000513626  0.000246205
-6.40693  0.00049565  0.000238917
-6.36559  0.000478167  0.000231741
-6.32423  0.000461164  0.000224679
-6.28284  0.000444627  0.00021773
-6.24143  0.000428544  0.000210897
-6.2  0.000412903  0.000204181
-6.15854  0.000397692  0.000197582
-6.11706  0.000382901  0.000191102
-6.07556  0.00036852  0.00018474
-6.03403  0.000354538  0.000178498
-5.99247  0.000340947  0.000172376
-5.9509  0.000327737  0.000166374
-5.9093  0.0003149  0.000160493
-5.86768  0.000302427  0.000154734
-5.82604  0.00029031  0.000149095
-5.78437  0.000278542  0.000143577
-5.74268  0.000267116  0.000138181
-5.70097  0.000256023  0.000132905
-5.65924  0.000245258  0.00012775
-5.61749  0.000234813  0.000122716
-5.57571  0.000224681  0.000117802
-5.53391  0.000214858  0.000113007
-5.49209  0.000205336  0.000108332
-5.45025  0.000196109  0.000103776
-5.40839  0.000187171  9.93378e-05
-5.36651  0.000178517  9.50171e-05
-5.32461  0.000170142  9.08133e-05
-5.28269  0.000162039  8.67254e-05
-5.24074  0.000154203  8.27528e-05
-5.19878  0.000146629  7.88944e-05
-5.1568  0.000139313  7.51495e-05
-5.11479  0.000132247  7.15169e-05
-5.07277  0.000125429  6.79958e-05
-5.03073  0.000118852  6.45849e-05
-4.98867  0.000112513  6.12832e-05
-4.94658  0.000106405  5.80895e-05
-4.90448  0.000100525  5.50026e-05
-4.86237  9.48679e-05  5.20213e-05
-4.82023  8.94287e-05  4.91442e-05
-4.77807  8.42031e-05  4.63701e-05
-4.7359  7.91864e-05  4.36975e-05
-4.6937  7.43743e-05  4.1125e-05
-4.65149  6.97622e-05  3.86512e-05
-4.60926  6.53457e-05  3.62746e-05
-4.56701  6.11205e-05  3.39937e-05
-4.52475  5.70821e-05  3.1807e-05
-4.48247  5.32263e-05  2.97127e-05
-4.44017  4.95486e-05  2.77094e-05
-4.39785  4.60449e-05  2.57954e-05
-4.35552  4.27108e-05  2.39689e-05
-4.31317  3.95421e-05  2.22283e-05
-4.2708  3.65344e-05  2.05717e-05
-4.22842  3.36837e-05  1.89975e-05
-4.18602  3.09855e-05  1.75039e-05
-4.1436  2.84358e-05  1.60889e-05
-4.10117  2.60304e-05  1.47507e-05
-4.05872  2.37649e-05  1.34874e-05
-4.01626  2.16353e-05  1.22971e-05
-3.97378  1.96372e-05  1.11779e-05
-3.93129  1.77666e-05  1.01277e-05
-3.88878  1.60192e-05  9.14464e-06
-3.84625  1.43909e-05  8.22661e-06
-3.80372  1.28774e-05  7.37157e-06
-3.76116  1.14746e-05  6.57747e-06
-3.71859  1.01782e-05  5.84219e-06
-3.67601  8.98414e-06  5.16361e-06
-3.63341  7.88811e-06  4.53958e-06
-3.5908  6.88593e-06  3.96795e-06
-3.54818  5.9734e-06  3.44651e-06
-3.50554  5.14629e-06  2.97305e-06
-3.46289  4.40039e-06  2.54534e-06
-3.42022  3.73145e-06  2.16111e-06
-3.37755  3.13525e-06  1.8181e-06
-3.33485  2.60753e-06  1.514e-06
-3.29215  2.14404e-06  1.24648e-06
-3.24943  1.74052e-06  1.01321e-06
-3.2067  1.39269e-06  8.11831e-07
-3.16396  1.09627e-06  6.39956e-07
-3.12121  8.46966e-07  4.95187e-07
-3.07844  6.40479e-07  3.75103e-07
-3.03566  4.72493e-07  2.77266e-07
-2.99288  3.38688e-07  1.99218e-07
-2.95007  2.3475e-07  1.38493e-07
-2.90726  1.56388e-07  9.26233e-08
-2.86444  9.93606e-08  5.91666e-08
-2.8216  5.95496e-08  3.57509e-08
-2.77876  3.30793e-08  2.014e-08
-2.7359  1.64688e-08  1.03125e-08
-2.69303  6.75897e-09  4.53491e-09
-2.65016  1.5772e-09  1.41082e-09
-2.60727  -8.6387e-10  -1.06963e-10
-2.56437  -1.81373e-09  -7.40988e-10
-2.52147  -2.06075e-09  -9.42827e-10
-2.47855  -2.03483e-09  -9.62754e-10
-2.43562  -1.9277e-09  -9.20496e-10
-2.39269  -1.80596e-09  -8.63965e-10
-2.34974  -1.68895e-09  -8.08678e-10
-2.30679  -1.58362e-09  -7.58434e-10
-2.26382  -1.49195e-09  -7.1347e-10
-2.22085  -1.41165e-09  -6.72982e-10
-2.17787  -1.33913e-09  -6.36045e-10
-2.13488  -1.27229e-09  -6.02021e-10
-2.09188  -1.21061e-09  -5.70556e-10
-2.04888  -1.15372e-09  -5.41402e-10
-2.00587  -1.10099e-09  -5.1432e-10
-1.96285  -1.05194e-09  -4.891e-10
-1.91982  -1.00631e-09  -4.6555e-10
-1.87678  -9.63741e-10  -4.43452e-10
-1.83374  -9.23733e-10  -4.22586e-10
-1.79069  -8.8589e-10  -4.02785e-10
-1.74763  -8.50081e-10  -3.83973e-10
-1.70457  -8.1629e-10  -3.6613e-10
-1.6615  -7.84457e-10  -3.4924e-10
-1.61842  -7.54466e-10  -3.3326e-10
-1.57534  -7.26168e-10  -3.18108e-10
-1.53225  -6.99359e-10  -3.03667e-10
-1.48915  -6.73803e-10  -2.89819e-10
-1.44605  -6.4934e-10  -2.76483e-10
-1.40295  -6.25938e-10  -2.63636e-10
-1.35983  -6.03636e-10  -2.51296e-10
-1.31672  -5.8246e-10  -2.39485e-10
-1.2736  -5.62379e-10  -2.28199e-10
-1.23047  -5.433e-10  -2.1739e-10
-1.18734  -5.25085e-10  -2.06982e-10
-1.1442  -5.07588e-10  -1.96895e-10
-1.10106  -4.90723e-10  -1.87075e-10
-1.05792  -4.74484e-10  -1.77515e-10
-1.01477  -4.58922e-10  -1.68239e-10
-0.971614  -4.44076e-10  -1.59278e-10
-0.928458  -4.2994e-10  -1.50637e-10
-0.885297  -4.16452e-10  -1.42289e-10
-0.842134  -4.03513e-10  -1.34177e-10
-0.798967  -3.91021e-10  -1.26239e-10
-0.755797  -3.78922e-10  -1.18435e-10
-0.712624  -3.67222e-10  -1.10759e-10
-0.669449  -3.55967e-10  -1.03235e-10
-0.62627  -3.45196e-10  -9.58957e-11
-0.58309  -3.34911e-10  -8.87521e-11
-0.539907  -3.25068e-10  -8.17862e-11
-0.496722  -3.15592e-10  -7.4953e-11
-0.453535  -3.0641e-10  -6.82002e-11
-0.410347  -2.97486e-10  -6.14919e-11
-0.367157  -2.88828e-10  -5.48231e-11
-0.323965  -2.80476e-10  -4.82154e-11
-0.280772  -2.72464e-10  -4.16992e-11
-0.237578  -2.64797e-10  -3.52903e-11
-0.194384  -2.57443e-10  -2.89769e-11
-0.151188  -2.50344e-10  -2.27207e-11
-0.107992  -2.43447e-10  -1.64737e-11
-0.0647953  -2.36723e-10  -1.02004e-11
-0.0215984  -2.30184e-10  -3.89317e-12
0.0215984  -2.23861e-10  2.42906e-12
0.0647953  -2.17785e-10  8.7363e-12
0.107992  -2.11962e-10  1.50097e-11
0.151188  -2.06365e-10  2.12569e-11
0.194384  -2.0095e-10  2.75132e-11
0.237578  -1.95677e-10  3.38263e-11
0.280772  -1.90525e-10  4.02349e-11
0.323965  -1.85503e-10  4.67512e-11
0.367157  -1.8064e-10  5.33589e-11
0.410347  -1.75959e-10  6.00277e-11
0.453535  -1.71466e-10  6.67361e-11
0.496722  -1.67142e-10  7.34892e-11
0.539907  -1.62951e-10  8.03225e-11
0.58309  -1.5886e-10  8.7288e-11
0.62627  -1.54856e-10  9.44312e-11
0.669449  -1.50947e-10  1.01771e-10
0.712624  -1.47155e-10  1.09294e-10
0.755797  -1.435e-10  1.1697e-10
0.798967  -1.39989e-10  1.24775e-10
0.842134  -1.36604e-10  1.32714e-10
0.885297  -1.33319e-10  1.40826e-10
0.928458  -1.30107e-10  1.49173e-10
0.971614  -1.26958e-10  1.57813e-10
1.01477  -1.23878e-10  1.66775e-10
1.05792  -1.20886e-10  1.76051e-10
1.10106  -1.18001e-10  1.85611e-10
1.1442  -1.15225e-10  1.95431e-10
1.18734  -1.12547e-10  2.0552e-10
1.23047  -1.09943e-10  2.15929e-10
1.2736  -1.07394e-10  2.26736e-10
1.31672  -1.0489e-10  2.38021e-10
1.35983  -1.02439e-10  2.49832e-10
1.40295  -1.00055e-10  2.62173e-10
1.44605  -9.77538e-11  2.75021e-10
1.48915  -9.55378e-11  2.8836e-10
1.53225  -9.33973e-11  3.02214e-10
1.57534  -9.13142e-11  3.16658e-10
1.61842  -8.92717e-11  3.31807e-10
1.6615  -8.72629e-11  3.47783e-10
1.70457  -8.52936e-11  3.64677e-10
1.74763  -8.33769e-11  3.82529e-10
1.79069  -8.15248e-11  4.01348e-10
1.83374  -7.974e-11  4.21167e-10
1.87678  -7.80145e-11  4.42068e-10
1.91982  -7.63333e-11  4.64193e-10
1.96285  -7.46828e-11  4.87738e-10
2.00587  -7.30576e-11  5.1295e-10
2.04888  -7.14626e-11  5.4008e-10
2.09188  -6.99088e-11  5.6934e-10
2.13488  -6.84063e-11  6.00959e-10
2.17787  -6.69574e-11  6.35291e-10
2.22085  -6.55554e-11  6.72804e-10
2.26382  -6.4188e-11  7.13918e-10
2.30679  -6.2844e-11  7.59066e-10
2.34974  -6.15192e-11  8.09407e-10
2.39269  -6.02176e-11  8.68576e-10
2.43562  -5.89487e-11  9.46896e-10
2.47855  -5.77209e-11  1.07231e-09
2.52147  -5.65361e-11  1.31495e-09
2.56437  -5.53888e-11  1.83134e-09
2.60727  -5.42687e-11  2.92851e-09
2.65016  -5.31666e-11  5.14008e-09
2.69303  -5.20791e-11  9.30078e-09
2.7359  -5.10098e-11  1.6604e-08
2.77876  -4.99665e-11  2.8629e-08
2.8216  -4.89564e-11  4.73297e-08
2.86444  -4.79812e-11  7.49852e-08
2.90726  -4.70361e-11  1.14125e-07
2.95007  -4.61126e-11  1.67446e-07
2.99288  -4.52031e-11  2.37744e-07
3.03566  -4.43048e-11  3.27866e-07
3.07844  -4.34207e-11  4.40681e-07
3.12121  -4.25576e-11  5.79065e-07
3.16396  -4.17215e-11  7.45896e-07
3.2067  -4.09138e-11  9.44052e-07
3.24943  -4.01306e-11  1.17641e-06
3.29215  -3.93647e-11  1.44584e-06
3.33485  -3.86097e-11  1.75522e-06
3.37755  -3.78632e-11  2.10743e-06
3.42022  -3.7128e-11  2.50533e-06
3.46289  -3.64099e-11  2.95182e-06
3.50554  -3.57139e-11  3.44976e-06
3.54818  -3.50412e-11  4.00203e-06
3.5908  -3.43885e-11  4.61152e-06
3.63341  -3.37497e-11  5.28112e-06
3.67601  -3.31194e-11  6.01372e-06
3.71859  -3.24958e-11  6.81222e-06
3.76116  -3.18811e-11  7.67952e-06
3.80372  -3.12804e-11  8.61852e-06
3.84625  -3.06979e-11  9.63216e-06
3.88878  -3.01347e-11  1.07233e-05
3.93129  -2.95879e-11  1.1895e-05
3.97378  -2.90524e-11  1.31501e-05
4.01626  -2.85236e-11  1.44917e-05
4.05872  -2.79999e-11  1.59225e-05
4.10117  -2.74835e-11  1.74458e-05
4.1436  -2.69785e-11  1.90644e-05
4.18602  -2.64886e-11  2.07814e-05
4.22842  -2.60147e-11  2.25998e-05
4.2708  -2.55544e-11  2.45226e-05
4.31317  -2.51033e-11  2.65531e-05
4.35552  -2.46575e-11  2.86942e-05
4.39785  -2.42156e-11  3.09491e-05
4.44017  -2.37796e-11  3.33209e-05
4.48247  -2.33531e-11  3.58129e-05
4.52475  -2.29392e-11  3.84282e-05
4.56701  -2.25387e-11  4.11702e-05
4.60926  -2.21494e-11  4.40421e-05
4.65149  -2.17677e-11  4.70471e-05
4.6937  -2.13901e-11  5.01888e-05
4.7359  -2.10157e-11  5.34705e-05
4.77807  -2.0646e-11  5.68957e-05
4.82023  -2.02842e-11  6.04679e-05
4.86237  -1.9933e-11  6.41906e-05
4.90448  -1.95929e-11  6.80675e-05
4.94658  -1.92623e-11  7.21023e-05
4.98867  -1.89379e-11  7.62988e-05
5.03073  -1.86169e-11  8.06607e-05
5.07277  -1.82982e-11  8.5192e-05
5.11479  -1.79835e-11  8.98967e-05
5.1568  -1.76753e-11  9.47787e-05
5.19878  -1.7376e-11  9.98424e-05
5.24074  -1.70862e-11  0.000105092
5.28269  -1.68043e-11  0.000110532
5.32461  -1.65275e-11  0.000116166
5.36651  -1.62533e-11  0.000122
5.40839  -1.59811e-11  0.000128038
5.45025  -1.5712e-11  0.000134284
5.49209  -1.54485e-11  0.000140745
5.53391  -1.51925e-11  0.000147425
5.57571  -1.49445e-11  0.000154329
5.61749  -1.47032e-11  0.000161462
5.65924  -1.44662e-11  0.000168832
5.70097  -1.42312e-11  0.000176442
5.74268  -1.39978e-11  0.000184301
5.78437  -1.37669e-11  0.000192413
5.82604  -1.35407e-11  0.000200786
5.86768  -1.3321e-11  0.000209426
5.9093  -1.3108e-11  0.00021834
5.9509  -1.29007e-11  0.000227536
5.99247  -1.2697e-11  0.000237022
6.03403  -1.24949e-11  0.000246805
6.07556  -1.2294e-11  0.000256894
6.11706  -1.20953e-11  0.000267299
6.15854  -1.19005e-11  0.000278028
6.2  -1.17111e-11  0.00028909
6.24143  -1.15277e-11  0.000300497
6.28284  -1.1349e-11  0.000312259
6.32423  -1.11732e-11  0.000324388
6.36559  -1.09989e-11  0.000336895
6.40693  -1.08254e-11  0.000349793
6.44824  -1.06537e-11  0.000363096
6.48953  -1.04854e-11  0.000376817
6.53079  -1.03218e-11  0.000390973
6.57203  -1.01631e-11  0.000405578
6.61324  -1.00086e-11  0.00042065
6.65443  -9.85657e-12  0.000436208
6.69559  -9.70562e-12  0.000452269
6.73672  -9.55537e-12  0.000468857
6.77783  -9.40658e-12  0.000485992
6.81891  -9.26066e-12  0.000503699
6.85997  -9.1188e-12  0.000522003
6.901  -8.98126e-12  0.000540931
6.942  -8.84721e-12  0.000560514
6.98298  -8.71526e-12  0.000580784
7.02393  -8.58419e-12  0.000601777
7.06485  -8.45365e-12  0.000623529
7.10575  -8.32432e-12  0.000646085
7.14661  -8.19746e-12  0.000669488
7.18745  -8.07411e-12  0.000693788
7.22827  -7.95448e-12  0.00071904
7.26905  -7.83787e-12  0.000745305
7.30981  -7.72302e-12  0.00077265
7.35054  -7.60887e-12  0.000801152
7.39124  -7.49513e-12  0.000830898
7.43191  -7.3824e-12  0.000861984
7.47255  -7.2718e-12  0.000894519
7.51317  -7.16423e-12  0.000928624
7.55375  -7.0599e-12  0.000964441
7.59431  -6.95817e-12  0.00100214
7.63484  -6.85793e-12  0.00104193
7.67533  -6.75825e-12  0.00108407
7.7158  -6.65887e-12  0.0011289
7.75624  -6.56034e-12  0.00117686
7.79665  -6.46365e-12  0.00122851
7.83703  -6.3696e-12  0.00128453
7.87737  -6.27836e-12  0.00134572
7.91769  -6.18937e-12  0.00141286
7.95798  -6.10165e-12  0.00148648
7.99823  -6.01438e-12  0.00156656
8.03846  -5.92733e-12  0.00165233
8.07865  -5.84099e-12  0.00174214
8.11882  -5.75623e-12  0.00183369
8.15895  -5.67379e-12  0.00192439
8.19905  -5.5938e-12  0.00201189
8.23912  -5.51576e-12  0.00209451
8.27916  -5.43881e-12  0.00217139
8.31916  -5.3622e-12  0.00224249
8.35914  -5.28576e-12  0.00230831
8.39908  -5.20991e-12  0.00236962
8.43899  -5.13544e-12  0.00242724
8.47886  -5.06299e-12  0.00248191
8.51871  -4.9927e-12  0.00253425
8.55852  -4.9241e-12  0.00258477
8.59829  -4.85642e-12  0.00263388
8.63804  -4.78902e-12  0.00268193
8.67775  -4.72173e-12  0.00272922
8.71743  -4.65494e-12  0.002776
8.75707  -4.58935e-12  0.00282252
8.79668  -4.52554e-12  0.00286899
8.83626  -4.46362e-12  0.00291565
8.8758  -4.40318e-12  0.00296269
8.91531  -4.34353e-12  0.00301034
8.95478  -4.28409e-12  0.00305882
8.99422  -4.22472e-12  0.00310836
9.03363  -4.16577e-12  0.00315917
9.073  -4.10788e-12  0.0032115
9.11233  -4.05155e-12  0.00326559
9.15163  -3.99688e-12  0.0033217
9.1909  -3.94351e-12  0.00338011
9.23012  -3.89081e-12  0.0034411
9.26932  -3.83828e-12  0.00350501
9.30848  -3.78579e-12  0.00357217
9.3476  -3.73365e-12  0.00364296
9.38668  -3.68244e-12  0.00371781
9.42573  -3.6326e-12  0.00379715
9.46475  -3.58424e-12  0.00388148
9.50372  -3.53701e-12  0.00397131
9.54266  -3.49037e-12  0.00406725
9.58157  -3.44384e-12  0.00416997
9.62043  -3.39733e-12  0.00428026
9.65926  -3.35113e-12  0.00439905
9.69805  -3.30573e-12  0.00452734
9.73681  -3.26155e-12  0.0046662
9.77552  -3.21867e-12  0.00481642
9.8142  -3.1768e-12  0.00497792
9.85285  -3.13542e-12  0.00514871
9.89145  -3.09414e-12  0.0053236
9.93001  -3.05285e-12  0.00549334
9.96854  -3.01181e-12  0.00564524
10.007  -2.97149e-12  0.00576593
10.0455  -2.93225e-12  0.00584571
10.0839  -2.89417e-12  0.0058826
10.1223  -2.85696e-12  0.00588382
10.1606  -2.8202e-12  0.00586335
10.1989  -2.78349e-12  0.00583676
10.2371  -2.74676e-12  0.00581591
10.2754  -2.71025e-12  0.00580611
10.3135  -2.67437e-12  0.00580663
10.3517  -2.63945e-12  0.00581338
10.3898  -2.60556e-12  0.00582185
10.4278  -2.57245e-12  0.00582895
10.4658  -2.53971e-12  0.00583353
10.5038  -2.50702e-12  0.00583591
10.5418  -2.47429e-12  0.00583709
10.5796  -2.44174e-12  0.00583793
10.6175  -2.40976e-12  0.00583885
10.6553  -2.37863e-12  0.00583983
10.6931  -2.34842e-12  0.00584073
10.7308  -2.3189e-12  0.00584144
10.7685  -2.2897e-12  0.00584189
10.8062  -2.26053e-12  0.00584207
10.8438  -2.23131e-12  0.00584196
10.8813  -2.20225e-12  0.0058416
10.9188  -2.17368e-12  0.00584103
10.9563  -2.14589e-12  0.00584028
10.9938  -2.11891e-12  0.00583945
11.0312  -2.09254e-12  0.00583867
11.0685  -2.06646e-12  0.00583794
11.1058  -2.04038e-12  0.0058369
11.1431  -2.01426e-12  0.00583475
11.1803  -1.98827e-12  0.00583059
11.2175  -1.96272e-12  0.00582427
11.2546  -1.93785e-12  0.00581719
11.2917  -1.91372e-12  0.00581276
11.3288  -1.89014e-12  0.00581596
11.3658  -1.8668e-12  0.00583141
11.4028  -1.84345e-12  0.00586043
11.4397  -1.82006e-12  0.00589813
11.4765  -1.79677e-12  0.00593258
11.5134  -1.77388e-12  0.00594745
11.5502  -1.7516e-12  0.00592743
11.5869  -1.72999e-12  0.00586387
11.6236  -1.70886e-12  0.00575766
11.6603  -1.68794e-12  0.00561805
11.6969  -1.66701e-12  0.00545851
11.7334  -1.64603e-12  0.00529218
11.7699  -1.62514e-12  0.00512882
11.8064  -1.60459e-12  0.00497402
11.8428  -1.58461e-12  0.00483004
11.8792  -1.56521e-12  0.00469709
11.9156  -1.54626e-12  0.00457448
11.9519  -1.52749e-12  0.00446122
11.9881  -1.50869e-12  0.00435632
12.0243  -1.48984e-12  0.0042589
12.0604  -1.47107e-12  0.00416821
12.0965  -1.45261e-12  0.00408359
12.1326  -1.43466e-12  0.00400448
12.1686  -1.41723e-12  0.00393037
12.2046  -1.4002e-12  0.0038608
12.2405  -1.38333e-12  0.00379535
12.2764  -1.36643e-12  0.00373361
12.3122  -1.34947e-12  0.00367524
12.348  -1.33258e-12  0.00361989
12.3837  -1.31597e-12  0.00356728
12.4194  -1.29982e-12  0.00351713
12.455  -1.28414e-12  0.00346918
12.4906  -1.26882e-12  0.0034232
12.5261  -1.25363e-12  0.00337897
12.5616  -1.23842e-12  0.00333626
12.597  -1.22315e-12  0.0032949
12.6324  -1.20793e-12  0.00325467
12.6678  -1.19296e-12  0.0032154
12.7031  -1.17841e-12  0.00317692
12.7383  -1.16429e-12  0.00313905
12.7735  -1.15048e-12  0.00310163
12.8087  -1.1368e-12  0.00306449
12.8438  -1.12309e-12  0.00302747
12.8788  -1.10931e-12  0.00299038
12.9138  -1.09558e-12  0.00295307
12.9487  -1.08208e-12  0.00291535
12.9836  -1.06895e-12  0.00287705
13.0185  -1.05622e-12  0.00283795
13.0533  -1.04377e-12  0.00279787
13.088  -1.03142e-12  0.00275654
13.1227  -1.01904e-12  0.0027137
13.1574  -1.00661e-12  0.00266899
13.192  -9.94206e-13  0.00262199
13.2265  -9.82011e-13  0.0025722
13.261  -9.70153e-13  0.00251896
13.2954  -9.58653e-13  0.00246152
13.3298  -9.4741e-13  0.00239909
13.3642  -9.36262e-13  0.00233099
13.3985  -9.25078e-13  0.00225692
13.4327  -9.13833e-13  0.00217725
13.4669  -9.0262e-13  0.00209318
13.501  -8.91593e-13  0.00200669
13.5351  -8.80871e-13  0.00192023
13.5691  -8.70476e-13  0.00183628
13.6031  -8.60313e-13  0.00175684
13.637  -8.50233e-13  0.00168314
13.6709  -8.40116e-13  0.00161557
13.7047  -8.29939e-13  0.00155388
13.7385  -8.19789e-13  0.00149741
13.7722  -8.09806e-13  0.00144538
13.8058  -8.00102e-13  0.00139709
13.8395  -7.90695e-13  0.00135194
13.873  -7.81499e-13  0.00130947
13.9065  -7.72376e-13  0.00126932
13.9399  -7.63214e-13  0.00123121
13.9733  -7.53994e-13  0.00119493
14.0067  -7.44796e-13  0.0011603
14.04  -7.3575e-13  0.00112718
14.0732  -7.26958e-13  0.00109545
14.1064  -7.18437e-13  0.00106499
14.1395  -7.10107e-13  0.00103573
14.1726  -7.01842e-13  0.00100757
14.2056  -6.93538e-13  0.000980438
14.2385  -6.85177e-13  0.000954265
14.2714  -6.76834e-13  0.000928994
14.3043  -6.68628e-13  0.00090457
14.3371  -6.60654e-13  0.000880945
14.3698  -6.52929e-13  0.000858076
14.4025  -6.45377e-13  0.000835922
14.4351  -6.37882e-13  0.000814446
14.4677  -6.30349e-13  0.000793614
14.5002  -6.2276e-13  0.000773395
14.5327  -6.15184e-13  0.000753758
14.5651  -6.07734e-13  0.000734678
14.5974  -6.00497e-13  0.00071613
14.6297  -5.93486e-13  0.000698091
14.6619  -5.86634e-13  0.000680539
14.6941  -5.79832e-13  0.000663454
14.7262  -5.72991e-13  0.000646818
14.7583  -5.66097e-13  0.000630613
14.7903  -5.59213e-13  0.000614822
14.8222  -5.52443e-13  0.00059943
14.8541  -5.45868e-13  0.000584422
14.886  -5.39501e-13  0.000569785
14.9177  -5.33279e-13  0.000555507
14.9495  -5.271e-13  0.000541574
14.9811  -5.20884e-13  0.000527975
15.0127  -5.14616e-13  0.0005147
15.0443  -5.08355e-13  0.000501738
15.0758  -5.02198e-13  0.00048908
15.1072  -4.9622e-13  0.000476715
15.1386  -4.90433e-13  0.000464636
15.1699  -4.84779e-13  0.000452834
15.2011  -4.79163e-13  0.000441302
15.2323  -4.7351e-13  0.00043003
15.2635  -4.67807e-13  0.000419014
15.2946  -4.62108e-13  0.000408244
15.3256  -4.56504e-13  0.000397716
15.3565  -4.51065e-13  0.000387421
15.3874  -4.45802e-13  0.000377356
15.4183  -4.4066e-13  0.000367513
15.4491  -4.35552e-13  0.000357888
15.4798  -4.30408e-13  0.000348475
15.5105  -4.25215e-13  0.000339268
15.5411  -4.20025e-13  0.000330264
15.5716  -4.14921e-13  0.000321457
15.6021  -4.09969e-13  0.000312843
15.6325  -4.05178e-13  0.000304417
15.6629  -4.005e-13  0.000296176
15.6932  -3.95851e-13  0.000288114
15.7234  -3.91166e-13  0.00028023
15.7536  -3.86435e-13  0.000272517
15.7837  -3.81704e-13  0.000264974
15.8138  -3.77053e-13  0.000257596
15.8438  -3.72541e-13  0.000250381
15.8737  -3.68179e-13  0.000243324
15.9036  -3.63919e-13  0.000236422
15.9334  -3.59686e-13  0.000229674
15.9632  -3.55418e-13  0.000223074
15.9929  -3.51104e-13  0.000216622
16.0225  -3.46791e-13  0.000210313
16.0521  -3.42549e-13  0.000204145
16.0816  -3.38436e-13  0.000198115
16.111  -3.34462e-13  0.000192221
16.1404  -3.30582e-13  0.000186461
16.1697  -3.26724e-13  0.000180831
16.199  -3.22834e-13  0.000175329
16.2282  -3.18899e-13  0.000169954
16.2573  -3.14963e-13  0.000164702
16.2864  -3.11093e-13  0.000159572
16.3154  -3.07342e-13  0.000154561
16.3444  -3.0372e-13  0.000149667
16.3733  -3.00184e-13  0.000144889
16.4021  -2.96668e-13  0.000140223
16.4308  -2.93119e-13  0.000135669
16.4595  -2.89529e-13  0.000131223
16.4882  -2.85936e-13  0.000126885
16.5167  -2.82403e-13  0.000122653
16.5452  -2.78981e-13  0.000118523
16.5737  -2.75677e-13  0.000114496
16.602  -2.72454e-13  0.000110568
16.6303  -2.69248e-13  0.000106739
16.6586  -2.66011e-13  0.000103006
16.6868  -2.62733e-13  9.9368e-05
16.7149  -2.59452e-13  9.58231e-05
16.743  -2.56225e-13  9.23698e-05
16.7709  -2.53102e-13  8.90064e-05
16.7989  -2.50088e-13  8.57314e-05
16.8267  -2.47148e-13  8.25432e-05
16.8545  -2.44225e-13  7.94403e-05
16.8823  -2.4127e-13  7.64213e-05
16.9099  -2.38277e-13  7.34846e-05
16.9375  -2.35279e-13  7.06288e-05
16.9651  -2.32332e-13  6.78525e-05
16.9925  -2.29479e-13  6.51541e-05
17.0199  -2.26729e-13  6.25324e-05
17.0473  -2.24048e-13  5.99861e-05
17.0745  -2.21381e-13  5.75135e-05
17.1017  -2.18684e-13  5.51136e-05
17.1289  -2.15949e-13  5.27848e-05
17.156  -2.13209e-13  5.0526e-05
17.183  -2.10516e-13  4.83358e-05
17.2099  -2.07911e-13  4.62129e-05
17.2368  -2.05401e-13  4.41561e-05
17.2636  -2.02955e-13  4.21641e-05
17.2903  -2.00522e-13  4.02357e-05
17.317  -1.98059e-13  3.83696e-05
17.3436  -1.95561e-13  3.65647e-05
17.3702  -1.93056e-13  3.48197e-05
17.3966  -1.90595e-13  3.31335e-05
17.423  -1.88215e-13  3.15048e-05
17.4494  -1.85924e-13  2.99326e-05
17.4757  -1.83692e-13  2.84156e-05
17.5019  -1.81472e-13  2.69527e-05
17.528  -1.79223e-13  2.55428e-05
17.5541  -1.7694e-13  2.41847e-05
17.5801  -1.7465e-13  2.28775e-05
17.606  -1.724e-13  2.16198e-05
17.6319  -1.70226e-13  2.04107e-05
17.6577  -1.68134e-13  1.9249e-05
17.6834  -1.66098e-13  1.81338e-05
17.7091  -1.64072e-13  1.70639e-05
17.7347  -1.62019e-13  1.60383e-05
17.7602  -1.59932e-13  1.50558e-05
17.7857  -1.57838e-13  1.41156e-05
17.8111  -1.55781e-13  1.32165e-05
17.8364  -1.53794e-13  1.23576e-05
17.8616  -1.51885e-13  1.15378e-05
17.8868  -1.50028e-13  1.07561e-05
17.9119  -1.48179e-13  1.00115e-05
17.937  -1.46304e-13  9.30304e-06
17.962  -1.44397e-13  8.62975e-06
17.9869  -1.42483e-13  7.99058e-06
18.0117  -1.40602e-13  7.38457e-06
18.0365  -1.38787e-13  6.81078e-06
18.0612  -1.37044e-13  6.26831e-06
18.0858  -1.3535e-13  5.75618e-06
18.1104  -1.33663e-13  5.2734e-06
18.1349  -1.31951e-13  4.81902e-06
18.1593  -1.30209e-13  4.39214e-06
18.1836  -1.28458e-13  3.9919e-06
18.2079  -1.26738e-13  3.61735e-06
18.2321  -1.2508e-13  3.26754e-06
18.2563  -1.2349e-13  2.94153e-06
18.2803  -1.21945e-13  2.63846e-06
18.3043  -1.20407e-13  2.3575e-06
18.3283  -1.18844e-13  2.09775e-06
18.3521  -1.17252e-13  1.85827e-06
18.3759  -1.15652e-13  1.63815e-06
18.3996  -1.14079e-13  1.43656e-06
18.4233  -1.12565e-13  1.25269e-06
18.4468  -1.11114e-13  1.08569e-06
18.4703  -1.09705e-13  9.34638e-07
18.4938  -1.08303e-13  7.98651e-07
18.5171  -1.06877e-13  6.76917e-07
18.5404  -1.05423e-13  5.68658e-07
18.5636  -1.0396e-13  4.7305e-07
18.5868  -1.02523e-13  3.89213e-07
18.6099  -1.0114e-13  3.16278e-07
18.6329  -9.98168e-14  2.53446e-07
18.6558  -9.85331e-14  1.99969e-07
18.6786  -9.72551e-14  1.55061e-07
18.7014  -9.59548e-14  1.17877e-07
18.7241  -9.46266e-14  8.75599e-08
18.7468  -9.32897e-14  6.33222e-08
18.7694  -9.19767e-14  4.44407e-08
18.7919  -9.07144e-14  3.01882e-08
18.8143  -8.95082e-14  1.9785e-08
18.8366  -8.83391e-14  1.244e-08
18.8589  -8.71752e-14  7.43913e-09
18.8811  -8.59898e-14  4.19838e-09
18.9033  -8.47774e-14  2.24529e-09
18.9253  -8.35562e-14  1.1767e-09
18.9473  -8.2357e-14  6.49317e-10
18.9692  -8.12052e-14  4.05229e-10
18.9911  -8.01062e-14  2.89431e-10
19.0128  -7.90423e-14  2.31197e-10
19.0345  -7.7983e-14  2.03533e-10
19.0562  -7.6903e-14  1.92104e-10
19.0777  -7.5797e-14  1.85962e-10
19.0992  -7.4682e-14  1.79394e-10
19.1206  -7.35871e-14  1.71895e-10
19.1419  -7.25368e-14  1.64614e-10
19.1632  -7.15363e-14  1.57889e-10
19.1843  -7.05688e-14  1.51496e-10
19.2055  -6.96055e-14  1.45458e-10
19.2265  -6.86223e-14  1.39935e-10
19.2474  -6.7614e-14  1.34856e-10
19.2683  -6.65965e-14  1.30025e-10
19.2891  -6.55976e-14  1.25384e-10
19.3099  -6.46404e-14  1.20983e-10
19.3305  -6.37302e-14  1.16822e-10
19.3511  -6.28512e-14  1.12855e-10
19.3716  -6.19761e-14  1.09073e-10
19.3921  -6.10819e-14  1.05487e-10
19.4124  -6.01634e-14  1.02071e-10
19.4327  -5.92355e-14  9.87818e-11
19.4529  -5.83247e-14  9.56108e-11
19.4731  -5.74531e-14  9.25734e-11
19.4931  -5.66258e-14  8.96726e-11
19.5131  -5.58282e-14  8.68965e-11
19.533  -5.50341e-14  8.42375e-11
19.5529  -5.42217e-14  8.16887e-11
19.5726  -5.33856e-14  7.92331e-11
19.5923  -5.25402e-14  7.68528e-11
19.6119  -5.17104e-14  7.45466e-11
19.6315  -5.09174e-14  7.23243e-11
19.6509  -5.01664e-14  7.01911e-11
19.6703  -4.94435e-14  6.81441e-11
19.6896  -4.87239e-14  6.61775e-11
19.7089  -4.79866e-14  6.42824e-11
19.728  -4.72265e-14  6.24462e-11
19.7471  -4.64569e-14  6.06586e-11
19.7661  -4.57015e-14  5.89202e-11
19.785  -4.49809e-14  5.72386e-11
19.8039  -4.42999e-14  5.56197e-11
19.8227  -4.36457e-14  5.40632e-11
19.8414  -4.29946e-14  5.25648e-11
19.86  -4.23265e-14  5.11164e-11
19.8785  -4.16362e-14  4.97079e-11
19.897  -4.09363e-14  4.83325e-11
19.9154  -4.02495e-14  4.69911e-11
19.9337  -3.95954e-14  4.56902e-11
19.9519  -3.89789e-14  4.44352e-11
19.9701  -3.83877e-14  4.32271e-11
19.9882  -3.77996e-14  4.20625e-11
20.0062  -3.71951e-14  4.09344e-11
20.0241  -3.65692e-14  3.98345e-11
20.042  -3.59335e-14  3.87579e-11
20.0598  -3.53098e-14  3.77055e-11
20.0774  -3.47168e-14  3.6683e-11
20.0951  -3.41595e-14  3.56952e-11
20.1126  -3.36265e-14  3.47434e-11
20.1301  -3.30963e-14  3.3825e-11
20.1475  -3.25504e-14  3.29341e-11
20.1648  -3.19836e-14  3.20637e-11
20.182  -3.14071e-14  3.12101e-11
20.1992  -3.08414e-14  3.03742e-11
20.2162  -3.03047e-14  2.95607e-11
20.2332  -2.98019e-14  2.87741e-11
20.2502  -2.93223e-14  2.80158e-11
20.267  -2.88454e-14  2.72835e-11
20.2838  -2.83534e-14  2.65724e-11
20.3005  -2.78411e-14  2.58766e-11
20.3171  -2.7319e-14  2.5193e-11
20.3336  -2.68068e-14  2.45226e-11
20.3501  -2.63218e-14  2.38694e-11
20.3664  -2.58692e-14  2.32373e-11
20.3827  -2.54386e-14  2.26277e-11
20.3989  -2.50108e-14  2.20388e-11
20.4151  -2.45684e-14  2.14664e-11
20.4311  -2.41064e-14  2.09057e-11
20.4471  -2.36344e-14  2.03539e-11
20.463  -2.31714e-14  1.98122e-11
20.4788  -2.2734e-14  1.92837e-11
20.4946  -2.23274e-14  1.87721e-11
20.5103  -2.19421e-14  1.82786e-11
20.5258  -2.15594e-14  1.78019e-11
20.5413  -2.11627e-14  1.73381e-11
20.5568  -2.07469e-14  1.68833e-11
20.5721  -2.03211e-14  1.64352e-11
20.5874  -1.99032e-14  1.59947e-11
20.6026  -1.95097e-14  1.55647e-11
20.6177  -1.91455e-14  1.51482e-11
20.6327  -1.88017e-14  1.47465e-11
20.6477  -1.84605e-14  1.43584e-11
20.6625  -1.81059e-14  1.39808e-11
20.6773  -1.77326e-14  1.361e-11
20.6921  -1.73493e-14  1.32443e-11
20.7067  -1.69731e-14  1.28844e-11
20.7212  -1.66198e-14  1.25328e-11
20.7357  -1.62946e-14  1.21923e-11
20.7501  -1.59889e-14  1.18639e-11
20.7644  -1.56859e-14  1.15467e-11
20.7786  -1.537e-14  1.12378e-11
20.7928  -1.50359e-14  1.09344e-11
20.8069  -1.46916e-14  1.06348e-11
20.8209  -1.43538e-14  1.03397e-11
20.8348  -1.40375e-14  1.00512e-11
20.8486  -1.3748e-14  9.77179e-12
20.8624  -1.34775e-14  9.50247e-12
20.876  -1.32096e-14  9.24237e-12
20.8896  -1.29292e-14  8.98912e-12
20.9031  -1.26311e-14  8.74012e-12
20.9166  -1.23228e-14  8.49399e-12
20.9299  -1.20202e-14  8.25127e-12
20.9432  -1.17379e-14  8.01396e-12
20.9564  -1.14812e-14  7.78414e-12
20.9695  -1.12429e-14  7.56276e-12
20.9825  -1.10072e-14  7.34905e-12
20.9954  -1.07595e-14  7.14097e-12
21.0083  -1.04946e-14  6.93623e-12
21.0211  -1.02194e-14  6.73365e-12
21.0338  -9.94904e-15  6.5337e-12
21.0464  -9.69795e-15  6.33815e-12
21.0589  -9.47142e-15  6.14885e-12
21.0714  -9.26259e-15  5.96663e-12
21.0838  -9.05649e-15  5.79085e-12
21.0961  -8.83886e-15  5.61971e-12
21.1083  -8.60435e-15  5.45122e-12
21.1204  -8.3595e-15  5.28433e-12
21.1325  -8.11881e-15  5.11948e-12
21.1444  -7.89631e-15  4.95822e-12
21.1563  -7.69737e-15  4.8022e-12
21.1681  -7.51558e-15  4.65217e-12
21.1799  -7.33659e-15  4.50758e-12
21.1915  -7.14651e-15  4.36683e-12
21.2031  -6.93993e-15  4.22817e-12
21.2146  -6.72292e-15  4.09069e-12
21.226  -6.50942e-15  3.95478e-12
21.2373  -6.31309e-15  3.82182e-12
21.2485  -6.13937e-15  3.69329e-12
21.2597  -5.98232e-15  3.56986e-12
21.2707  -5.82815e-15  3.45103e-12
21.2817  -5.66331e-15  3.3354e-12
21.2926  -5.48232e-15  3.22142e-12
21.3034  -5.29081e-15  3.10828e-12
21.3142  -5.10217e-15  2.99635e-12
21.3249  -4.92975e-15  2.88686e-12
21.3354  -4.77906e-15  2.78113e-12
21.3459  -4.64459e-15  2.67976e-12
21.3563  -4.5131e-15  2.58231e-12
21.3667  -4.37134e-15  2.48753e-12
21.3769  -4.21377e-15  2.39404e-12
21.3871  -4.04557e-15  2.30114e-12
21.3972  -3.87963e-15  2.20916e-12
21.4072  -3.729e-15  2.1192e-12
21.4171  -3.59929e-15  2.03246e-12
21.4269  -3.48539e-15  1.94946e-12
21.4367  -3.37457e-15  1.86981e-12
21.4464  -3.25388e-15  1.79239e-12
21.4559  -3.11768e-15  1.71598e-12
21.4654  -2.97075e-15  1.63995e-12
21.4749  -2.82549e-15  1.56461e-12
21.4842  -2.69467e-15  1.49097e-12
21.4935  -2.584e-15  1.42008e-12
21.5026  -2.48878e-15  1.35243e-12
21.5117  -2.39675e-15  1.28765e-12
21.5207  -2.29525e-15  1.22473e-12
21.5297  -2.17851e-15  1.16259e-12
21.5385  -2.05092e-15  1.10067e-12
21.5473  -1.92443e-15  1.03926e-12
21.5559  -1.81156e-15  9.79273e-13
21.5645  -1.71812e-15  9.2166e-13
21.5731  -1.63982e-15  8.66854e-13
21.5815  -1.56482e-15  8.14519e-13
21.5898  -1.48072e-15  7.63739e-13
21.5981  -1.38164e-15  7.13535e-13
21.6063  -1.27159e-15  6.63428e-13
21.6144  -1.16208e-15  6.13693e-13
21.6224  -1.06541e-15  5.65155e-13
21.6303  -9.87498e-16  5.18677e-13
21.6381  -9.24422e-16  4.74642e-13
21.6459  -8.64796e-16  4.32736e-13
21.6536  -7.96425e-16  3.92124e-13
21.6612  -7.13321e-16  3.51927e-13
21.6687  -6.19103e-16  3.11725e-13
21.6761  -5.24874e-16  2.71778e-13
21.6835  -4.42747e-16  2.32846e-13
21.6907  -3.78747e-16  1.95711e-13
21.6979  -3.29324e-16  1.60712e-13
21.705  -2.83499e-16  1.27549e-13
21.712  -2.29278e-16  9.54562e-14
21.7189  -1.60546e-16  6.36423e-14
21.7258  -8.05465e-17  3.17391e-14
21.7325  0  0
21.7392  0  0
21.7458  0  0
21.7523  0  0
21.7587  0  0
21.765  0  0
21.7713  0  0
21.7775  0  0
21.7836  0  0
21.7896  0  0
21.7955  0  0
21.8013  0  0
21.8071  0  0
21.8127  0  0
21.8183  0  0
21.8238  0  0
21.8292  0  0
21.8345  0  0
21.8398  0  0
21.845  0  0
21.85  0  0
21.855  0  0
21.8599  0  0
21.8648  0  0
21.8695  0  0
21.8742  0  0
21.8787  0  0
21.8832  0  0
21.8876  0  0
21.8919  0  0
21.8962  0  0
21.9003  0  0
21.9044  0  0
21.9084  0  0
21.9123  0  0
21.9161  0  0
21.9198  0  0
21.9234  0  0
21.927  0  0
21.9305  0  0
21.9339  0  0
21.9372  0  0
21.9404  0  0
21.9435  0  0
21.9466  0  0
21.9495  0  0
21.9524  0  0
21.9552  0  0
21.9579  0  0
21.9606  0  0
21.9631  0  0
21.9656  0  0
21.9679  0  0
21.9702  0  0
21.9724  0  0
21.9745  0  0
21.9766  0  0
21.9785  0  0
21.9804  0  0
21.9822  0  0
21.9839  0  0
21.9855  0  0
21.987  0  0
21.9885  0  0
21.9898  0  0
21.9911  0  0
21.9923  0  0
21.9934  0  0
21.9944  0  0
21.9953  0  0
21.9962  0  0
21.9969  0  0
21.9976  0  0
21.9982  0  0
21.9987  0  0
21.9991  0  0
21.9995  0  0
21.9997  0  0
21.9999  0  0
22  0  0
