10  0.309421  0.309421
9.99999  0.103146  0.103146
9.99997  0.0618938  0.0618938
9.99994  0.0442144  0.0442144
9.9999  0.034392  0.034392
9.99985  0.0281411  0.0281411
9.9998  0.0238139  0.0238139
9.99973  0.0206414  0.0206414
9.99965  0.0182165  0.0182165
9.99957  0.016303  0.016303
9.99947  0.0147545  0.0147545
9.99936  0.0134753  0.0134753
9.99925  0.0124006  0.0124006
9.99912  0.011485  0.011485
9.99899  0.0106959  0.0106959
9.99884  0.0100091  0.0100091
9.99869  0.00940607  0.00940607
9.99852  0.00887244  0.00887244
9.99835  0.00839673  0.00839673
9.99817  0.00796982  0.00796982
9.99797  0.00758444  0.00758444
9.99777  0.00723489  0.00723489
9.99756  0.00691656  0.00691656
9.99734  0.00662565  0.00662565
9.99711  0.00635886  0.00635886
9.99687  0.00611329  0.00611329
9.99662  0.00588639  0.00588639
9.99636  0.00567597  0.00567597
9.99609  0.00548025  0.00548025
9.99581  0.00529781  0.00529781
9.99552  0.00512747  0.00512747
9.99522  0.00496821  0.00496821
9.99491  0.00481903  0.00481903
9.99459  0.00467896  0.00467896
9.99426  0.00454708  0.00454708
9.99393  0.0044226  0.0044226
9.99358  0.0043049  0.0043049
9.99322  0.00419351  0.00419351
9.99286  0.00408805  0.00408805
9.99248  0.00398816  0.00398816
9.9921  0.00389341  0.00389341
9.9917  0.00380337  0.00380337
9.9913  0.00371759  0.00371759
9.99088  0.00363573  0.00363573
9.99046  0.00355753  0.00355753
9.99002  0.00348282  0.00348282
9.98958  0.00341147  0.00341147
9.98913  0.00334332  0.00334332
9.98867  0.00327816  0.00327816
9.98819  0.00321571  0.00321571
9.98771  0.00315574  0.00315574
9.98722  0.00309807  0.00309807
9.98672  0.00304259  0.00304259
9.98621  0.00298926  0.00298926
9.98569  0.00293805  0.00293805
9.98516  0.00288885  0.00288885
9.98462  0.00284153  0.00284153
9.98407  0.00279591  0.00279591
9.98351  0.00275183  0.00275183
9.98294  0.00270919  0.00270919
9.98237  0.00266798  0.00266798
9.98178  0.00262821  0.00262821
9.98118  0.00258987  0.00258987
9.98057  0.0025529  0.0025529
9.97996  0.00251718  0.00251718
9.97933  0.00248257  0.00248257
9.9787  0.00244896  0.00244896
9.97805  0.00241632  0.00241632
9.9774  0.00238465  0.00238465
9.97673  0.00235402  0.00235402
9.97606  0.00232442  0.00232442
9.97537  0.0022958  0.0022958
9.97468  0.00226805  0.00226805
9.97398  0.00224105  0.00224105
9.97326  0.00221471  0.00221471
9.97254  0.00218903  0.00218903
9.97181  0.00216407  0.00216407
9.97107  0.0021399  0.0021399
9.97032  0.00211652  0.00211652
9.96956  0.00209387  0.00209387
9.96879  0.00207184  0.00207184
9.96801  0.00205031  0.00205031
9.96722  0.00202922  0.00202922
9.96642  0.00200861  0.00200861
9.96561  0.00198854  0.00198854
9.96479  0.00196911  0.00196911
9.96396  0.00195031  0.00195031
9.96313  0.00193209  0.00193209
9.96228  0.0019143  0.0019143
9.96142  0.00189685  0.00189685
9.96056  0.00187969  0.00187969
9.95968  0.00186288  0.00186288
9.95879  0.0018465  0.0018465
9.9579  0.00183065  0.00183065
9.95699  0.00181535  0.00181535
9.95608  0.0018005  0.0018005
9.95516  0.00178596  0.00178596
9.95422  0.00177164  0.00177164
9.95328  0.00175749  0.00175749
9.95233  0.0017436  0.0017436
9.95136  0.00173007  0.00173007
9.95039  0.00171702  0.00171702
9.94941  0.00170443  0.00170443
9.94842  0.00169223  0.00169223
9.94742  0.00168025  0.00168025
9.94641  0.00166837  0.00166837
9.94539  0.00165659  0.00165659
9.94436  0.001645  0.001645
9.94332  0.00163373  0.00163373
9.94227  0.00162289  0.00162289
9.94121  0.00161249  0.00161249
9.94015  0.0016024  0.0016024
9.93907  0.00159246  0.00159246
9.93798  0.00158255  0.00158255
9.93689  0.00157267  0.00157267
9.93578  0.00156292  0.00156292
9.93466  0.00155347  0.00155347
9.93354  0.00154444  0.00154444
9.9324  0.00153581  0.00153581
9.93126  0.00152745  0.00152745
9.93011  0.00151919  0.00151919
9.92894  0.00151088  0.00151088
9.92777  0.00150255  0.00150255
9.92659  0.00149431  0.00149431
9.9254  0.00148635  0.00148635
9.92419  0.00147881  0.00147881
9.92298  0.00147165  0.00147165
9.92176  0.00146474  0.00146474
9.92053  0.00145786  0.00145786
9.91929  0.00145089  0.00145089
9.91804  0.00144383  0.00144383
9.91678  0.00143685  0.00143685
9.91551  0.00143014  0.00143014
9.91423  0.00142385  0.00142385
9.91295  0.00141794  0.00141794
9.91165  0.00141225  0.00141225
9.91034  0.00140655  0.00140655
9.90903  0.0014007  0.0014007
9.9077  0.00139472  0.00139472
9.90636  0.00138879  0.00138879
9.90502  0.00138314  0.00138314
9.90366  0.00137791  0.00137791
9.9023  0.00137308  0.00137308
9.90093  0.00136844  0.00136844
9.89954  0.00136375  0.00136375
9.89815  0.00135886  0.00135886
9.89675  0.0013538  0.0013538
9.89534  0.00134876  0.00134876
9.89392  0.00134402  0.00134402
9.89248  0.00133972  0.00133972
9.89104  0.00133583  0.00133583
9.88959  0.00133211  0.00133211
9.88813  0.00132831  0.00132831
9.88666  0.00132425  0.00132425
9.88519  0.00131997  0.00131997
9.8837  0.00131572  0.00131572
9.8822  0.00131177  0.00131177
9.88069  0.00130829  0.00130829
9.87918  0.00130522  0.00130522
9.87765  0.00130233  0.00130233
9.87611  0.00129931  0.00129931
9.87457  0.00129598  0.00129598
9.87301  0.00129239  0.00129239
9.87145  0.00128882  0.00128882
9.86988  0.00128556  0.00128556
9.86829  0.00128281  0.00128281
9.8667  0.0012805  0.0012805
9.8651  0.00127835  0.00127835
9.86349  0.00127603  0.00127603
9.86186  0.00127335  0.00127335
9.86023  0.00127037  0.00127037
9.85859  0.0012674  0.0012674
9.85694  0.00126476  0.00126476
9.85528  0.00126267  0.00126267
9.85361  0.00126105  0.00126105
9.85194  0.00125958  0.00125958
9.85025  0.0012579  0.0012579
9.84855  0.00125581  0.00125581
9.84684  0.00125338  0.00125338
9.84513  0.00125094  0.00125094
9.8434  0.00124887  0.00124887
9.84167  0.00124739  0.00124739
9.83992  0.0012464  0.0012464
9.83817  0.00124557  0.00124557
9.8364  0.00124448  0.00124448
9.83463  0.00124293  0.00124293
9.83285  0.00124099  0.00124099
9.83105  0.00123903  0.00123903
9.82925  0.00123748  0.00123748
9.82744  0.00123657  0.00123657
9.82562  0.00123619  0.00123619
9.82379  0.00123596  0.00123596
9.82195  0.00123543  0.00123543
9.8201  0.00123437  0.00123437
9.81824  0.00123288  0.00123288
9.81638  0.00123136  0.00123136
9.8145  0.0012303  0.0012303
9.81261  0.00122992  0.00122992
9.81072  0.00123012  0.00123012
9.80881  0.00123047  0.00123047
9.80689  0.00123047  0.00123047
9.80497  0.00122987  0.00122987
9.80304  0.0012288  0.0012288
9.80109  0.00122769  0.00122769
9.79914  0.00122708  0.00122708
9.79718  0.00122722  0.00122722
9.7952  0.00122798  0.00122798
9.79322  0.0012289  0.0012289
9.79123  0.00122941  0.00122941
9.78923  0.00122925  0.00122925
9.78722  0.00122856  0.00122856
9.7852  0.00122784  0.00122784
9.78317  0.00122766  0.00122766
9.78114  0.0012283  0.0012283
9.77909  0.00122963  0.00122963
9.77703  0.0012311  0.0012311
9.77497  0.00123212  0.00123212
9.77289  0.00123238  0.00123238
9.7708  0.00123205  0.00123205
9.76871  0.00123169  0.00123169
9.76661  0.00123192  0.00123192
9.76449  0.00123307  0.00123307
9.76237  0.00123495  0.00123495
9.76024  0.00123698  0.00123698
9.7581  0.0012385  0.0012385
9.75594  0.00123918  0.00123918
9.75378  0.0012392  0.0012392
9.75161  0.00123918  0.00123918
9.74944  0.00123982  0.00123982
9.74725  0.00124146  0.00124146
9.74505  0.00124391  0.00124391
9.74284  0.00124651  0.00124651
9.74062  0.00124854  0.00124854
9.7384  0.00124962  0.00124962
9.73616  0.00124997  0.00124997
9.73392  0.00125028  0.00125028
9.73166  0.00125132  0.00125132
9.7294  0.00125347  0.00125347
9.72713  0.00125651  0.00125651
9.72484  0.00125969  0.00125969
9.72255  0.00126223  0.00126223
9.72025  0.00126371  0.00126371
9.71794  0.00126438  0.00126438
9.71562  0.00126502  0.00126502
9.71329  0.00126646  0.00126646
9.71095  0.00126914  0.00126914
9.7086  0.00127278  0.00127278
9.70625  0.00127657  0.00127657
9.70388  0.00127963  0.00127963
9.7015  0.00128152  0.00128152
9.69912  0.00128251  0.00128251
9.69672  0.00128346  0.00128346
9.69432  0.00128532  0.00128532
9.69191  0.00128853  0.00128853
9.68948  0.00129281  0.00129281
9.68705  0.00129725  0.00129725
9.68461  0.00130085  0.00130085
9.68216  0.00130315  0.00130315
9.6797  0.00130445  0.00130445
9.67723  0.00130572  0.00130572
9.67475  0.001308  0.001308
9.67226  0.00131178  0.00131178
9.66976  0.00131673  0.00131673
9.66726  0.00132185  0.00132185
9.66474  0.00132603  0.00132603
9.66222  0.00132874  0.00132874
9.65968  0.00133036  0.00133036
9.65714  0.00133195  0.00133195
9.65458  0.00133466  0.00133466
9.65202  0.00133905  0.00133905
9.64945  0.00134472  0.00134472
9.64687  0.00135056  0.00135056
9.64428  0.00135535  0.00135535
9.64168  0.0013585  0.0013585
9.63907  0.00136044  0.00136044
9.63645  0.00136235  0.00136235
9.63382  0.00136551  0.00136551
9.63119  0.00137054  0.00137054
9.62854  0.001377  0.001377
9.62588  0.00138362  0.00138362
9.62322  0.00138906  0.00138906
9.62054  0.00139267  0.00139267
9.61786  0.00139492  0.00139492
9.61517  0.00139716  0.00139716
9.61247  0.0014008  0.0014008
9.60976  0.00140653  0.00140653
9.60703  0.00141383  0.00141383
9.60431  0.00142131  0.00142131
9.60157  0.00142744  0.00142744
9.59882  0.00143154  0.00143154
9.59606  0.00143412  0.00143412
9.59329  0.00143669  0.00143669
9.59052  0.00144085  0.00144085
9.58773  0.00144733  0.00144733
9.58494  0.00145556  0.00145556
9.58213  0.00146397  0.00146397
9.57932  0.00147086  0.00147086
9.5765  0.00147546  0.00147546
9.57367  0.00147839  0.00147839
9.57083  0.00148131  0.00148131
9.56798  0.00148601  0.00148601
9.56512  0.00149332  0.00149332
9.56225  0.00150258  0.00150258
9.55937  0.00151201  0.00151201
9.55649  0.00151973  0.00151973
9.55359  0.00152487  0.00152487
9.55068  0.00152815  0.00152815
9.54777  0.00153144  0.00153144
9.54485  0.00153674  0.00153674
9.54191  0.00154495  0.00154495
9.53897  0.00155534  0.00155534
9.53602  0.00156591  0.00156591
9.53306  0.00157453  0.00157453
9.53009  0.00158027  0.00158027
9.52711  0.00158391  0.00158391
9.52412  0.00158759  0.00158759
9.52113  0.00159353  0.00159353
9.51812  0.00160276  0.00160276
9.51511  0.00161441  0.00161441
9.51208  0.00162623  0.00162623
9.50905  0.00163586  0.00163586
9.506  0.00164223  0.00164223
9.50295  0.00164626  0.00164626
9.49989  0.00165035  0.00165035
9.49682  0.001657  0.001657
9.49374  0.00166735  0.00166735
9.49065  0.00168042  0.00168042
9.48755  0.00169365  0.00169365
9.48445  0.00170439  0.00170439
9.48133  0.00171146  0.00171146
9.47821  0.00171589  0.00171589
9.47507  0.00172041  0.00172041
9.47193  0.00172785  0.00172785
9.46878  0.00173946  0.00173946
9.46561  0.00175412  0.00175412
9.46244  0.00176894  0.00176894
9.45926  0.00178092  0.00178092
9.45607  0.00178875  0.00178875
9.45287  0.00179361  0.00179361
9.44967  0.0017986  0.0017986
9.44645  0.00180692  0.00180692
9.44323  0.00181994  0.00181994
9.43999  0.00183641  0.00183641
9.43675  0.00185302  0.00185302
9.43349  0.00186639  0.00186639
9.43023  0.00187505  0.00187505
9.42696  0.00188037  0.00188037
9.42368  0.00188587  0.00188587
9.42039  0.00189516  0.00189516
9.41709  0.00190979  0.00190979
9.41379  0.0019283  0.0019283
9.41047  0.00194695  0.00194695
9.40714  0.00196189  0.00196189
9.40381  0.00197147  0.00197147
9.40047  0.00197729  0.00197729
9.39711  0.00198334  0.00198334
9.39375  0.00199372  0.00199372
9.39038  0.00201019  0.00201019
9.387  0.00203104  0.00203104
9.38361  0.002052  0.002052
9.38021  0.00206872  0.00206872
9.37681  0.00207933  0.00207933
9.37339  0.00208567  0.00208567
9.36997  0.00209232  0.00209232
9.36653  0.00210394  0.00210394
9.36309  0.0021225  0.0021225
9.35964  0.00214604  0.00214604
9.35617  0.00216967  0.00216967
9.3527  0.00218841  0.00218841
9.34922  0.00220016  0.00220016
9.34574  0.00220708  0.00220708
9.34224  0.00221438  0.00221438
9.33873  0.00222741  0.00222741
9.33522  0.00224838  0.00224838
9.33169  0.00227502  0.00227502
9.32816  0.00230171  0.00230171
9.32462  0.00232277  0.00232277
9.32107  0.00233581  0.00233581
9.31751  0.00234334  0.00234334
9.31394  0.00235137  0.00235137
9.31036  0.002366  0.002366
9.30677  0.00238977  0.00238977
9.30318  0.00242  0.00242
9.29957  0.00245024  0.00245024
9.29596  0.00247396  0.00247396
9.29233  0.00248846  0.00248846
9.2887  0.00249665  0.00249665
9.28506  0.00250548  0.00250548
9.28141  0.00252196  0.00252196
9.27775  0.00254898  0.00254898
9.27408  0.0025834  0.0025834
9.27041  0.00261777  0.00261777
9.26672  0.00264456  0.00264456
9.26303  0.00266072  0.00266072
9.25932  0.00266963  0.00266963
9.25561  0.00267935  0.00267935
9.25189  0.00269798  0.00269798
9.24816  0.00272879  0.00272879
9.24442  0.00276812  0.00276812
9.24067  0.00280732  0.00280732
9.23692  0.00283768  0.00283768
9.23315  0.00285573  0.00285573
9.22938  0.00286543  0.00286543
9.22559  0.00287615  0.00287615
9.2218  0.00289727  0.00289727
9.218  0.00293254  0.00293254
9.21419  0.00297767  0.00297767
9.21037  0.00302254  0.00302254
9.20654  0.00305709  0.00305709
9.2027  0.0030773  0.0030773
9.19886  0.00308786  0.00308786
9.195  0.00309971  0.00309971
9.19114  0.00312374  0.00312374
9.18727  0.0031643  0.0031643
9.18338  0.00321629  0.00321629
9.17949  0.00326789  0.00326789
9.1756  0.00330736  0.00330736
9.17169  0.00333007  0.00333007
9.16777  0.00334156  0.00334156
9.16385  0.00335469  0.00335469
9.15991  0.00338217  0.00338217
9.15597  0.00342901  0.00342901
9.15202  0.00348919  0.00348919
9.14806  0.00354881  0.00354881
9.14409  0.0035941  0.0035941
9.14011  0.00361971  0.00361971
9.13612  0.00363224  0.00363224
9.13212  0.00364681  0.00364681
9.12812  0.00367838  0.00367838
9.12411  0.00373277  0.00373277
9.12008  0.00380278  0.00380278
9.11605  0.00387201  0.00387201
9.11201  0.00392425  0.00392425
9.10796  0.00395325  0.00395325
9.10391  0.00396691  0.00396691
9.09984  0.00398314  0.00398314
9.09576  0.00401961  0.00401961
9.09168  0.0040831  0.0040831
9.08759  0.00416501  0.00416501
9.08349  0.00424585  0.00424585
9.07938  0.00430642  0.00430642
9.07526  0.00433942  0.00433942
9.07113  0.00435432  0.00435432
9.06699  0.00437248  0.00437248
9.06285  0.00441485  0.00441485
9.05869  0.00448942  0.00448942
9.05453  0.00458584  0.00458584
9.05036  0.00468081  0.00468081
9.04618  0.00475147  0.00475147
9.04199  0.00478922  0.00478922
9.03779  0.00480549  0.00480549
9.03359  0.00482587  0.00482587
9.02937  0.00487542  0.00487542
9.02515  0.0049636  0.0049636
9.02092  0.00507785  0.00507785
9.01667  0.00519016  0.00519016
9.01243  0.00527314  0.00527314
9.00817  0.00531657  0.00531657
9.0039  0.00533434  0.00533434
8.99962  0.00535734  0.00535734
8.99534  0.00541571  0.00541571
8.99105  0.00552072  0.00552072
8.98674  0.00565708  0.00565708
8.98243  0.00579087  0.00579087
8.97812  0.00588903  0.00588903
8.97379  0.00593932  0.00593932
8.96945  0.00595875  0.00595875
8.96511  0.00598485  0.00598485
8.96075  0.00605415  0.00605415
8.95639  0.00618021  0.00618021
8.95202  0.00634425  0.00634425
8.94764  0.00650491  0.00650491
8.94325  0.00662195  0.00662195
8.93885  0.00668062  0.00668062
8.93445  0.00670187  0.00670187
8.93003  0.00673168  0.00673168
8.92561  0.0068147  0.0068147
8.92118  0.00696733  0.00696733
8.91674  0.00716641  0.00716641
8.91229  0.00736103  0.00736103
8.90784  0.00750184  0.00750184
8.90337  0.00757085  0.00757085
8.8989  0.0075941  0.0075941
8.89441  0.0076284  0.0076284
8.88992  0.0077288  0.0077288
8.88542  0.00791542  0.00791542
8.88091  0.00815933  0.00815933
8.8764  0.00839741  0.00839741
8.87187  0.00856848  0.00856848
8.86734  0.00865043  0.00865043
8.86279  0.00867588  0.00867588
8.85824  0.00871568  0.00871568
8.85368  0.00883843  0.00883843
8.84911  0.00906901  0.00906901
8.84454  0.00937107  0.00937107
8.83995  0.00966546  0.00966546
8.83536  0.0098756  0.0098756
8.83076  0.00997396  0.00997396
8.82614  0.0100018  0.0100018
8.82153  0.0100485  0.0100485
8.8169  0.0102003  0.0102003
8.81226  0.0104886  0.0104886
8.80762  0.0108672  0.0108672
8.80296  0.0112356  0.0112356
8.7983  0.0114969  0.0114969
8.79363  0.0116165  0.0116165
8.78895  0.0116469  0.0116469
8.78426  0.0117022  0.0117022
8.77957  0.0118927  0.0118927
8.77486  0.0122579  0.0122579
8.77015  0.0127386  0.0127386
8.76543  0.0132061  0.0132061
8.7607  0.0135356  0.0135356
8.75596  0.0136829  0.0136829
8.75122  0.0137162  0.0137162
8.74646  0.0137827  0.0137827
8.7417  0.0140251  0.0140251
8.73693  0.0144948  0.0144948
8.73215  0.0151145  0.0151145
8.72736  0.0157167  0.0157167
8.72256  0.0161389  0.0161389
8.71776  0.0163234  0.0163234
8.71294  0.0163596  0.0163596
8.70812  0.0164409  0.0164409
8.70329  0.0167549  0.0167549
8.69845  0.0173692  0.0173692
8.6936  0.0181818  0.0181818
8.68875  0.0189713  0.0189713
8.68388  0.0195222  0.0195222
8.67901  0.0197577  0.0197577
8.67413  0.019797  0.019797
8.66924  0.0198983  0.0198983
8.66434  0.0203129  0.0203129
8.65944  0.021132  0.021132
8.65452  0.0222189  0.0222189
8.6496  0.0232749  0.0232749
8.64467  0.0240089  0.0240089
8.63973  0.0243163  0.0243163
8.63478  0.0243587  0.0243587
8.62982  0.024488  0.024488
8.62486  0.025048  0.025048
8.61989  0.0261649  0.0261649
8.61491  0.0276521  0.0276521
8.60992  0.0290982  0.0290982
8.60492  0.0301005  0.0301005
8.59991  0.0305125  0.0305125
8.5949  0.0305579  0.0305579
8.58988  0.0307274  0.0307274
8.58485  0.0315041  0.0315041
8.57981  0.0330678  0.0330678
8.57476  0.0351579  0.0351579
8.56971  0.037194  0.037194
8.56464  0.0386028  0.0386028
8.55957  0.0391727  0.0391727
8.55449  0.0392205  0.0392205
8.5494  0.0394504  0.0394504
8.5443  0.0405618  0.0405618
8.5392  0.0428205  0.0428205
8.53409  0.0458541  0.0458541
8.52897  0.0488175  0.0488175
8.52384  0.0508677  0.0508677
8.5187  0.0516865  0.0516865
8.51355  0.0517357  0.0517357
8.5084  0.0520604  0.0520604
8.50324  0.0537114  0.0537114
8.49806  0.0571005  0.0571005
8.49289  0.0616784  0.0616784
8.4877  0.0661695  0.0661695
8.4825  0.0692825  0.0692825
8.4773  0.0705146  0.0705146
8.47209  0.0705629  0.0705629
8.46687  0.0710446  0.0710446
8.46164  0.0736131  0.0736131
8.4564  0.0789429  0.0789429
8.45116  0.0861949  0.0861949
8.44591  0.0933529  0.0933529
8.44065  0.0983363  0.0983363
8.43538  0.1003  0.1003
8.4301  0.100343  0.100343
8.42482  0.101102  0.101102
8.41952  0.105336  0.105336
8.41422  0.114234  0.114234
8.40891  0.126456  0.126456
8.4036  0.138625  0.138625
8.39827  0.147161  0.147161
8.39294  0.150528  0.150528
8.3876  0.150552  0.150552
8.38225  0.151842  0.151842
8.37689  0.159372  0.159372
8.37152  0.175438  0.175438
8.36615  0.197791  0.197791
8.36077  0.220323  0.220323
8.35538  0.236314  0.236314
8.34998  0.242666  0.242666
8.34457  0.242633  0.242633
8.33916  0.245052  0.245052
8.33374  0.259889  0.259889
8.32831  0.292192  0.292192
8.32287  0.337952  0.337952
8.31742  0.384911  0.384911
8.31197  0.418838  0.418838
8.30651  0.432508  0.432508
8.30104  0.43227  0.43227
8.29556  0.437464  0.437464
8.29007  0.471353  0.471353
8.28458  0.547295  0.547295
8.27907  0.657807  0.657807
8.27356  0.774358  0.774358
8.26805  0.860955  0.860955
8.26252  0.896734  0.896734
8.25699  0.895599  0.895599
8.25144  0.909332  0.909332
8.24589  1.00693  1.00693
8.24033  1.23578  1.23578
8.23477  1.5839  1.5839
8.2292  1.96849  1.96849
8.22361  2.26863  2.26863
8.21802  2.39884  2.39884
8.21243  2.39265  2.39265
8.20682  2.44603  2.44603
8.20121  2.87378  2.87378
8.19559  3.96466  3.96466
8.18996  5.7787  5.7787
8.18432  7.99115  7.99115
8.17867  9.92305  9.92305
8.17302  10.8805  10.8805
8.16736  10.8419  10.8419
8.16169  11.397  11.397
8.15601  16.6951  16.6951
8.15033  34.0568  34.0568
8.14464  73.8979  73.8979
8.13894  148.735  148.735
8.13323  271.274  271.274
8.12751  451.879  451.879
8.12179  695.958  695.958
8.11606  1001.95  1001.95
8.11032  1360.54  1360.54
8.10457  1755.4  1755.4
8.09882  2165.54  2165.54
8.09305  2568.7  2568.7
8.08728  2945.03  2945.03
8.08151  3280.17  3280.17
8.07572  3567.03  3567.03
8.06993  3805.77  3805.77
8.06412  4002.11  4002.11
8.05831  4164.56  4164.56
8.0525  4301.4  4301.4
8.04667  4418.13  4418.13
8.04084  4516.29  4516.29
8.035  4593.69  4593.69
8.02915  4645.91  4645.91
8.02329  4668.49  4668.49
8.01743  4659.12  4659.12
8.01156  4619.07  4619.07
8.00568  4553.52  4553.52
7.99979  4470.88  4470.88
7.9939  4381.2  4381.2
7.988  4294.43  4294.43
7.98209  4218.86  4218.86
7.97617  4160.28  4160.28
7.97024  4121.85  4121.85
7.96431  4104.53  4104.53
7.95837  4107.86  4107.86
7.95242  4130.61  4130.61
7.94646  4171.14  4171.14
7.9405  4227.42  4227.42
7.93453  4296.74  4296.74
7.92855  4375.42  4375.42
7.92256  4458.69  4458.69
7.91657  4540.99  4540.99
7.91057  4616.5  4616.5
7.90456  4680.02  4680.02
7.89854  4727.72  4727.72
7.89252  4757.74  4757.74
7.88648  4770.41  4770.41
7.88044  4767.98  4767.98
7.8744  4754.13  4754.13
7.86834  4733.22  4733.22
7.86228  4709.51  4709.51
7.85621  4686.64  4686.64
7.85013  4667.21  4667.21
7.84404  4652.69  4652.69
7.83795  4643.5  4643.5
7.83185  4639.28  4639.28
7.82574  4639.14  4639.14
7.81963  4641.98  4641.98
7.8135  4646.71  4646.71
7.80737  4652.33  4652.33
7.80123  4657.98  4657.98
7.79509  4662.82  4662.82
7.78893  4665.92  4665.92
7.78277  4666.12  4666.12
7.77661  4662  4662
7.77043  4652.02  4652.02
7.76425  4634.66  4634.66
7.75806  4608.9  4608.9
7.75186  4574.59  4574.59
7.74565  4532.82  4532.82
7.73944  4486.11  4486.11
7.73322  4438.39  4438.39
7.72699  4394.61  4394.61
7.72075  4360.1  4360.1
7.71451  4339.78  4339.78
7.70826  4337.23  4337.23
7.702  4354.01  4354.01
7.69574  4389.2  4389.2
7.68946  4439.42  4439.42
7.68318  4499.29  4499.29
7.6769  4562.35  4562.35
7.6706  4622.23  4622.23
7.6643  4673.79  4673.79
7.65799  4714.06  4714.06
7.65167  4742.66  4742.66
7.64535  4761.69  4761.69
7.63902  4774.99  4774.99
7.63268  4787.08  4787.08
7.62633  4802.05  4802.05
7.61998  4822.62  4822.62
7.61362  4849.66  4849.66
7.60725  4882.23  4882.23
7.60087  4918.11  4918.11
7.59449  4954.51  4954.51
7.5881  4988.77  4988.77
7.5817  5018.91  5018.91
7.57529  5043.73  5043.73
7.56888  5062.81  5062.81
7.56246  5076.12  5076.12
7.55603  5083.83  5083.83
7.5496  5086.06  5086.06
7.54316  5082.86  5082.86
7.53671  5074.18  5074.18
7.53025  5059.92  5059.92
7.52379  5039.91  5039.91
7.51732  5013.85  5013.85
7.51084  4981.38  4981.38
7.50436  4942.29  4942.29
7.49786  4896.9  4896.9
7.49136  4846.62  4846.62
7.48486  4794.4  4794.4
7.47834  4744.9  4744.9
7.47182  4704.03  4704.03
7.46529  4678.04  4678.04
7.45876  4672.03  4672.03
7.45221  4688.49  4688.49
7.44566  4726.12  4726.12
7.43911  4779.58  4779.58
7.43254  4840.05  4840.05
7.42597  4896.86  4896.86
7.41939  4939.57  4939.57
7.41281  4960.1  4960.1
7.40621  4954.38  4954.38
7.39961  4923.03  4923.03
7.39301  4871.03  4871.03
7.38639  4806.56  4806.56
7.37977  4739.18  4739.18
7.37314  4678.12  4678.12
7.36651  4630.77  4630.77
7.35986  4601.82  4601.82
7.35321  4593  4593
7.34656  4603.45  4603.45
7.33989  4630.35  4630.35
7.33322  4669.74  4669.74
7.32654  4717.33  4717.33
7.31986  4768.95  4768.95
7.31317  4820.88  4820.88
7.30647  4869.9  4869.9
7.29976  4913.08  4913.08
7.29305  4947.6  4947.6
7.28633  4970.66  4970.66
7.2796  4979.52  4979.52
7.27286  4971.9  4971.9
7.26612  4946.6  4946.6
7.25937  4904.25  4904.25
7.25262  4847.82  4847.82
7.24585  4782.85  4782.85
7.23909  4717.02  4717.02
7.23231  4659.15  4659.15
7.22553  4617.7  4617.7
7.21873  4599.22  4599.22
7.21194  4607  4607
7.20513  4640.43  4640.43
7.19832  4695.1  4695.1
7.1915  4763.67  4763.67
7.18468  4837.26  4837.26
7.17785  4906.97  4906.97
7.17101  4965.15  4965.15
7.16416  5006.24  5006.24
7.15731  5027.12  5027.12
7.15045  5027.02  5027.02
7.14358  5007.26  5007.26
7.13671  4970.86  4970.86
7.12983  4922.26  4922.26
7.12294  4866.93  4866.93
7.11605  4810.96  4810.96
7.10915  4760.34  4760.34
7.10224  4720.31  4720.31
7.09532  4694.48  4694.48
7.0884  4684.4  4684.4
7.08147  4689.45  4689.45
7.07454  4707.27  4707.27
7.0676  4734.7  4734.7
7.06065  4768.7  4768.7
7.05369  4807.15  4807.15
7.04673  4849.1  4849.1
7.03976  4894.36  4894.36
7.03278  4942.6  4942.6
7.0258  4992.37  4992.37
7.01881  5040.45  5040.45
7.01182  5081.92  5081.92
7.00481  5111.08  5111.08
6.9978  5123.02  5123.02
6.99079  5115.28  5115.28
6.98376  5089.17  5089.17
6.97673  5050.08  5050.08
6.9697  5006.62  5006.62
6.96265  4968.77  4968.77
6.9556  4945.49  4945.49
6.94855  4942.48  4942.48
6.94148  4960.85  4960.85
6.93441  4996.89  4996.89
6.92733  5043.22  5043.22
6.92025  5090.74  5090.74
6.91316  5130.87  5130.87
6.90606  5157.43  5157.43
6.89896  5167.58  5167.58
6.89185  5161.75  5161.75
6.88473  5142.59  5142.59
6.87761  5113.6  5113.6
6.87048  5077.71  5077.71
6.86334  5036.58  5036.58
6.8562  4990.54  4990.54
6.84905  4939.24  4939.24
6.84189  4882.69  4882.69
6.83473  4822.1  4822.1
6.82756  4760.29  4760.29
6.82038  4701.46  4701.46
6.8132  4650.28  4650.28
6.80601  4610.74  4610.74
6.79881  4585.17  4585.17
6.79161  4573.65  4573.65
6.7844  4574.2  4574.2
6.77719  4583.57  4583.57
6.76996  4598.44  4598.44
6.76274  4616.5  4616.5
6.7555  4637.23  4637.23
6.74826  4661.95  4661.95
6.74101  4693.15  4693.15
6.73375  4733.49  4733.49
6.72649  4784.54  4784.54
6.71923  4845.98  4845.98
6.71195  4915.19  4915.19
6.70467  4987.7  4987.7
6.69738  5058.03  5058.03
6.69009  5120.82  5120.82
6.68279  5171.85  5171.85
6.67548  5208.63  5208.63
6.66817  5230.47  5230.47
6.66085  5238.11  5238.11
6.65353  5233.04  5233.04
6.64619  5216.92  5216.92
6.63885  5191.2  5191.2
6.63151  5157.14  5157.14
6.62416  5116.1  5116.1
6.6168  5069.99  5069.99
6.60944  5021.51  5021.51
6.60207  4974.17  4974.17
6.59469  4931.89  4931.89
6.5873  4898.43  4898.43
6.57992  4876.71  4876.71
6.57252  4868.39  4868.39
6.56512  4873.83  4873.83
6.55771  4892.33  4892.33
6.55029  4922.65  4922.65
6.54287  4963.48  4963.48
6.53544  5013.58  5013.58
6.52801  5071.59  5071.59
6.52057  5135.45  5135.45
6.51312  5201.84  5201.84
6.50567  5265.88  5265.88
6.49821  5321.4  5321.4
6.49075  5362.04  5362.04
6.48328  5382.82  5382.82
6.4758  5381.91  5381.91
6.46831  5361.85  5361.85
6.46082  5329.88  5329.88
6.45333  5296.86  5296.86
6.44582  5275.01  5275.01
6.43832  5274.84  5274.84
6.4308  5302.21  5302.21
6.42328  5356.23  5356.23
6.41575  5428.8  5428.8
6.40822  5506.07  5506.07
6.40068  5571.44  5571.44
6.39313  5609.54  5609.54
6.38558  5610.07  5610.07
6.37802  5570.42  5570.42
6.37046  5496.5  5496.5
6.36289  5401.42  5401.42
6.35531  5302.4  5302.4
6.34773  5216.68  5216.68
6.34014  5157.6  5157.6
6.33254  5131.71  5131.71
6.32494  5137.62  5137.62
6.31733  5166.85  5166.85
6.30972  5206.33  5206.33
6.3021  5241.77  5241.77
6.29448  5261.1  5261.1
6.28684  5257.03  5257.03
6.27921  5228.36  5228.36
6.27156  5179.59  5179.59
6.26391  5119.39  5119.39
6.25626  5058.21  5058.21
6.24859  5005.92  5005.92
6.24093  4969.89  4969.89
6.23325  4954.13  4954.13
6.22557  4959.33  4959.33
6.21789  4983.72  4983.72
6.2102  5024.31  5024.31
6.2025  5077.99  5077.99
6.19479  5142.12  5142.12
6.18708  5214.43  5214.43
6.17937  5292.36  5292.36
6.17165  5372.26  5372.26
6.16392  5448.64  5448.64
6.15618  5514.24  5514.24
6.14845  5560.79  5560.79
6.1407  5580.58  5580.58
6.13295  5568.36  5568.36
6.12519  5523.1  5523.1
6.11743  5448.95  5448.95
6.10966  5355.05  5355.05
6.10188  5254.17  5254.17
6.0941  5160.36  5160.36
6.08632  5086.21  5086.21
6.07852  5040.54  5040.54
6.07072  5026.95  5026.95
6.06292  5043.76  5043.76
6.05511  5085.1  5085.1
6.04729  5142.9  5142.9
6.03947  5209.1  5209.1
6.03164  5277.35  5277.35
6.02381  5343.84  5343.84
6.01597  5407.09  5407.09
6.00813  5466.89  5466.89
6.00028  5522.97  5522.97
5.99242  5573.86  5573.86
5.98456  5616.49  5616.49
5.97669  5646.7  5646.7
5.96881  5660.45  5660.45
5.96094  5655.33  5655.33
5.95305  5631.89  5631.89
5.94516  5594.14  5594.14
5.93726  5549.02  5549.02
5.92936  5505  5505
5.92145  5469.92  5469.92
5.91354  5448.95  5448.95
5.90562  5443.05  5443.05
5.89769  5448.48  5448.48
5.88976  5457.65  5457.65
5.88182  5461.01  5461.01
5.87388  5449.62  5449.62
5.86593  5417.73  5417.73
5.85798  5364.63  5364.63
5.85002  5295.41  5295.41
5.84205  5220.1  5220.1
5.83408  5151.7  5151.7
5.82611  5103.21  5103.21
5.81812  5084.61  5084.61
5.81014  5100.46  5100.46
5.80214  5148.71  5148.71
5.79415  5221.11  5221.11
5.78614  5305.09  5305.09
5.77813  5386.71  5386.71
5.77012  5453.77  5453.77
5.76209  5498.53  5498.53
5.75407  5519.18  5519.18
5.74604  5519.7  5519.7
5.738  5508.32  5508.32
5.72995  5494.99  5494.99
5.72191  5488.46  5488.46
5.71385  5494.05  5494.05
5.70579  5512.4  5512.4
5.69773  5539.72  5539.72
5.68966  5569.27  5569.27
5.68158  5593.7  5593.7
5.6735  5607.39  5607.39
5.66541  5608.26  5608.26
5.65732  5598.48  5598.48
5.64922  5583.86  5583.86
5.64112  5572.25  5572.25
5.63301  5571.27  5571.27
5.62489  5586.12  5586.12
5.61677  5618.05  5618.05
5.60865  5663.78  5663.78
5.60052  5716.24  5716.24
5.59238  5766.1  5766.1
5.58424  5804.04  5804.04
5.57609  5822.85  5822.85
5.56794  5819.12  5819.12
5.55978  5793.88  5793.88
5.55162  5752.32  5752.32
5.54345  5702.43  5702.43
5.53528  5653.1  5653.1
5.5271  5612.18  5612.18
5.51892  5584.88  5584.88
5.51073  5572.98  5572.98
5.50253  5575.02  5575.02
5.49433  5587.41  5587.41
5.48612  5605.94  5605.94
5.47791  5627.47  5627.47
5.4697  5651.02  5651.02
5.46148  5678.04  5678.04
5.45325  5711.76  5711.76
5.44502  5755.68  5755.68
5.43678  5811.71  5811.71
5.42854  5878.58  5878.58
5.42029  5951.05  5951.05
5.41204  6020.22  6020.22
5.40378  6075.12  6075.12
5.39552  6104.97  6104.97
5.38725  6101.92  6101.92
5.37897  6063.07  6063.07
5.3707  5991.58  5991.58
5.36241  5896.22  5896.22
5.35412  5789.62  5789.62
5.34583  5685.47  5685.47
5.33753  5595.66  5595.66
5.32922  5527.77  5527.77
5.32091  5483.88  5483.88
5.3126  5460.83  5460.83
5.30428  5451.75  5451.75
5.29595  5448.58  5448.58
5.28762  5444.65  5444.65
5.27929  5436.74  5436.74
5.27095  5425.95  5425.95
5.2626  5417.24  5417.24
5.25425  5417.78  5417.78
5.2459  5434.57  5434.57
5.23754  5472.07  5472.07
5.22917  5530.51  5530.51
5.2208  5605.27  5605.27
5.21242  5687.58  5687.58
5.20404  5766.43  5766.43
5.19566  5830.97  5830.97
5.18727  5873.09  5873.09
5.17887  5889.24  5889.24
5.17047  5881.24  5881.24
5.16206  5855.76  5855.76
5.15365  5822.63  5822.63
5.14524  5792.45  5792.45
5.13682  5774.02  5774.02
5.12839  5772.37  5772.37
5.11996  5787.74  5787.74
5.11152  5815.84  5815.84
5.10308  5849.33  5849.33
5.09464  5879.97  5879.97
5.08619  5900.99  5900.99
5.07773  5908.93  5908.93
5.06927  5904.47  5904.47
5.06081  5891.99  5891.99
5.05234  5878.09  5878.09
5.04386  5869.53  5869.53
5.03538  5871.16  5871.16
5.0269  5884.61  5884.61
5.01841  5908.07  5908.07
5.00992  5937.29  5937.29
5.00142  5967.31  5967.31
4.99291  5994.56  5994.56
4.9844  6018.32  6018.32
4.97589  6041.2  6041.2
4.96737  6068.3  6068.3
4.95885  6105.33  6105.33
4.95032  6156.17  6156.17
4.94179  6220.83  6220.83
4.93325  6294.28  6294.28
4.92471  6366.89  6366.89
4.91616  6426.15  6426.15
4.90761  6459.57  6459.57
4.89906  6457.71  6457.71
4.89049  6416.7  6416.7
4.88193  6339.52  6339.52
4.87336  6235.65  6235.65
4.86478  6119.3  6119.3
4.8562  6006.64  6006.64
4.84762  5912.66  5912.66
4.83903  5848.46  5848.46
4.83044  5819.5  5819.5
4.82184  5825.03  5825.03
4.81323  5858.79  5858.79
4.80463  5910.56  5910.56
4.79601  5968.35  5968.35
4.7874  6020.57  6020.57
4.77878  6058.01  6058.01
4.77015  6075.15  6075.15
4.76152  6070.76  6070.76
4.75288  6047.74  6047.74
4.74424  6012.2  6012.2
4.7356  5972.06  5972.06
4.72695  5935.35  5935.35
4.7183  5908.66  5908.66
4.70964  5895.9  5895.9
4.70097  5897.78  5897.78
4.69231  5912.13  5912.13
4.68364  5934.89  5934.89
4.67496  5961.66  5961.66
4.66628  5989.26  5989.26
4.65759  6016.95  6016.95
4.6489  6046.87  6046.87
4.64021  6083.61  6083.61
4.63151  6132.8  6132.8
4.62281  6199.3  6199.3
4.6141  6285.31  6285.31
4.60539  6389.03  6389.03
4.59667  6504.25  6504.25
4.58795  6621.13  6621.13
4.57922  6727.96  6727.96
4.57049  6813.48  6813.48
4.56176  6869.31  6869.31
4.55302  6891.64  6891.64
4.54428  6881.97  6881.97
4.53553  6846.54  6846.54
4.52678  6794.64  6794.64
4.51802  6736.25  6736.25
4.50926  6679.7  6679.7
4.5005  6629.86  6629.86
4.49173  6587.52  6587.52
4.48295  6549.97  6549.97
4.47418  6512.72  6512.72
4.46539  6471.69  6471.69
4.45661  6425.34  6425.34
4.44782  6375.89  6375.89
4.43902  6329.36  6329.36
4.43022  6294.09  6294.09
4.42142  6278.4  6278.4
4.41261  6287.73  6287.73
4.4038  6322.4  6322.4
4.39498  6376.51  6376.51
4.38616  6438.63  6438.63
4.37734  6494.01  6494.01
4.36851  6528.05  6528.05
4.35968  6529.96  6529.96
4.35084  6495.73  6495.73
4.342  6429.5  6429.5
4.33315  6342.91  6342.91
4.3243  6252.59  6252.59
4.31545  6176.23  6176.23
4.30659  6128.53  6128.53
4.29773  6117.7  6117.7
4.28886  6143.78  6143.78
4.27999  6198.94  6198.94
4.27111  6269.77  6269.77
4.26223  6340.93  6340.93
4.25335  6399.14  6399.14
4.24446  6436.43  6436.43
4.23557  6451.88  6451.88
4.22668  6451.35  6451.35
4.21778  6445.32  6445.32
4.20887  6445.45  6445.45
4.19997  6460.93  6460.93
4.19105  6495.4  6495.4
4.18214  6545.58  6545.58
4.17322  6601.93  6601.93
4.1643  6651.15  6651.15
4.15537  6680.1  6680.1
4.14644  6679.88  6679.88
4.1375  6649.17  6649.17
4.12856  6595.67  6595.67
4.11962  6535.18  6535.18
4.11067  6488.44  6488.44
4.10172  6476.3  6476.3
4.09276  6514.5  6514.5
4.0838  6609.24  6609.24
4.07484  6754.85  6754.85
4.06587  6934.21  6934.21
4.0569  7121.91  7121.91
4.04793  7289.44  7289.44
4.03895  7411.3  7411.3
4.02996  7470.5  7470.5
4.02098  7462.11  7462.11
4.01199  7394.14  7394.14
4.00299  7285.54  7285.54
3.99399  7161.85  7161.85
3.98499  7049.67  7049.67
3.97598  6971.16  6971.16
3.96697  6939.97  6939.97
3.95796  6959.2  6959.2
3.94894  7021.88  7021.88
3.93992  7113.54  7113.54
3.9309  7216.08  7216.08
3.92187  7311.99  7311.99
3.91283  7387.98  7387.98
3.9038  7437.14  7437.14
3.89476  7459.51  7459.51
3.88571  7460.86  7460.86
3.87666  7450.37  7450.37
3.86761  7437.66  7437.66
3.85856  7430.04  7430.04
3.8495  7430.56  7430.56
3.84044  7437.33  7437.33
3.83137  7444.25  7444.25
3.8223  7442.88  7442.88
3.81322  7425.14  7425.14
3.80415  7385.95  7385.95
3.79507  7325.3  7325.3
3.78598  7249.09  7249.09
3.77689  7168.52  7168.52
3.7678  7098.01  7098.01
3.7587  7052.21  7052.21
3.74961  7042.78  7042.78
3.7405  7075.66  7075.66
3.7314  7149.69  7149.69
3.72229  7256.71  7256.71
3.71317  7383.37  7383.37
3.70405  7513.95  7513.95
3.69493  7633.66  7633.66
3.68581  7731.39  7731.39
3.67668  7801.46  7801.46
3.66755  7843.81  7843.81
3.65841  7862.81  7862.81
3.64928  7865.17  7865.17
3.64013  7857.51  7857.51
3.63099  7844.51  7844.51
3.62184  7828  7828
3.61269  7807.37  7807.37
3.60353  7780.94  7780.94
3.59437  7747.9  7747.9
3.58521  7710.03  7710.03
3.57604  7672.59  7672.59
3.56687  7644.01  7644.01
3.5577  7634.18  7634.18
3.54852  7651.92  7651.92
3.53934  7702.13  7702.13
3.53016  7783.53  7783.53
3.52097  7887.74  7887.74
3.51178  8000.01  8000.01
3.50258  8101.8  8101.8
3.49339  8174.51  8174.51
3.48419  8203.66  8203.66
3.47498  8182.46  8182.46
3.46578  8113.76  8113.76
3.45656  8009.91  8009.91
3.44735  7890.29  7890.29
3.43813  7777.17  7777.17
3.42891  7690.68  7690.68
3.41969  7644.27  7644.27
3.41046  7641.72  7641.72
3.40123  7676.49  7676.49
3.392  7733.72  7733.72
3.38276  7794.34  7794.34
3.37352  7840.24  7840.24
3.36428  7859.27  7859.27
3.35503  7848.72  7848.72
3.34578  7816.27  7816.27
3.33653  7778.25  7778.25
3.32727  7755.51  7755.51
3.31801  7767.98  7767.98
3.30875  7829.31  7829.31
3.29948  7942.96  7942.96
3.29021  8100.67  8100.67
3.28094  8283.84  8283.84
3.27166  8467.4  8467.4
3.26238  8625.26  8625.26
3.2531  8735.99  8735.99
3.24382  8787.44  8787.44
3.23453  8779.2  8779.2
3.22524  8722.33  8722.33
3.21594  8636.65  8636.65
3.20665  8546.08  8546.08
3.19735  8473.45  8473.45
3.18804  8435.81  8435.81
3.17874  8441.38  8441.38
3.16943  8488.85  8488.85
3.16011  8568.89  8568.89
3.1508  8667.47  8667.47
3.14148  8769.99  8769.99
3.13216  8864.97  8864.97
3.12283  8946.46  8946.46
3.1135  9014.57  9014.57
3.10417  9073.88  9073.88
3.09484  9130.66  9130.66
3.0855  9189.54  9189.54
3.07616  9250.89  9250.89
3.06682  9309.86  9309.86
3.05747  9357.37  9357.37
3.04812  9382.96  9382.96
3.03877  9378.7  9378.7
3.02942  9342.95  9342.95
3.02006  9282.81  9282.81
3.0107  9214.24  9214.24
3.00134  9159.73  9159.73
2.99197  9143.71  9143.71
2.9826  9186.93  9186.93
2.97323  9301.02  9301.02
2.96385  9485  9485
2.95448  9724.4  9724.4
2.94509  9993.78  9993.78
2.93571  10261.9  10261.9
2.92632  10498.7  10498.7
2.91694  10682.2  10682.2
2.90754  10803.4  10803.4
2.89815  10868.6  10868.6
2.88875  10897.5  10897.5
2.87935  10918.5  10918.5
2.86995  10960.8  10960.8
2.86054  11048.2  11048.2
2.85113  11192.6  11192.6
2.84172  11392.6  11392.6
2.83231  11635.8  11635.8
2.82289  11903.8  11903.8
2.81347  12180.4  12180.4
2.80405  12457.6  12457.6
2.79462  12739.9  12739.9
2.7852  13043  13043
2.77577  13388.7  13388.7
2.76633  13795  13795
2.7569  14267.5  14267.5
2.74746  14791.2  14791.2
2.73802  15329.2  15329.2
2.72857  15826.9  15826.9
2.71913  16222  16222
2.70968  16458.3  16458.3
2.70023  16498.7  16498.7
2.69077  16334.4  16334.4
2.68132  15987  15987
2.67186  15504  15504
2.6624  14947.2  14947.2
2.65293  14378.7  14378.7
2.64346  13848.1  13848.1
2.634  13383.4  13383.4
2.62452  12989.1  12989.1
2.61505  12650.4  12650.4
2.60557  12342  12342
2.59609  12038.8  12038.8
2.58661  11724.4  11724.4
2.57713  11395.9  11395.9
2.56764  11063.6  11063.6
2.55815  10745.9  10745.9
2.54866  10462.5  10462.5
2.53916  10227.2  10227.2
2.52967  10043.5  10043.5
2.52017  9903.69  9903.69
2.51066  9791.55  9791.55
2.50116  9687.46  9687.46
2.49165  9574.12  9574.12
2.48214  9441.15  9441.15
2.47263  9287.13  9287.13
2.46312  9118.82  9118.82
2.4536  8947.97  8947.97
2.44408  8787.11  8787.11
2.43456  8645.4  8645.4
2.42504  8526.13  8526.13
2.41551  8426.14  8426.14
2.40599  8337.45  8337.45
2.39646  8250.28  8250.28
2.38692  8156.53  8156.53
2.37739  8052.64  8052.64
2.36785  7941.08  7941.08
2.35831  7829.9  7829.9
2.34877  7730.66  7730.66
2.33923  7655.24  7655.24
2.32968  7612.29  7612.29
2.32013  7604.5  7604.5
2.31058  7627.12  7627.12
2.30103  7668.39  7668.39
2.29147  7711.68  7711.68
2.28192  7738.85  7738.85
2.27236  7734.13  7734.13
2.26279  7687.52  7687.52
2.25323  7596.84  7596.84
2.24366  7468.05  7468.05
2.2341  7313.75  7313.75
2.22453  7150.14  7150.14
2.21495  6993.34  6993.34
2.20538  6855.91  6855.91
2.1958  6744.43  6744.43
2.18622  6658.76  6658.76
2.17664  6593.02  6593.02
2.16706  6538  6538
2.15747  6484.25  6484.25
2.14789  6424.96  6424.96
2.1383  6357.89  6357.89
2.12871  6285.77  6285.77
2.11911  6215.1  6215.1
2.10952  6153.85  6153.85
2.09992  6108.6  6108.6
2.09032  6082.19  6082.19
2.08072  6072.33  6072.33
2.07111  6071.8  6071.8
2.06151  6070.03  6070.03
2.0519  6055.79  6055.79
2.04229  6019.99  6019.99
2.03268  5958.14  5958.14
2.02307  5871.52  5871.52
2.01345  5767  5767
2.00383  5655.4  5655.4
1.99421  5548.99  5548.99
1.98459  5458.66  5458.66
1.97497  5391.63  5391.63
1.96534  5350.05  5350.05
1.95572  5330.95  5330.95
1.94609  5327.39  5327.39
1.93646  5330.44  5330.44
1.92683  5331.44  5331.44
1.91719  5323.98  5323.98
1.90755  5305.11  5305.11
1.89792  5275.49  5275.49
1.88828  5238.6  5238.6
1.87863  5199.22  5199.22
1.86899  5161.76  5161.76
1.85935  5128.76  5128.76
1.8497  5100.16  5100.16
1.84005  5073.33  5073.33
1.8304  5044.04  5044.04
1.82075  5007.74  5007.74
1.81109  4961.15  4961.15
1.80144  4903.36  4903.36
1.79178  4836.24  4836.24
1.78212  4764.16  4764.16
1.77246  4692.86  4692.86
1.76279  4628.04  4628.04
1.75313  4573.91  4573.91
1.74346  4532.16  4532.16
1.7338  4501.68  4501.68
1.72413  4478.91  4478.91
1.71446  4458.9  4458.9
1.70478  4436.64  4436.64
1.69511  4408.29  4408.29
1.68543  4372.08  4372.08
1.67575  4328.52  4328.52
1.66607  4280.01  4280.01
1.65639  4230.01  4230.01
1.64671  4181.93  4181.93
1.63703  4138.19  4138.19
1.62734  4099.63  4099.63
1.61765  4065.48  4065.48
1.60796  4033.89  4033.89
1.59827  4002.78  4002.78
1.58858  3970.84  3970.84
1.57889  3938.22  3938.22
1.56919  3906.8  3906.8
1.5595  3879.79  3879.79
1.5498  3860.83  3860.83
1.5401  3852.71  3852.71
1.5304  3856.2  3856.2
1.52069  3869.34  3869.34
1.51099  3887.43  3887.43
1.50129  3903.89  3903.89
1.49158  3911.78  3911.78
1.48187  3905.62  3905.62
1.47216  3882.96  3882.96
1.46245  3845.33  3845.33
1.45274  3797.98  3797.98
1.44302  3748.75  3748.75
1.43331  3705.97  3705.97
1.42359  3676.24  3676.24
1.41387  3662.56  3662.56
1.40415  3663.38  3663.38
1.39443  3672.95  3672.95
1.38471  3682.81  3682.81
1.37499  3684.09  3684.09
1.36526  3669.89  3669.89
1.35553  3637.19  3637.19
1.34581  3587.57  3587.57
1.33608  3526.78  3526.78
1.32635  3463.07  3463.07
1.31662  3404.92  3404.92
1.30688  3358.82  3358.82
1.29715  3327.56  3327.56
1.28742  3309.71  3309.71
1.27768  3300.13  3300.13
1.26794  3291.56  3291.56
1.2582  3276.55  3276.55
1.24846  3249.44  3249.44
1.23872  3207.64  3207.64
1.22898  3152.16  3152.16
1.21923  3087.13  3087.13
1.20949  3018.68  3018.68
1.19974  2953.45  2953.45
1.19  2897.24  2897.24
1.18025  2854.03  2854.03
1.1705  2825.6  2825.6
1.16075  2811.77  2811.77
1.151  2810.9  2810.9
1.14124  2820.63  2820.63
1.13149  2838.33  2838.33
1.12174  2861.33  2861.33
1.11198  2886.78  2886.78
1.10222  2911.34  2911.34
1.09246  2930.89  2930.89
1.0827  2940.47  2940.47
1.07294  2934.72  2934.72
1.06318  2908.67  2908.67
1.05342  2858.84  2858.84
1.04366  2784.34  2784.34
1.03389  2687.55  2687.55
1.02413  2574.26  2574.26
1.01436  2453  2453
1.00459  2333.76  2333.76
0.994826  2226.29  2226.29
0.985056  2138.48  2138.48
0.975286  2075.12  2075.12
0.965515  2037.45  2037.45
0.955743  2023.41  2023.41
0.94597  2028.67  2028.67
0.936196  2047.84  2047.84
0.926421  2075.69  2075.69
0.916646  2107.96  2107.96
0.906869  2141.5  2141.5
0.897092  2174  2174
0.887313  2203.38  2203.38
0.877534  2227.14  2227.14
0.867754  2242.19  2242.19
0.857973  2244.97  2244.97
0.848191  2232.14  2232.14
0.838409  2201.46  2201.46
0.828626  2152.54  2152.54
0.818842  2087.25  2087.25
0.809057  2009.65  2009.65
0.799271  1925.28  1925.28
0.789484  1840.2  1840.2
0.779697  1759.94  1759.94
0.769909  1688.67  1688.67
0.760121  1628.7  1628.7
0.750331  1580.54  1580.54
0.740541  1543.25  1543.25
0.73075  1515.01  1515.01
0.720959  1493.64  1493.64
0.711166  1477.04  1477.04
0.701373  1463.42  1463.42
0.69158  1451.35  1451.35
0.681785  1439.8  1439.8
0.67199  1428.13  1428.13
0.662195  1416.14  1416.14
0.652399  1404.17  1404.17
0.642602  1393.06  1393.06
0.632804  1384.03  1384.03
0.623006  1378.38  1378.38
0.613207  1377.04  1377.04
0.603408  1380.15  1380.15
0.593608  1386.7  1386.7
0.583808  1394.5  1394.5
0.574007  1400.38  1400.38
0.564205  1400.79  1400.79
0.554403  1392.55  1392.55
0.5446  1373.62  1373.62
0.534797  1343.71  1343.71
0.524994  1304.48  1304.48
0.515189  1259.41  1259.41
0.505385  1213.16  1213.16
0.49558  1170.64  1170.64
0.485774  1136  1136
0.475968  1111.7  1111.7
0.466161  1097.91  1097.91
0.456354  1092.4  1092.4
0.446547  1090.95  1090.95
0.436739  1088.21  1088.21
0.42693  1078.91  1078.91
0.417122  1058.96  1058.96
0.407313  1026.46  1026.46
0.397503  982.132  982.132
0.387693  929.171  929.171
0.377883  872.557  872.557
0.368072  817.93  817.93
0.358261  770.349  770.349
0.34845  733.215  733.215
0.338638  707.636  707.636
0.328826  692.357  692.357
0.319014  684.243  684.243
0.309201  679.161  679.161
0.299388  672.99  672.99
0.289575  662.497  662.497
0.279762  645.881  645.881
0.269948  622.879  622.879
0.260134  594.497  594.497
0.25032  562.494  562.494
0.240505  528.826  528.826
0.23069  495.212  495.212
0.220875  462.909  462.909
0.21106  432.703  432.703
0.201245  405.043  405.043
0.191429  380.193  380.193
0.181613  358.324  358.324
0.171797  339.487  339.487
0.161981  323.503  323.503
0.152165  309.832  309.832
0.142349  297.523  297.523
0.132532  285.291  285.291
0.122715  271.745  271.745
0.112899  255.703  255.703
0.103082  236.497  236.497
0.0932647  214.188  214.188
0.0834476  189.588  189.588
0.0736304  164.104  164.104
0.0638132  139.427  139.427
0.0539959  117.182  117.182
0.0441785  98.6309  98.6309
0.0343611  84.5165  84.5165
0.0245437  75.0884  75.0884
0.0147262  70.273  70.273
0.00490874  69.9176  69.9176
-0.00490874  74.0033  74.0033
-0.0147262  82.7386  82.7386
-0.0245437  96.4856  96.4856
-0.0343611  115.532  115.532
-0.0441785  139.779  139.779
-0.0539959  168.456  168.456
-0.0638132  199.969  199.969
-0.0736304  231.98  231.98
-0.0834476  261.716  261.716
-0.0932647  286.476  286.476
-0.103082  304.219  304.219
-0.112899  314.071  314.071
-0.122715  316.629  316.629
-0.132532  313.952  313.952
-0.142349  309.225  309.225
-0.152165  306.167  306.167
-0.161981  308.317  308.317
-0.171797  318.353  318.353
-0.181613  337.62  337.62
-0.191429  365.943  365.943
-0.201245  401.758  401.758
-0.21106  442.494  442.494
-0.220875  485.087  485.087
-0.23069  526.507  526.507
-0.240505  564.171  564.171
-0.25032  596.21  596.21
-0.260134  621.571  621.571
-0.269948  640.01  640.01
-0.279762  652.024  652.024
-0.289575  658.76  658.76
-0.299388  661.908  661.908
-0.309201  663.538  663.538
-0.319014  665.874  665.874
-0.328826  670.978  670.978
-0.338638  680.383  680.383
-0.34845  694.776  694.776
-0.358261  713.835  713.835
-0.368072  736.311  736.311
-0.377883  760.393  760.393
-0.387693  784.29  784.29
-0.397503  806.868  806.868
-0.407313  828.154  828.154
-0.417122  849.492  849.492
-0.42693  873.264  873.264
-0.436739  902.203  902.203
-0.446547  938.466  938.466
-0.456354  982.763  982.763
-0.466161  1033.82  1033.82
-0.475968  1088.39  1088.39
-0.485774  1141.92  1141.92
-0.49558  1189.61  1189.61
-0.505385  1227.71  1227.71
-0.515189  1254.58  1254.58
-0.524994  1271.2  1271.2
-0.534797  1280.95  1280.95
-0.5446  1288.68  1288.68
-0.554403  1299.34  1299.34
-0.564205  1316.59  1316.59
-0.574007  1341.71  1341.71
-0.583808  1373.29  1373.29
-0.593608  1407.72  1407.72
-0.603408  1440.26  1440.26
-0.613207  1466.59  1466.59
-0.623006  1484.11  1484.11
-0.632804  1492.81  1492.81
-0.642602  1495.29  1495.29
-0.652399  1496.01  1496.01
-0.662195  1499.96  1499.96
-0.67199  1511.18  1511.18
-0.681785  1531.52  1531.52
-0.69158  1560.05  1560.05
-0.701373  1593.35  1593.35
-0.711166  1626.42  1626.42
-0.720959  1654.2  1654.2
-0.73075  1672.98  1672.98
-0.740541  1681.53  1681.53
-0.750331  1681.53  1681.53
-0.760121  1677.18  1677.18
-0.769909  1674.21  1674.21
-0.779697  1678.46  1678.46
-0.789484  1694.57  1694.57
-0.799271  1724.98  1724.98
-0.809057  1769.54  1769.54
-0.818842  1825.81  1825.81
-0.828626  1889.83  1889.83
-0.838409  1957.17  1957.17
-0.848191  2023.94  2023.94
-0.857973  2087.47  2087.47
-0.867754  2146.6  2146.6
-0.877534  2201.43  2201.43
-0.887313  2252.82  2252.82
-0.897092  2301.69  2301.69
-0.906869  2348.51  2348.51
-0.916646  2392.89  2392.89
-0.926421  2433.63  2433.63
-0.936196  2468.93  2468.93
-0.94597  2496.94  2496.94
-0.955743  2516.15  2516.15
-0.965515  2525.83  2525.83
-0.975286  2526.2  2526.2
-0.985056  2518.3  2518.3
-0.994826  2503.87  2503.87
-1.00459  2484.97  2484.97
-1.01436  2463.76  2463.76
-1.02413  2442.44  2442.44
-1.03389  2423.23  2423.23
-1.04366  2408.53  2408.53
-1.05342  2401.04  2401.04
-1.06318  2403.7  2403.7
-1.07294  2419.43  2419.43
-1.0827  2450.51  2450.51
-1.09246  2497.93  2497.93
-1.10222  2560.67  2560.67
-1.11198  2635.32  2635.32
-1.12174  2716.14  2716.14
-1.13149  2795.8  2795.8
-1.14124  2866.54  2866.54
-1.151  2921.71  2921.71
-1.16075  2957.2  2957.2
-1.1705  2972.39  2972.39
-1.18025  2970.45  2970.45
-1.19  2957.67  2957.67
-1.19974  2942.12  2942.12
-1.20949  2931.95  2931.95
-1.21923  2933.66  2933.66
-1.22898  2950.96  2950.96
-1.23872  2984.35  2984.35
-1.24846  3031.59  3031.59
-1.2582  3088.7  3088.7
-1.26794  3151.35  3151.35
-1.27768  3216  3216
-1.28742  3280.5  3280.5
-1.29715  3344.15  3344.15
-1.30688  3407.08  3407.08
-1.31662  3469.39  3469.39
-1.32635  3530.42  3530.42
-1.33608  3588.31  3588.31
-1.34581  3640.28  3640.28
-1.35553  3683.31  3683.31
-1.36526  3715.16  3715.16
-1.37499  3735.17  3735.17
-1.38471  3744.78  3744.78
-1.39443  3747.25  3747.25
-1.40415  3746.83  3746.83
-1.41387  3747.58  3747.58
-1.42359  3752.08  3752.08
-1.43331  3760.68  3760.68
-1.44302  3771.29  3771.29
-1.45274  3780.09  3780.09
-1.46245  3782.74  3782.74
-1.47216  3775.89  3775.89
-1.48187  3758.43  3758.43
-1.49158  3732.13  3732.13
-1.50129  3701.47  3701.47
-1.51099  3672.6  3672.6
-1.52069  3651.86  3651.86
-1.5304  3644.17  3644.17
-1.5401  3651.92  3651.92
-1.5498  3674.61  3674.61
-1.5595  3709.45  3709.45
-1.56919  3752.61  3752.61
-1.57889  3800.84  3800.84
-1.58858  3852.87  3852.87
-1.59827  3910.05  3910.05
-1.60796  3975.99  3975.99
-1.61765  4055.29  4055.29
-1.62734  4151.61  4151.61
-1.63703  4265.65  4265.65
-1.64671  4393.75  4393.75
-1.65639  4527.55  4527.55
-1.66607  4654.96  4654.96
-1.67575  4762.28  4762.28
-1.68543  4837.05  4837.05
-1.69511  4870.89  4870.89
-1.70478  4861.68  4861.68
-1.71446  4814.46  4814.46
-1.72413  4740.72  4740.72
-1.7338  4656.38  4656.38
-1.74346  4578.67  4578.67
-1.75313  4522.78  4522.78
-1.76279  4498.99  4498.99
-1.77246  4510.94  4510.94
-1.78212  4555.38  4555.38
-1.79178  4623.59  4623.59
-1.80144  4703.83  4703.83
-1.81109  4784.44  4784.44
-1.82075  4856.69  4856.69
-1.8304  4916.63  4916.63
-1.84005  4965.56  4965.56
-1.8497  5009.03  5009.03
-1.85935  5054.57  5054.57
-1.86899  5109.05  5109.05
-1.87863  5176.16  5176.16
-1.88828  5255  5255
-1.89792  5340.12  5340.12
-1.90755  5422.96  5422.96
-1.91719  5494.37  5494.37
-1.92683  5547.32  5547.32
-1.93646  5579.07  5579.07
-1.94609  5592.09  5592.09
-1.95572  5593.42  5593.42
-1.96534  5592.64  5592.64
-1.97497  5599.2  5599.2
-1.98459  5619.74  5619.74
-1.99421  5656.43  5656.43
-2.00383  5706.68  5706.68
-2.01345  5764.39  5764.39
-2.02307  5822.24  5822.24
-2.03268  5874.28  5874.28
-2.04229  5918.08  5918.08
-2.0519  5955.61  5955.61
-2.06151  5992.69  5992.69
-2.07111  6037.11  6037.11
-2.08072  6096.03  6096.03
-2.09032  6173.38  6173.38
-2.09992  6268.12  6268.12
-2.10952  6373.88  6373.88
-2.11911  6480.01  6480.01
-2.12871  6573.98  6573.98
-2.1383  6644.35  6644.35
-2.14789  6683.68  6683.68
-2.15747  6690.58  6690.58
-2.16706  6670.45  6670.45
-2.17664  6634.57  6634.57
-2.18622  6597.96  6597.96
-2.1958  6576.27  6576.27
-2.20538  6582.54  6582.54
-2.21495  6624.61  6624.61
-2.22453  6703.64  6703.64
-2.2341  6814.16  6814.16
-2.24366  6945.71  6945.71
-2.25323  7085.42  7085.42
-2.26279  7221.13  7221.13
-2.27236  7344.1  7344.1
-2.28192  7450.77  7450.77
-2.29147  7543.09  7543.09
-2.30103  7627.38  7627.38
-2.31058  7712.17  7712.17
-2.32013  7805.54  7805.54
-2.32968  7912.73  7912.73
-2.33923  8034.68  8034.68
-2.34877  8167.95  8167.95
-2.35831  8305.77  8305.77
-2.36785  8440.26  8440.26
-2.37739  8564.8  8564.8
-2.38692  8676.08  8676.08
-2.39646  8775.16  8775.16
-2.40599  8867.07  8867.07
-2.41551  8959.13  8959.13
-2.42504  9058.39  9058.39
-2.43456  9168.84  9168.84
-2.44408  9289.45  9289.45
-2.4536  9413.62  9413.62
-2.46312  9530.61  9530.61
-2.47263  9628.68  9628.68
-2.48214  9699.17  9699.17
-2.49165  9740.46  9740.46
-2.50116  9760.3  9760.3
-2.51066  9775.62  9775.62
-2.52017  9809.37  9809.37
-2.52967  9884.91  9884.91
-2.53916  10019.6  10019.6
-2.54866  10219.5  10219.5
-2.55815  10477  10477
-2.56764  10772.6  10772.6
-2.57713  11081.2  11081.2
-2.58661  11379.9  11379.9
-2.59609  11657.2  11657.2
-2.60557  11917.6  11917.6
-2.61505  12181.9  12181.9
-2.62452  12481.1  12481.1
-2.634  12846  12846
-2.64346  13294  13294
-2.65293  13819.6  13819.6
-2.6624  14389.3  14389.3
-2.67186  14945.4  14945.4
-2.68132  15416.7  15416.7
-2.69077  15734.7  15734.7
-2.70023  15849.7  15849.7
-2.70968  15743.7  15743.7
-2.71913  15434.6  15434.6
-2.72857  14972  14972
-2.73802  14425.3  14425.3
-2.74746  13866.8  13866.8
-2.7569  13355.7  13355.7
-2.76633  12927.3  12927.3
-2.77577  12589.1  12589.1
-2.7852  12324.8  12324.8
-2.79462  12105.1  12105.1
-2.80405  11899.3  11899.3
-2.81347  11686.6  11686.6
-2.82289  11462.1  11462.1
-2.83231  11236.2  11236.2
-2.84172  11029.8  11029.8
-2.85113  10865  10865
-2.86054  10757  10757
-2.86995  10708  10708
-2.87935  10705.9  10705.9
-2.88875  10727.2  10727.2
-2.89815  10743.9  10743.9
-2.90754  10731.3  10731.3
-2.91694  10674.5  10674.5
-2.92632  10571.8  10571.8
-2.93571  10434.7  10434.7
-2.94509  10284  10284
-2.95448  10143  10143
-2.96385  10031.3  10031.3
-2.97323  9958.79  9958.79
-2.9826  9923.4  9923.4
-2.99197  9911.32  9911.32
-3.00134  9900.88  9900.88
-3.0107  9868.37  9868.37
-3.02006  9794.32  9794.32
-3.02942  9668.87  9668.87
-3.03877  9494.64  9494.64
-3.04812  9286.47  9286.47
-3.05747  9068.25  9068.25
-3.06682  8867.35  8867.35
-3.07616  8708.33  8708.33
-3.0855  8607.4  8607.4
-3.09484  8569.02  8569.02
-3.10417  8585.43  8585.43
-3.1135  8639.21  8639.21
-3.12283  8708.14  8708.14
-3.13216  8770.86  8770.86
-3.14148  8811.94  8811.94
-3.1508  8824.97  8824.97
-3.16011  8812.87  8812.87
-3.16943  8785.57  8785.57
-3.17874  8755.74  8755.74
-3.18804  8733.99  8733.99
-3.19735  8724.92  8724.92
-3.20665  8725.24  8725.24
-3.21594  8724.37  8724.37
-3.22524  8707.49  8707.49
-3.23453  8659.94  8659.94
-3.24382  8571.9  8571.9
-3.2531  8441.79  8441.79
-3.26238  8277.68  8277.68
-3.27166  8096.13  8096.13
-3.28094  7918.92  7918.92
-3.29021  7768.52  7768.52
-3.29948  7663.39  7663.39
-3.30875  7614.34  7614.34
-3.31801  7622.77  7622.77
-3.32727  7680.97  7680.97
-3.33653  7774.35  7774.35
-3.34578  7884.87  7884.87
-3.35503  7994.73  7994.73
-3.36428  8089.56  8089.56
-3.37352  8160.34  8160.34
-3.38276  8203.82  8203.82
-3.392  8221.6  8221.6
-3.40123  8218.22  8218.22
-3.41046  8198.84  8198.84
-3.41969  8167.26  8167.26
-3.42891  8124.64  8124.64
-3.43813  8069.25  8069.25
-3.44735  7997.4  7997.4
-3.45656  7905.08  7905.08
-3.46578  7790.04  7790.04
-3.47498  7653.69  7653.69
-3.48419  7502.23  7502.23
-3.49339  7346.69  7346.69
-3.50258  7201.69  7201.69
-3.51178  7083.04  7083.04
-3.52097  7004.72  7004.72
-3.53016  6975.84  6975.84
-3.53934  6998.36  6998.36
-3.54852  7066.2  7066.2
-3.5577  7166.02  7166.02
-3.56687  7279.57  7279.57
-3.57604  7387.21  7387.21
-3.58521  7471.73  7471.73
-3.59437  7521.65  7521.65
-3.60353  7533.16  7533.16
-3.61269  7510.3  7510.3
-3.62184  7463.38  7463.38
-3.63099  7406.09  7406.09
-3.64013  7352.07  7352.07
-3.64928  7311.76  7311.76
-3.65841  7290.35  7290.35
-3.66755  7287.19  7287.19
-3.67668  7296.77  7296.77
-3.68581  7310.81  7310.81
-3.69493  7320.79  7320.79
-3.70405  7320.39  7320.39
-3.71317  7306.93  7306.93
-3.72229  7281.78  7281.78
-3.7314  7249.51  7249.51
-3.7405  7216.29  7216.29
-3.74961  7187.84  7187.84
-3.7587  7167.82  7167.82
-3.7678  7156.77  7156.77
-3.77689  7152.19  7152.19
-3.78598  7149.48  7149.48
-3.79507  7143.57  7143.57
-3.80415  7130.73  7130.73
-3.81322  7110.01  7110.01
-3.8223  7083.87  7083.87
-3.83137  7057.82  7057.82
-3.84044  7039.08  7039.08
-3.8495  7034.53  7034.53
-3.85856  7048.65  7048.65
-3.86761  7081.8  7081.8
-3.87666  7129.56  7129.56
-3.88571  7183.24  7183.24
-3.89476  7231.6  7231.6
-3.9038  7263.33  7263.33
-3.91283  7269.73  7269.73
-3.92187  7246.86  7246.86
-3.9309  7196.59  7196.59
-3.93992  7126.29  7126.29
-3.94894  7047.14  7047.14
-3.95796  6971.63  6971.63
-3.96697  6910.68  6910.68
-3.97598  6871.36  6871.36
-3.98499  6855.66  6855.66
-3.99399  6860.55  6860.55
-4.00299  6879.38  6879.38
-4.01199  6904.03  6904.03
-4.02098  6927.28  6927.28
-4.02996  6944.66  6944.66
-4.03895  6955.33  6955.33
-4.04793  6961.71  6961.71
-4.0569  6968.14  6968.14
-4.06587  6978.96  6978.96
-4.07484  6996.58  6996.58
-4.0838  7020.22  7020.22
-4.09276  7045.66  7045.66
-4.10172  7066.14  7066.14
-4.11067  7074.17  7074.17
-4.11962  7063.71  7063.71
-4.12856  7032.17  7032.17
-4.1375  6981.56  6981.56
-4.14644  6918.54  6918.54
-4.15537  6853.12  6853.12
-4.1643  6796.44  6796.44
-4.17322  6758.07  6758.07
-4.18214  6743.55  6743.55
-4.19105  6752.83  6752.83
-4.19997  6780.07  6780.07
-4.20887  6814.82  6814.82
-4.21778  6844.52  6844.52
-4.22668  6857.53  6857.53
-4.23557  6846.04  6846.04
-4.24446  6808.2  6808.2
-4.25335  6748.64  6748.64
-4.26223  6677.44  6677.44
-4.27111  6607.76  6607.76
-4.27999  6552.49  6552.49
-4.28886  6521.03  6521.03
-4.29773  6516.96  6516.96
-4.30659  6537.1  6537.1
-4.31545  6572.44  6572.44
-4.3243  6610.52  6610.52
-4.33315  6638.84  6638.84
-4.342  6648.14  6648.14
-4.35084  6634.96  6634.96
-4.35968  6602.55  6602.55
-4.36851  6559.95  6559.95
-4.37734  6519.63  6519.63
-4.38616  6494.03  6494.03
-4.39498  6492.26  6492.26
-4.4038  6517.58  6517.58
-4.41261  6566.56  6566.56
-4.42142  6629.94  6629.94
-4.43022  6695.01  6695.01
-4.43902  6748.87  6748.87
-4.44782  6781.54  6781.54
-4.45661  6788.34  6788.34
-4.46539  6770.6  6770.6
-4.47418  6734.95  6734.95
-4.48295  6691.11  6691.11
-4.49173  6649.1  6649.1
-4.5005  6616.49  6616.49
-4.50926  6596.43  6596.43
-4.51802  6587.01  6587.01
-4.52678  6581.98  6581.98
-4.53553  6572.6  6572.6
-4.54428  6550.07  6550.07
-4.55302  6507.96  6507.96
-4.56176  6443.98  6443.98
-4.57049  6360.78  6360.78
-4.57922  6265.5  6265.5
-4.58795  6168.46  6168.46
-4.59667  6081.02  6081.02
-4.60539  6013.48  6013.48
-4.6141  5973.09  5973.09
-4.62281  5962.83  5962.83
-4.63151  5981.07  5981.07
-4.64021  6022.04  6022.04
-4.6489  6077.1  6077.1
-4.65759  6136.44  6136.44
-4.66628  6190.81  6190.81
-4.67496  6233.08  6233.08
-4.68364  6259.23  6259.23
-4.69231  6268.67  6268.67
-4.70097  6263.91  6263.91
-4.70964  6249.61  6249.61
-4.7183  6231.28  6231.28
-4.72695  6213.94  6213.94
-4.7356  6200.9  6200.9
-4.74424  6193.11  6193.11
-4.75288  6189.05  6189.05
-4.76152  6185.28  6185.28
-4.77015  6177.51  6177.51
-4.77878  6161.98  6161.98
-4.7874  6136.75  6136.75
-4.79601  6102.66  6102.66
-4.80463  6063.6  6063.6
-4.81323  6025.86  6025.86
-4.82184  5996.83  5996.83
-4.83044  5983.04  5983.04
-4.83903  5988.22  5988.22
-4.84762  6011.75  6011.75
-4.8562  6048.15  6048.15
-4.86478  6087.64  6087.64
-4.87336  6118.09  6118.09
-4.88193  6127.74  6127.74
-4.89049  6108.17  6108.17
-4.89906  6056.83  6056.83
-4.90761  5978.26  5978.26
-4.91616  5883.78  5883.78
-4.92471  5789.38  5789.38
-4.93325  5712.43  5712.43
-4.94179  5667.92  5667.92
-4.95032  5665  5665
-4.95885  5704.94  5704.94
-4.96737  5780.76  5780.76
-4.97589  5878.8  5878.8
-4.9844  5981.71  5981.71
-4.99291  6072.21  6072.21
-5.00142  6136.52  6136.52
-5.00992  6166.86  6166.86
-5.01841  6162.32  6162.32
-5.0269  6128.08  6128.08
-5.03538  6073.4  6073.4
-5.04386  6008.83  6008.83
-5.05234  5943.6  5943.6
-5.06081  5883.72  5883.72
-5.06927  5831.19  5831.19
-5.07773  5784.49  5784.49
-5.08619  5739.87  5739.87
-5.09464  5693.21  5693.21
-5.10308  5641.56  5641.56
-5.11152  5584.34  5584.34
-5.11996  5523.48  5523.48
-5.12839  5463.02  5463.02
-5.13682  5407.91  5407.91
-5.14524  5362.87  5362.87
-5.15365  5331.32  5331.32
-5.16206  5314.84  5314.84
-5.17047  5313.35  5313.35
-5.17887  5325.66  5325.66
-5.18727  5350.47  5350.47
-5.19566  5387.12  5387.12
-5.20404  5436.08  5436.08
-5.21242  5498.72  5498.72
-5.2208  5576.55  5576.55
-5.22917  5669.89  5669.89
-5.23754  5776.58  5776.58
-5.2459  5890.93  5890.93
-5.25425  6003.53  6003.53
-5.2626  6102.03  6102.03
-5.27095  6173.01  6173.01
-5.27929  6204.56  6204.56
-5.28762  6189.15  6189.15
-5.29595  6125.91  6125.91
-5.30428  6021.92  6021.92
-5.3126  5891.72  5891.72
-5.32091  5755.16  5755.16
-5.32922  5633.82  5633.82
-5.33753  5546.68  5546.68
-5.34583  5506.06  5506.06
-5.35412  5514.81  5514.81
-5.36241  5565.52  5565.52
-5.3707  5642.05  5642.05
-5.37897  5723.1  5723.1
-5.38725  5787.06  5787.06
-5.39552  5816.97  5816.97
-5.40378  5804.31  5804.31
-5.41204  5750.81  5750.81
-5.42029  5667.68  5667.68
-5.42854  5572.67  5572.67
-5.43678  5485.59  5485.59
-5.44502  5423.56  5423.56
-5.45325  5397.25  5397.25
-5.46148  5408.9  5408.9
-5.4697  5452.69  5452.69
-5.47791  5517.1  5517.1
-5.48612  5588.49  5588.49
-5.49433  5654.92  5654.92
-5.50253  5709  5709
-5.51073  5749.2  5749.2
-5.51892  5779.23  5779.23
-5.5271  5806.01  5806.01
-5.53528  5836.71  5836.71
-5.54345  5875.96  5875.96
-5.55162  5924.11  5924.11
-5.55978  5976.76  5976.76
-5.56794  6025.9  6025.9
-5.57609  6062.1  6062.1
-5.58424  6077.15  6077.15
-5.59238  6066.26  6066.26
-5.60052  6029.3  6029.3
-5.60865  5970.78  5970.78
-5.61677  5898.44  5898.44
-5.62489  5821.21  5821.21
-5.63301  5746.86  5746.86
-5.64112  5680.24  5680.24
-5.64922  5622.51  5622.51
-5.65732  5571.58  5571.58
-5.66541  5523.55  5523.55
-5.6735  5474.76  5474.76
-5.68158  5423.67  5423.67
-5.68966  5372.02  5372.02
-5.69773  5324.83  5324.83
-5.70579  5289.21  5289.21
-5.71385  5272.16  5272.16
-5.72191  5278.21  5278.21
-5.72995  5307.47  5307.47
-5.738  5354.79  5354.79
-5.74604  5410.44  5410.44
-5.75407  5462.19  5462.19
-5.76209  5498.25  5498.25
-5.77012  5510.38  5510.38
-5.77813  5496.14  5496.14
-5.78614  5459.72  5459.72
-5.79415  5410.95  5410.95
-5.80214  5362.79  5362.79
-5.81014  5327.81  5327.81
-5.81812  5314.79  5314.79
-5.82611  5326.26  5326.26
-5.83408  5357.68  5357.68
-5.84205  5398.56  5398.56
-5.85002  5435.25  5435.25
-5.85798  5454.54  5454.54
-5.86593  5447.26  5447.26
-5.87388  5410.75  5410.75
-5.88182  5349.73  5349.73
-5.88976  5275.17  5275.17
-5.89769  5201.63  5201.63
-5.90562  5143.63  5143.63
-5.91354  5112.18  5112.18
-5.92145  5112.22  5112.22
-5.92936  5141.6  5141.6
-5.93726  5191.91  5191.91
-5.94516  5250.79  5250.79
-5.95305  5305  5305
-5.96094  5343.64  5343.64
-5.96881  5360.42  5360.42
-5.97669  5354.66  5354.66
-5.98456  5330.78  5330.78
-5.99242  5296.55  5296.55
-6.00028  5260.66  5260.66
-6.00813  5230.45  5230.45
-6.01597  5210.19  5210.19
-6.02381  5200.61  5200.61
-6.03164  5199.46  5199.46
-6.03947  5202.87  5202.87
-6.04729  5207  5207
-6.05511  5209.36  5209.36
-6.06292  5209.4  5209.4
-6.07072  5208.18  5208.18
-6.07852  5207.37  5207.37
-6.08632  5207.94  5207.94
-6.0941  5209.08  5209.08
-6.10188  5207.87  5207.87
-6.10966  5199.74  5199.74
-6.11743  5179.79  5179.79
-6.12519  5144.53  5144.53
-6.13295  5093.37  5093.37
-6.1407  5029.52  5029.52
-6.14845  4959.86  4959.86
-6.15618  4893.65  4893.65
-6.16392  4840.61  4840.61
-6.17165  4808.6  4808.6
-6.17937  4801.78  4801.78
-6.18708  4819.65  4819.65
-6.19479  4857.27  4857.27
-6.2025  4906.65  4906.65
-6.2102  4958.83  4958.83
-6.21789  5006.21  5006.21
-6.22557  5044.24  5044.24
-6.23325  5072.25  5072.25
-6.24093  5092.95  5092.95
-6.24859  5110.93  5110.93
-6.25626  5130.58  5130.58
-6.26391  5154.13  5154.13
-6.27156  5180.36  5180.36
-6.27921  5204.62  5204.62
-6.28684  5220  5220
-6.29448  5219.52  5219.52
-6.3021  5198.52  5198.52
-6.30972  5156.64  5156.64
-6.31733  5098.61  5098.61
-6.32494  5033.57  5033.57
-6.33254  4973.12  4973.12
-6.34014  4928.5  4928.5
-6.34773  4907.87  4907.87
-6.35531  4914.45  4914.45
-6.36289  4946.07  4946.07
-6.37046  4996.27  4996.27
-6.37802  5056.61  5056.61
-6.38558  5119.31  5119.31
-6.39313  5179.46  5179.46
-6.40068  5235.99  5235.99
-6.40822  5291.16  5291.16
-6.41575  5348.64  5348.64
-6.42328  5411.09  5411.09
-6.4308  5477.93  5477.93
-6.43832  5544.26  5544.26
-6.44582  5601.3  5601.3
-6.45333  5638.48  5638.48
-6.46082  5646.34  5646.34
-6.46831  5619.52  5619.52
-6.4758  5558.85  5558.85
-6.48328  5471.79  5471.79
-6.49075  5371.08  5371.08
-6.49821  5271.98  5271.98
-6.50567  5188.83  5188.83
-6.51312  5131.95  5131.95
-6.52057  5105.71  5105.71
-6.52801  5108.16  5108.16
-6.53544  5132.32  5132.32
-6.54287  5168.54  5168.54
-6.55029  5207.17  5207.17
-6.55771  5240.81  5240.81
-6.56512  5265.59  5265.59
-6.57252  5281.23  5281.23
-6.57992  5290.1  5290.1
-6.5873  5295.76  5295.76
-6.59469  5301.51  5301.51
-6.60207  5309.51  5309.51
-6.60944  5320.43  5320.43
-6.6168  5333.89  5333.89
-6.62416  5349.05  5349.05
-6.63151  5365.22  5365.22
-6.63885  5382.03  5382.03
-6.64619  5399.12  5399.12
-6.65353  5415.52  5415.52
-6.66085  5429.02  5429.02
-6.66817  5435.87  5435.87
-6.67548  5431.15  5431.15
-6.68279  5409.83  5409.83
-6.69009  5368.27  5368.27
-6.69738  5305.71  5305.71
-6.70467  5225.21  5225.21
-6.71195  5133.66  5133.66
-6.71923  5040.69  5040.69
-6.72649  4956.67  4956.67
-6.73375  4890.4  4890.4
-6.74101  4847.06  4847.06
-6.74826  4827.14  4827.14
-6.7555  4826.63  4826.63
-6.76274  4838.49  4838.49
-6.76996  4854.94  4854.94
-6.77719  4869.77  4869.77
-6.7844  4880.07  4880.07
-6.79161  4886.77  4886.77
-6.79881  4893.82  4893.82
-6.80601  4906.37  4906.37
-6.8132  4928.6  4928.6
-6.82038  4961.9  4961.9
-6.82756  5004.11  5004.11
-6.83473  5050.02  5050.02
-6.84189  5092.89  5092.89
-6.84905  5126.56  5126.56
-6.8562  5147.27  5147.27
-6.86334  5154.53  5154.53
-6.87048  5150.93  5150.93
-6.87761  5140.7  5140.7
-6.88473  5127.87  5127.87
-6.89185  5114.48  5114.48
-6.89896  5099.66  5099.66
-6.90606  5079.94  5079.94
-6.91316  5050.59  5050.59
-6.92025  5007.68  5007.68
-6.92733  4950.05  4950.05
-6.93441  4880.52  4880.52
-6.94148  4805.91  4805.91
-6.94855  4735.86  4735.86
-6.9556  4680.73  4680.73
-6.96265  4649.3  4649.3
-6.9697  4646.92  4646.92
-6.97673  4674.48  4674.48
-6.98376  4728.55  4728.55
-6.99079  4802.32  4802.32
-6.9978  4887.15  4887.15
-7.00481  4974.11  4974.11
-7.01182  5055.21  5055.21
-7.01881  5124.13  5124.13
-7.0258  5176.56  5176.56
-7.03278  5210.12  5210.12
-7.03976  5224.33  5224.33
-7.04673  5220.37  5220.37
-7.05369  5200.96  5200.96
-7.06065  5169.92  5169.92
-7.0676  5131.57  5131.57
-7.07454  5089.92  5089.92
-7.08147  5047.73  5047.73
-7.0884  5005.86  5005.86
-7.09532  4963.08  4963.08
-7.10224  4916.61  4916.61
-7.10915  4863.24  4863.24
-7.11605  4800.83  4800.83
-7.12294  4729.63  4729.63
-7.12983  4653.07  4653.07
-7.13671  4577.64  4577.64
-7.14358  4511.87  4511.87
-7.15045  4464.64  4464.64
-7.15731  4443.33  4443.33
-7.16416  4452.28  4452.28
-7.17101  4492.06  4492.06
-7.17785  4559.46  4559.46
-7.18468  4648.36  4648.36
-7.1915  4750.87  4750.87
-7.19832  4858.51  4858.51
-7.20513  4963.13  4963.13
-7.21194  5057.43  5057.43
-7.21873  5135.15  5135.15
-7.22553  5191.28  5191.28
-7.23231  5222.36  5222.36
-7.23909  5226.99  5226.99
-7.24585  5206.4  5206.4
-7.25262  5164.86  5164.86
-7.25937  5109.66  5109.66
-7.26612  5050.3  5050.3
-7.27286  4997.1  4997.1
-7.2796  4959.34  4959.34
-7.28633  4943.35  4943.35
-7.29305  4951.18  4951.18
-7.29976  4980.04  4980.04
-7.30647  5022.83  5022.83
-7.31317  5069.55  5069.55
-7.31986  5109.41  5109.41
-7.32654  5132.89  5132.89
-7.33322  5133.54  5133.54
-7.33989  5108.98  5108.98
-7.34656  5060.98  5060.98
-7.35321  4994.69  4994.69
-7.35986  4917.35  4917.35
-7.36651  4836.72  4836.72
-7.37314  4759.7  4759.7
-7.37977  4691.37  4691.37
-7.38639  4634.65  4634.65
-7.39301  4590.45  4590.45
-7.39961  4558.3  4558.3
-7.40621  4537.05  4537.05
-7.41281  4525.49  4525.49
-7.41939  4522.75  4522.75
-7.42597  4528.14  4528.14
-7.43254  4540.87  4540.87
-7.43911  4559.52  4559.52
-7.44566  4581.59  4581.59
-7.45221  4603.4  4603.4
-7.45876  4620.36  4620.36
-7.46529  4627.67  4627.67
-7.47182  4621.24  4621.24
-7.47834  4598.62  4598.62
-7.48486  4559.65  4559.65
-7.49136  4506.68  4506.68
-7.49786  4444.25  4444.25
-7.50436  4378.32  4378.32
-7.51084  4315.33  4315.33
-7.51732  4261.19  4261.19
-7.52379  4220.53  4220.53
-7.53025  4196.39  4196.39
-7.53671  4190.27  4190.27
-7.54316  4202.4  4202.4
-7.5496  4232.25  4232.25
-7.55603  4278.9  4278.9
-7.56246  4341.18  4341.18
-7.56888  4417.6  4417.6
-7.57529  4506.02  4506.02
-7.5817  4603.3  4603.3
-7.5881  4705.02  4705.02
-7.59449  4805.45  4805.45
-7.60087  4897.9  4897.9
-7.60725  4975.47  4975.47
-7.61362  5031.99  5031.99
-7.61998  5063.04  5063.04
-7.62633  5066.79  5066.79
-7.63268  5044.39  5044.39
-7.63902  4999.86  4999.86
-7.64535  4939.36  4939.36
-7.65167  4870.12  4870.12
-7.65799  4799.16  4799.16
-7.6643  4732.09  4732.09
-7.6706  4672.43  4672.43
-7.6769  4621.28  4621.28
-7.68318  4577.72  4577.72
-7.68946  4539.51  4539.51
-7.69574  4503.97  4503.97
-7.702  4468.89  4468.89
-7.70826  4433.07  4433.07
-7.71451  4396.63  4396.63
-7.72075  4360.89  4360.89
-7.72699  4328.05  4328.05
-7.73322  4300.75  4300.75
-7.73944  4281.63  4281.63
-7.74565  4272.91  4272.91
-7.75186  4276.08  4276.08
-7.75806  4291.68  4291.68
-7.76425  4319.07  4319.07
-7.77043  4356.41  4356.41
-7.77661  4400.69  4400.69
-7.78277  4447.97  4447.97
-7.78893  4493.84  4493.84
-7.79509  4534.03  4534.03
-7.80123  4565.06  4565.06
-7.80737  4584.77  4584.77
-7.8135  4592.67  4592.67
-7.81963  4589.92  4589.92
-7.82574  4578.99  4578.99
-7.83185  4563.1  4563.1
-7.83795  4545.6  4545.6
-7.84404  4529.38  4529.38
-7.85013  4516.66  4516.66
-7.85621  4508.88  4508.88
-7.86228  4506.96  4506.96
-7.86834  4511.63  4511.63
-7.8744  4523.62  4523.62
-7.88044  4543.72  4543.72
-7.88648  4572.57  4572.57
-7.89252  4610.12  4610.12
-7.89854  4655.18  4655.18
-7.90456  4705.01  4705.01
-7.91057  4755.29  4755.29
-7.91657  4800.61  4800.61
-7.92256  4835.41  4835.41
-7.92855  4855.22  4855.22
-7.93453  4857.85  4857.85
-7.9405  4844.29  4844.29
-7.94646  4818.76  4818.76
-7.95242  4788.06  4788.06
-7.95837  4759.98  4759.98
-7.96431  4741.36  4741.36
-7.97024  4736.09  4736.09
-7.97617  4743.75  4743.75
-7.98209  4759.26  4759.26
-7.988  4773.8  4773.8
-7.9939  4776.8  4776.8
-7.99979  4758.61  4758.61
-8.00568  4713.1  4713.1
-8.01156  4639.49  4639.49
-8.01743  4542.85  4542.85
-8.02329  4433.01  4433.01
-8.02915  4322.02  4322.02
-8.035  4220.88  4220.88
-8.04084  4136.17  4136.17
-8.04667  4067.63  4067.63
-8.0525  4007.29  4007.29
-8.05831  3940.46  3940.46
-8.06412  3848.45  3848.45
-8.06993  3712.44  3712.44
-8.07572  3517.68  3517.68
-8.08151  3256.9  3256.9
-8.08728  2932.43  2932.43
-8.09305  2556.25  2556.25
-8.09882  2148.29  2148.29
-8.10457  1733.1  1733.1
-8.11032  1335.88  1335.88
-8.11606  978.605  978.605
-8.12179  676.954  676.954
-8.12751  438.76  438.76
-8.13323  263.963  263.963
-8.13894  145.965  145.965
-8.14464  73.8885  73.8885
-8.15033  35.1442  35.1442
-8.15601  17.7317  17.7317
-8.16169  11.8613  11.8613
-8.16736  10.7182  10.7182
-8.17302  10.4254  10.4254
-8.17867  9.43643  9.43643
-8.18432  7.66915  7.66915
-8.18996  5.66986  5.66986
-8.19559  4.00604  4.00604
-8.20121  2.96141  2.96141
-8.20682  2.49717  2.49717
-8.21243  2.37587  2.37587
-8.21802  2.3301  2.3301
-8.22361  2.18675  2.18675
-8.2292  1.9083  1.9083
-8.23477  1.56011  1.56011
-8.24033  1.24178  1.24178
-8.24589  1.02432  1.02432
-8.25144  0.920395  0.920395
-8.25699  0.891735  0.891735
-8.26252  0.880019  0.880019
-8.26805  0.839989  0.839989
-8.27356  0.758053  0.758053
-8.27907  0.650743  0.650743
-8.28458  0.548501  0.548501
-8.29007  0.476201  0.476201
-8.29556  0.440905  0.440905
-8.30104  0.431458  0.431458
-8.30651  0.42765  0.42765
-8.31197  0.412309  0.412309
-8.31742  0.379499  0.379499
-8.32287  0.335333  0.335333
-8.32831  0.292337  0.292337
-8.33374  0.261471  0.261471
-8.33916  0.246404  0.246404
-8.34457  0.242653  0.242653
-8.34998  0.241226  0.241226
-8.35538  0.234093  0.234093
-8.36077  0.21828  0.21828
-8.36615  0.196625  0.196625
-8.37152  0.175297  0.175297
-8.37689  0.159902  0.159902
-8.38225  0.152463  0.152463
-8.3876  0.150784  0.150784
-8.39294  0.150195  0.150195
-8.39827  0.146408  0.146408
-8.4036  0.137781  0.137781
-8.40891  0.125844  0.125844
-8.41422  0.114019  0.114019
-8.41952  0.105481  0.105481
-8.42482  0.101417  0.101417
-8.4301  0.100599  0.100599
-8.43538  0.100336  0.100336
-8.44065  0.0981197  0.0981197
-8.44591  0.0929779  0.0929779
-8.45116  0.085823  0.085823
-8.4564  0.0787216  0.0787216
-8.46164  0.0736082  0.0736082
-8.46687  0.0712161  0.0712161
-8.47209  0.0707914  0.0707914
-8.4773  0.0706636  0.0706636
-8.4825  0.0692655  0.0692655
-8.4877  0.0659902  0.0659902
-8.49289  0.0614243  0.0614243
-8.49806  0.056895  0.056895
-8.50324  0.0536487  0.0536487
-8.5084  0.0521573  0.0521573
-8.51355  0.0519253  0.0519253
-8.5187  0.0518563  0.0518563
-8.52384  0.0509207  0.0509207
-8.52897  0.0487236  0.0487236
-8.53409  0.0456645  0.0456645
-8.5392  0.042637  0.042637
-8.5443  0.0404796  0.0404796
-8.5494  0.0395062  0.0395062
-8.55449  0.039374  0.039374
-8.55957  0.0393312  0.0393312
-8.56464  0.0386745  0.0386745
-8.56971  0.0371386  0.0371386
-8.57476  0.0350075  0.0350075
-8.57981  0.0329064  0.0329064
-8.58485  0.0314189  0.0314189
-8.58988  0.0307595  0.0307595
-8.5949  0.0306811  0.0306811
-8.59991  0.0306504  0.0306504
-8.60492  0.0301709  0.0301709
-8.60992  0.0290603  0.0290603
-8.61491  0.0275276  0.0275276
-8.61989  0.0260238  0.0260238
-8.62486  0.0249667  0.0249667
-8.62982  0.0245061  0.0245061
-8.63478  0.0244579  0.0244579
-8.63973  0.0244326  0.0244326
-8.64467  0.024071  0.024071
-8.6496  0.0232451  0.0232451
-8.65452  0.022113  0.022113
-8.65944  0.0210086  0.0210086
-8.66434  0.0202383  0.0202383
-8.66924  0.0199081  0.0199081
-8.67413  0.0198772  0.0198772
-8.67901  0.0198546  0.0198546
-8.68388  0.0195744  0.0195744
-8.68875  0.0189452  0.0189452
-8.6936  0.0180901  0.0180901
-8.69845  0.0172612  0.0172612
-8.70329  0.0166876  0.0166876
-8.70812  0.0164456  0.0164456
-8.71294  0.016425  0.016425
-8.71776  0.0164038  0.0164038
-8.72256  0.0161816  0.0161816
-8.72736  0.0156925  0.0156925
-8.73215  0.0150338  0.0150338
-8.73693  0.0144  0.0144
-8.7417  0.013965  0.013965
-8.74646  0.0137843  0.0137843
-8.75122  0.01377  0.01377
-8.75596  0.0137496  0.0137496
-8.7607  0.0135699  0.0135699
-8.76543  0.0131829  0.0131829
-8.77015  0.012667  0.012667
-8.77486  0.0121743  0.0121743
-8.77957  0.0118392  0.0118392
-8.78426  0.0117021  0.0117021
-8.78895  0.0116916  0.0116916
-8.79363  0.011672  0.011672
-8.7983  0.0115241  0.0115241
-8.80296  0.0112131  0.0112131
-8.80762  0.010803  0.010803
-8.81226  0.0104146  0.0104146
-8.8169  0.0101529  0.0101529
-8.82153  0.0100473  0.0100473
-8.82614  0.0100393  0.0100393
-8.83076  0.0100203  0.0100203
-8.83536  0.00989695  0.00989695
-8.83995  0.00964353  0.00964353
-8.84454  0.00931325  0.00931325
-8.84911  0.00900322  0.00900322
-8.85368  0.0087963  0.0087963
-8.85824  0.00871408  0.00871408
-8.86279  0.00870766  0.00870766
-8.86734  0.00868936  0.00868936
-8.87187  0.00858503  0.00858503
-8.8764  0.00837601  0.00837601
-8.88091  0.00810692  0.00810692
-8.88542  0.00785668  0.00785668
-8.88992  0.00769136  0.00769136
-8.89441  0.00762664  0.00762664
-8.8989  0.00762129  0.00762129
-8.90337  0.00760369  0.00760369
-8.90784  0.00751449  0.00751449
-8.91229  0.0073402  0.0073402
-8.91674  0.00711865  0.00711865
-8.92118  0.00691467  0.00691467
-8.92561  0.00678135  0.00678135
-8.93003  0.00672995  0.00672995
-8.93445  0.00672534  0.00672534
-8.93885  0.00670846  0.00670846
-8.94325  0.00663143  0.00663143
-8.94764  0.00648466  0.00648466
-8.95202  0.00630055  0.00630055
-8.95639  0.0061328  0.0061328
-8.96075  0.0060244  0.0060244
-8.96511  0.00598326  0.00598326
-8.96945  0.00597919  0.00597919
-8.97379  0.00596304  0.00596304
-8.97812  0.00589593  0.00589593
-8.98243  0.00577123  0.00577123
-8.98674  0.00561692  0.00561692
-8.99105  0.00547787  0.00547787
-8.99534  0.0053891  0.0053891
-8.99962  0.00535597  0.00535597
-9.0039  0.0053523  0.0053523
-9.00817  0.00533688  0.00533688
-9.01243  0.00527795  0.00527795
-9.01667  0.00517114  0.00517114
-9.02092  0.00504081  0.00504081
-9.02515  0.00492472  0.00492472
-9.02937  0.00485157  0.00485157
-9.03359  0.00482475  0.00482475
-9.03779  0.00482139  0.00482139
-9.04199  0.00480669  0.00480669
-9.04618  0.00475458  0.00475458
-9.05036  0.00466241  0.00466241
-9.05453  0.00455155  0.00455155
-9.05869  0.00445402  0.00445402
-9.06285  0.00439342  0.00439342
-9.06699  0.00437162  0.00437162
-9.07113  0.00436852  0.00436852
-9.07526  0.00435452  0.00435452
-9.07938  0.00430813  0.00430813
-9.08349  0.00422806  0.00422806
-9.08759  0.00413317  0.00413317
-9.09168  0.00405075  0.00405075
-9.09576  0.00400031  0.00400031
-9.09984  0.00398255  0.00398255
-9.10391  0.00397966  0.00397966
-9.10796  0.00396634  0.00396634
-9.11201  0.00392481  0.00392481
-9.11605  0.00385481  0.00385481
-9.12008  0.00377311  0.00377311
-9.12411  0.0037031  0.0037031
-9.12812  0.00366096  0.00366096
-9.13212  0.00364648  0.00364648
-9.13612  0.00364377  0.00364377
-9.14011  0.00363111  0.00363111
-9.14409  0.00359373  0.00359373
-9.14806  0.00353218  0.00353218
-9.15202  0.00346146  0.00346146
-9.15597  0.00340173  0.00340173
-9.15991  0.00336641  0.00336641
-9.16385  0.0033546  0.0033546
-9.16777  0.00335206  0.00335206
-9.17169  0.00334002  0.00334002
-9.1756  0.00330621  0.00330621
-9.17949  0.00325181  0.00325181
-9.18338  0.00319029  0.00319029
-9.18727  0.00313913  0.00313913
-9.19114  0.00310946  0.00310946
-9.195  0.00309985  0.00309985
-9.19886  0.00309747  0.00309747
-9.2027  0.00308602  0.00308602
-9.20654  0.0030553  0.0030553
-9.21037  0.00300699  0.00300699
-9.21419  0.00295324  0.00295324
-9.218  0.00290925  0.00290925
-9.2218  0.0028843  0.0028843
-9.22559  0.0028765  0.0028765
-9.22938  0.00287427  0.00287427
-9.23315  0.00286338  0.00286338
-9.23692  0.00283536  0.00283536
-9.24067  0.00279226  0.00279226
-9.24442  0.0027451  0.0027451
-9.24816  0.00270717  0.00270717
-9.25189  0.00268618  0.00268618
-9.25561  0.0026799  0.0026799
-9.25932  0.00267781  0.00267781
-9.26303  0.00266745  0.00266745
-9.26672  0.00264179  0.00264179
-9.27041  0.00260318  0.00260318
-9.27408  0.00256165  0.00256165
-9.27775  0.00252887  0.00252887
-9.28141  0.00251121  0.00251121
-9.28506  0.00250621  0.00250621
-9.2887  0.00250425  0.00250425
-9.29233  0.00249439  0.00249439
-9.29596  0.00247082  0.00247082
-9.29957  0.00243609  0.00243609
-9.30318  0.0023994  0.0023994
-9.30677  0.00237101  0.00237101
-9.31036  0.00235618  0.00235618
-9.31394  0.00235226  0.00235226
-9.31751  0.00235043  0.00235043
-9.32107  0.00234104  0.00234104
-9.32462  0.00231931  0.00231931
-9.32816  0.00228797  0.00228797
-9.33169  0.00225547  0.00225547
-9.33522  0.00223084  0.00223084
-9.33873  0.00221843  0.00221843
-9.34224  0.00221543  0.00221543
-9.34574  0.00221372  0.00221372
-9.34922  0.00220478  0.00220478
-9.3527  0.00218469  0.00218469
-9.35617  0.00215631  0.00215631
-9.35964  0.00212743  0.00212743
-9.36309  0.00210606  0.00210606
-9.36653  0.00209572  0.00209572
-9.36997  0.00209351  0.00209351
-9.37339  0.00209191  0.00209191
-9.37681  0.0020834  0.0020834
-9.38021  0.00206477  0.00206477
-9.38361  0.002039  0.002039
-9.387  0.00201329  0.00201329
-9.39038  0.00199474  0.00199474
-9.39375  0.00198619  0.00198619
-9.39711  0.00198465  0.00198465
-9.40047  0.00198317  0.00198317
-9.40381  0.00197505  0.00197505
-9.40714  0.00195775  0.00195775
-9.41047  0.00193428  0.00193428
-9.41379  0.00191134  0.00191134
-9.41709  0.00189525  0.00189525
-9.42039  0.00188825  0.00188825
-9.42368  0.0018873  0.0018873
-9.42696  0.00188594  0.00188594
-9.43023  0.00187819  0.00187819
-9.43349  0.00186207  0.00186207
-9.43675  0.00184065  0.00184065
-9.43999  0.00182015  0.00182015
-9.44323  0.00180622  0.00180622
-9.44645  0.00180058  0.00180058
-9.44967  0.00180014  0.00180014
-9.45287  0.00179889  0.00179889
-9.45607  0.0017915  0.0017915
-9.45926  0.00177645  0.00177645
-9.46244  0.00175686  0.00175686
-9.46561  0.00173852  0.00173852
-9.46878  0.00172648  0.00172648
-9.47193  0.00172203  0.00172203
-9.47507  0.00172205  0.00172205
-9.47821  0.00172091  0.00172091
-9.48133  0.00171386  0.00171386
-9.48445  0.00169978  0.00169978
-9.48755  0.00168182  0.00168182
-9.49065  0.00166541  0.00166541
-9.49374  0.00165505  0.00165505
-9.49682  0.00165165  0.00165165
-9.49989  0.00165208  0.00165208
-9.50295  0.00165105  0.00165105
-9.506  0.00164431  0.00164431
-9.50905  0.00163113  0.00163113
-9.51208  0.00161463  0.00161463
-9.51511  0.00159994  0.00159994
-9.51812  0.00159108  0.00159108
-9.52113  0.00158862  0.00158862
-9.52412  0.0015894  0.0015894
-9.52711  0.00158849  0.00158849
-9.53009  0.00158205  0.00158205
-9.53306  0.00156968  0.00156968
-9.53602  0.00155452  0.00155452
-9.53897  0.00154137  0.00154137
-9.54191  0.00153385  0.00153385
-9.54485  0.00153222  0.00153222
-9.54777  0.00153334  0.00153334
-9.55068  0.00153253  0.00153253
-9.55359  0.00152639  0.00152639
-9.55649  0.00151476  0.00151476
-9.55937  0.00150081  0.00150081
-9.56225  0.00148906  0.00148906
-9.56512  0.00148274  0.00148274
-9.56798  0.00148186  0.00148186
-9.57083  0.00148328  0.00148328
-9.57367  0.00148259  0.00148259
-9.5765  0.00147672  0.00147672
-9.57932  0.00146579  0.00146579
-9.58213  0.00145294  0.00145294
-9.58494  0.00144245  0.00144245
-9.58773  0.00143722  0.00143722
-9.59052  0.00143704  0.00143704
-9.59329  0.00143874  0.00143874
-9.59606  0.00143816  0.00143816
-9.59882  0.00143256  0.00143256
-9.60157  0.00142227  0.00142227
-9.60431  0.00141042  0.00141042
-9.60703  0.0014011  0.0014011
-9.60976  0.00139687  0.00139687
-9.61247  0.00139731  0.00139731
-9.61517  0.00139928  0.00139928
-9.61786  0.00139881  0.00139881
-9.62054  0.00139347  0.00139347
-9.62322  0.00138378  0.00138378
-9.62588  0.00137286  0.00137286
-9.62854  0.0013646  0.0013646
-9.63119  0.00136128  0.00136128
-9.63382  0.00136231  0.00136231
-9.63645  0.00136453  0.00136453
-9.63907  0.00136419  0.00136419
-9.64168  0.0013591  0.0013591
-9.64428  0.00134996  0.00134996
-9.64687  0.00133991  0.00133991
-9.64945  0.00133263  0.00133263
-9.65202  0.00133016  0.00133016
-9.65458  0.00133173  0.00133173
-9.65714  0.0013342  0.0013342
-9.65968  0.00133398  0.00133398
-9.66222  0.00132914  0.00132914
-9.66474  0.00132053  0.00132053
-9.66726  0.00131128  0.00131128
-9.66976  0.00130492  0.00130492
-9.67226  0.00130324  0.00130324
-9.67475  0.00130532  0.00130532
-9.67723  0.00130804  0.00130804
-9.6797  0.00130795  0.00130795
-9.68216  0.00130335  0.00130335
-9.68461  0.00129524  0.00129524
-9.68705  0.00128675  0.00128675
-9.68948  0.00128124  0.00128124
-9.69191  0.00128031  0.00128031
-9.69432  0.00128289  0.00128289
-9.69672  0.00128584  0.00128584
-9.69912  0.00128589  0.00128589
-9.7015  0.00128153  0.00128153
-9.70388  0.0012739  0.0012739
-9.70625  0.00126612  0.00126612
-9.7086  0.00126142  0.00126142
-9.71095  0.00126121  0.00126121
-9.71329  0.00126426  0.00126426
-9.71562  0.00126746  0.00126746
-9.71794  0.00126766  0.00126766
-9.72025  0.00126353  0.00126353
-9.72255  0.00125636  0.00125636
-9.72484  0.00124927  0.00124927
-9.72713  0.00124534  0.00124534
-9.7294  0.00124582  0.00124582
-9.73166  0.00124934  0.00124934
-9.73392  0.00125279  0.00125279
-9.73616  0.00125315  0.00125315
-9.7384  0.00124925  0.00124925
-9.74062  0.00124253  0.00124253
-9.74284  0.00123609  0.00123609
-9.74505  0.00123291  0.00123291
-9.74725  0.00123405  0.00123405
-9.74944  0.00123804  0.00123804
-9.75161  0.00124176  0.00124176
-9.75378  0.00124228  0.00124228
-9.75594  0.00123863  0.00123863
-9.7581  0.00123235  0.00123235
-9.76024  0.00122654  0.00122654
-9.76237  0.00122409  0.00122409
-9.76449  0.00122589  0.00122589
-9.76661  0.00123035  0.00123035
-9.76871  0.00123434  0.00123434
-9.7708  0.00123505  0.00123505
-9.77289  0.00123165  0.00123165
-9.77497  0.0012258  0.0012258
-9.77703  0.00122062  0.00122062
-9.77909  0.00121888  0.00121888
-9.78114  0.00122133  0.00122133
-9.78317  0.00122627  0.00122627
-9.7852  0.00123056  0.00123056
-9.78722  0.00123147  0.00123147
-9.78923  0.00122834  0.00122834
-9.79123  0.00122291  0.00122291
-9.79322  0.00121835  0.00121835
-9.7952  0.00121732  0.00121732
-9.79718  0.00122044  0.00122044
-9.79914  0.00122588  0.00122588
-9.80109  0.00123049  0.00123049
-9.80304  0.00123162  0.00123162
-9.80497  0.00122876  0.00122876
-9.80689  0.00122377  0.00122377
-9.80881  0.00121983  0.00121983
-9.81072  0.00121952  0.00121952
-9.81261  0.00122332  0.00122332
-9.8145  0.00122928  0.00122928
-9.81638  0.00123424  0.00123424
-9.81824  0.00123563  0.00123563
-9.8201  0.00123306  0.00123306
-9.82195  0.00122852  0.00122852
-9.82379  0.0012252  0.0012252
-9.82562  0.00122563  0.00122563
-9.82744  0.00123013  0.00123013
-9.82925  0.00123665  0.00123665
-9.83105  0.00124199  0.00124199
-9.83285  0.00124366  0.00124366
-9.83463  0.00124141  0.00124141
-9.8364  0.00123733  0.00123733
-9.83817  0.00123467  0.00123467
-9.83992  0.00123585  0.00123585
-9.84167  0.00124109  0.00124109
-9.8434  0.00124822  0.00124822
-9.84513  0.00125398  0.00125398
-9.84684  0.00125598  0.00125598
-9.84855  0.00125407  0.00125407
-9.85025  0.00125048  0.00125048
-9.85194  0.0012485  0.0012485
-9.85361  0.00125048  0.00125048
-9.85528  0.00125651  0.00125651
-9.85694  0.00126429  0.00126429
-9.85859  0.00127054  0.00127054
-9.86023  0.0012729  0.0012729
-9.86186  0.00127137  0.00127137
-9.86349  0.00126831  0.00126831
-9.8651  0.00126705  0.00126705
-9.8667  0.00126988  0.00126988
-9.86829  0.00127676  0.00127676
-9.86988  0.00128527  0.00128527
-9.87145  0.00129206  0.00129206
-9.87301  0.00129484  0.00129484
-9.87457  0.00129375  0.00129375
-9.87611  0.00129127  0.00129127
-9.87765  0.00129077  0.00129077
-9.87918  0.00129453  0.00129453
-9.88069  0.00130234  0.00130234
-9.8822  0.00131166  0.00131166
-9.8837  0.00131908  0.00131908
-9.88519  0.00132235  0.00132235
-9.88666  0.00132175  0.00132175
-9.88813  0.0013199  0.0013199
-9.88959  0.00132025  0.00132025
-9.89104  0.00132502  0.00132502
-9.89248  0.00133387  0.00133387
-9.89392  0.00134411  0.00134411
-9.89534  0.00135225  0.00135225
-9.89675  0.0013561  0.0013561
-9.89815  0.00135607  0.00135607
-9.89954  0.00135493  0.00135493
-9.90093  0.00135622  0.00135622
-9.9023  0.00136211  0.00136211
-9.90366  0.00137213  0.00137213
-9.90502  0.00138342  0.00138342
-9.90636  0.00139241  0.00139241
-9.9077  0.00139694  0.00139694
-9.90903  0.00139758  0.00139758
-9.91034  0.00139726  0.00139726
-9.91165  0.00139961  0.00139961
-9.91295  0.00140678  0.00140678
-9.91423  0.00141813  0.00141813
-9.91551  0.00143064  0.00143064
-9.91678  0.00144062  0.00144062
-9.91804  0.00144598  0.00144598
-9.91929  0.0014474  0.0014474
-9.92053  0.00144804  0.00144804
-9.92176  0.00145161  0.00145161
-9.92298  0.00146024  0.00146024
-9.92419  0.00147314  0.00147314
-9.9254  0.00148707  0.00148707
-9.92659  0.00149826  0.00149826
-9.92777  0.0015046  0.0015046
-9.92894  0.00150698  0.00150698
-9.93011  0.00150875  0.00150875
-9.93126  0.00151375  0.00151375
-9.9324  0.00152408  0.00152408
-9.93354  0.0015388  0.0015388
-9.93466  0.00155443  0.00155443
-9.93578  0.00156707  0.00156707
-9.93689  0.00157464  0.00157464
-9.93798  0.00157819  0.00157819
-9.93907  0.00158131  0.00158131
-9.94015  0.00158802  0.00158802
-9.94121  0.00160038  0.00160038
-9.94227  0.00161726  0.00161726
-9.94332  0.00163495  0.00163495
-9.94436  0.00164937  0.00164937
-9.94539  0.00165846  0.00165846
-9.94641  0.00166347  0.00166347
-9.94742  0.00166827  0.00166827
-9.94842  0.00167705  0.00167705
-9.94941  0.00169186  0.00169186
-9.95039  0.00171138  0.00171138
-9.95136  0.00173159  0.00173159
-9.95233  0.00174823  0.00174823
-9.95328  0.00175924  0.00175924
-9.95422  0.00176612  0.00176612
-9.95516  0.00177301  0.00177301
-9.95608  0.00178436  0.00178436
-9.95699  0.00180221  0.00180221
-9.9579  0.00182498  0.00182498
-9.95879  0.00184836  0.00184836
-9.95968  0.00186781  0.00186781
-9.96056  0.00188131  0.00188131
-9.96142  0.0018906  0.0018906
-9.96228  0.00190019  0.00190019
-9.96313  0.0019148  0.0019148
-9.96396  0.00193647  0.00193647
-9.96479  0.00196337  0.00196337
-9.96561  0.00199079  0.00199079
-9.96642  0.00201391  0.00201391
-9.96722  0.00203069  0.00203069
-9.96801  0.00204317  0.00204317
-9.96879  0.00205632  0.00205632
-9.96956  0.00207517  0.00207517
-9.97032  0.0021018  0.0021018
-9.97107  0.00213407  0.00213407
-9.97181  0.00216678  0.00216678
-9.97254  0.00219477  0.00219477
-9.97326  0.00221599  0.00221599
-9.97398  0.00223284  0.00223284
-9.97468  0.00225081  0.00225081
-9.97537  0.00227536  0.00227536
-9.97606  0.00230861  0.00230861
-9.97673  0.00234804  0.00234804
-9.9774  0.00238791  0.00238791
-9.97805  0.00242259  0.00242259
-9.9787  0.00245002  0.00245002
-9.97933  0.00247302  0.00247302
-9.97996  0.00249777  0.00249777
-9.98057  0.00253025  0.00253025
-9.98118  0.00257265  0.00257265
-9.98178  0.00262203  0.00262203
-9.98237  0.00267192  0.00267192
-9.98294  0.00271615  0.00271615
-9.98351  0.0027526  0.0027526
-9.98407  0.00278464  0.00278464
-9.98462  0.00281932  0.00281932
-9.98516  0.00286332  0.00286332
-9.98569  0.00291898  0.00291898
-9.98621  0.0029828  0.0029828
-9.98672  0.00304741  0.00304741
-9.98722  0.00310591  0.00310591
-9.98771  0.00315613  0.00315613
-9.98819  0.00320215  0.00320215
-9.98867  0.00325219  0.00325219
-9.98913  0.00331391  0.00331391
-9.98958  0.00338988  0.00338988
-9.99002  0.00347594  0.00347594
-9.99046  0.00356353  0.00356353
-9.99088  0.00364479  0.00364479
-9.9913  0.00371746  0.00371746
-9.9917  0.00378664  0.00378664
-9.9921  0.00386219  0.00386219
-9.99248  0.00395326  0.00395326
-9.99286  0.00406285  0.00406285
-9.99322  0.004186  0.004186
-9.99358  0.00431258  0.00431258
-9.99393  0.00443341  0.00443341
-9.99426  0.00454617  0.00454617
-9.99459  0.00465752  0.00465752
-9.99491  0.00477994  0.00477994
-9.99522  0.00492499  0.00492499
-9.99552  0.00509672  0.00509672
-9.99581  0.0052893  0.0052893
-9.99609  0.00549055  0.00549055
-9.99636  0.00568956  0.00568956
-9.99662  0.00588425  0.00588425
-9.99687  0.00608417  0.00608417
-9.99711  0.00630671  0.00630671
-9.99734  0.00656838  0.00656838
-9.99756  0.00687625  0.00687625
-9.99777  0.0072246  0.0072246
-9.99797  0.00759937  0.00759937
-9.99817  0.00798844  0.00798844
-9.99835  0.00839225  0.00839225
-9.99852  0.00882856  0.00882856
-9.99869  0.00932812  0.00932812
-9.99884  0.00992318  0.00992318
-9.99899  0.0106354  0.0106354
-9.99912  0.0114708  0.0114708
-9.99925  0.012426  0.012426
-9.99936  0.0135059  0.0135059
-9.99947  0.014744  0.014744
-9.99957  0.0162194  0.0162194
-9.99965  0.018064  0.018064
-9.99973  0.0204656  0.0204656
-9.9998  0.0236834  0.0236834
-9.99985  0.0281113  0.0281113
-9.9999  0.0344654  0.0344654
-9.99994  0.0443119  0.0443119
-9.99997  0.0618392  0.0618392
-9.99999  0.102599  0.102599
-10  0.306808  0.306808
