-9  -1.45232e-06  -1.45232e-06
-8.99996  -4.32455e-08  -4.32455e-08
-8.99989  -1.13808e-08  -1.13808e-08
-8.99979  -6.90183e-09  -6.90183e-09
-8.99965  -4.25324e-09  -4.25324e-09
-8.99948  -2.24158e-09  -2.24158e-09
-8.99927  -1.52086e-09  -1.52086e-09
-8.99902  -1.42059e-09  -1.42059e-09
-8.99875  -1.12156e-09  -1.12156e-09
-8.99843  -7.10215e-10  -7.10215e-10
-8.99809  -5.61427e-10  -5.61427e-10
-8.99771  -5.81919e-10  -5.81919e-10
-8.99729  -4.92561e-10  -4.92561e-10
-8.99684  -3.30813e-10  -3.30813e-10
-8.99635  -2.8116e-10  -2.8116e-10
-8.99583  -3.09241e-10  -3.09241e-10
-8.99528  -2.70303e-10  -2.70303e-10
-8.99469  -1.8464e-10  -1.8464e-10
-8.99406  -1.61704e-10  -1.61704e-10
-8.9934  -1.84072e-10  -1.84072e-10
-8.99271  -1.62926e-10  -1.62926e-10
-8.99198  -1.11113e-10  -1.11113e-10
-8.99122  -1.00341e-10  -1.00341e-10
-8.99042  -1.19015e-10  -1.19015e-10
-8.98959  -1.06225e-10  -1.06225e-10
-8.98872  -7.10387e-11  -7.10387e-11
-8.98782  -6.46722e-11  -6.46722e-11
-8.98688  -7.91389e-11  -7.91389e-11
-8.98591  -7.03282e-11  -7.03282e-11
-8.98491  -4.52886e-11  -4.52886e-11
-8.98387  -4.22475e-11  -4.22475e-11
-8.98279  -5.45825e-11  -5.45825e-11
-8.98168  -4.8415e-11  -4.8415e-11
-8.98054  -2.94009e-11  -2.94009e-11
-8.97936  -2.7383e-11  -2.7383e-11
-8.97814  -3.72453e-11  -3.72453e-11
-8.9769  -3.24136e-11  -3.24136e-11
-8.97561  -1.76912e-11  -1.76912e-11
-8.9743  -1.7009e-11  -1.7009e-11
-8.97294  -2.57913e-11  -2.57913e-11
-8.97156  -2.21534e-11  -2.21534e-11
-8.97014  -1.02162e-11  -1.02162e-11
-8.96868  -9.78992e-12  -9.78992e-12
-8.96719  -1.7009e-11  -1.7009e-11
-8.96567  -1.38826e-11  -1.38826e-11
-8.96411  -4.16242e-12  -4.16242e-12
-8.96251  -4.44664e-12  -4.44664e-12
-8.96088  -1.10973e-11  -1.10973e-11
-8.95922  -8.68147e-12  -8.68147e-12
-8.95752  -4.67599e-13  -4.67599e-13
-8.95579  -7.23394e-13  -7.23394e-13
-8.95403  -6.32247e-12  -6.32247e-12
-8.95222  -4.10558e-12  -4.10558e-12
-8.95039  2.82932e-12  2.82932e-12
-8.94852  2.09035e-12  2.09035e-12
-8.94661  -3.28135e-12  -3.28135e-12
-8.94467  -1.54762e-12  -1.54762e-12
-8.9427  4.47778e-12  4.47778e-12
-8.94069  3.8525e-12  3.8525e-12
-8.93865  -7.23394e-13  -7.23394e-13
-8.93657  9.53486e-13  9.53486e-13
-8.93446  6.12624e-12  6.12624e-12
-8.93232  5.10306e-12  5.10306e-12
-8.93014  5.55582e-13  5.55582e-13
-8.92792  1.83456e-12  1.83456e-12
-8.92567  6.43888e-12  6.43888e-12
-8.92339  5.5578e-12  5.5578e-12
-8.92107  1.66403e-12  1.66403e-12
-8.91872  2.94301e-12  2.94301e-12
-8.91633  6.95047e-12  6.95047e-12
-8.91391  5.69991e-12  5.69991e-12
-8.91145  1.69245e-12  1.69245e-12
-8.90896  2.63037e-12  2.63037e-12
-8.90644  6.2115e-12  6.2115e-12
-8.90388  5.13148e-12  5.13148e-12
-8.90129  1.63561e-12  1.63561e-12
-8.89866  2.63037e-12  2.63037e-12
-8.896  5.75676e-12  5.75676e-12
-8.8933  4.27883e-12  4.27883e-12
-8.89057  5.55582e-13  5.55582e-13
-8.88781  1.18086e-12  1.18086e-12
-8.88501  4.02303e-12  4.02303e-12
-8.88218  2.71563e-12  2.71563e-12
-8.87931  -5.52864e-13  -5.52864e-13
-8.87641  1.861e-13  1.861e-13
-8.87347  2.60195e-12  2.60195e-12
-8.8705  8.398e-13  8.398e-13
-8.8675  -2.79818e-12  -2.79818e-12
-8.86446  -2.48554e-12  -2.48554e-12
-8.86139  -2.68647e-13  -2.68647e-13
-8.85828  -1.83184e-12  -1.83184e-12
-8.85514  -5.04349e-12  -5.04349e-12
-8.85197  -4.61717e-12  -4.61717e-12
-8.84876  -2.8266e-12  -2.8266e-12
-8.84551  -4.98665e-12  -4.98665e-12
-8.84224  -8.73832e-12  -8.73832e-12
-8.83893  -8.76674e-12  -8.76674e-12
-8.83558  -7.17512e-12  -7.17512e-12
-8.8322  -9.07938e-12  -9.07938e-12
-8.82879  -1.24331e-11  -1.24331e-11
-8.82534  -1.23763e-11  -1.23763e-11
-8.82186  -1.12394e-11  -1.12394e-11
-8.81834  -1.39111e-11  -1.39111e-11
-8.81479  -1.80606e-11  -1.80606e-11
-8.81121  -1.85438e-11  -1.85438e-11
-8.80759  -1.76059e-11  -1.76059e-11
-8.80394  -2.00217e-11  -2.00217e-11
-8.80025  -2.37166e-11  -2.37166e-11
-8.79654  -2.41713e-11  -2.41713e-11
-8.79278  -2.38302e-11  -2.38302e-11
-8.789  -2.73545e-11  -2.73545e-11
-8.78517  -3.21862e-11  -3.21862e-11
-8.78132  -3.33799e-11  -3.33799e-11
-8.77743  -3.32094e-11  -3.32094e-11
-8.77351  -3.64495e-11  -3.64495e-11
-8.76955  -4.08264e-11  -4.08264e-11
-8.76556  -4.20201e-11  -4.20201e-11
-8.76154  -4.27591e-11  -4.27591e-11
-8.75748  -4.75908e-11  -4.75908e-11
-8.75339  -5.36446e-11  -5.36446e-11
-8.74926  -5.59184e-11  -5.59184e-11
-8.7451  -5.68847e-11  -5.68847e-11
-8.74091  -6.13469e-11  -6.13469e-11
-8.73668  -6.6946e-11  -6.6946e-11
-8.73242  -6.93902e-11  -6.93902e-11
-8.72813  -7.17777e-11  -7.17777e-11
-8.7238  -7.8741e-11  -7.8741e-11
-8.71944  -8.6898e-11  -8.6898e-11
-8.71505  -9.09623e-11  -9.09623e-11
-8.71062  -9.37192e-11  -9.37192e-11
-8.70616  -1.00256e-10  -1.00256e-10
-8.70166  -1.07959e-10  -1.07959e-10
-8.69713  -1.12534e-10  -1.12534e-10
-8.69257  -1.17679e-10  -1.17679e-10
-8.68797  -1.28252e-10  -1.28252e-10
-8.68334  -1.40132e-10  -1.40132e-10
-8.67868  -1.47323e-10  -1.47323e-10
-8.67398  -1.53149e-10  -1.53149e-10
-8.66925  -1.63296e-10  -1.63296e-10
-8.66449  -1.74806e-10  -1.74806e-10
-8.65969  -1.83248e-10  -1.83248e-10
-8.65486  -1.93366e-10  -1.93366e-10
-8.65  -2.10504e-10  -2.10504e-10
-8.6451  -2.29206e-10  -2.29206e-10
-8.64017  -2.42251e-10  -2.42251e-10
-8.63521  -2.53733e-10  -2.53733e-10
-8.63021  -2.70502e-10  -2.70502e-10
-8.62518  -2.89175e-10  -2.89175e-10
-8.62012  -3.05148e-10  -3.05148e-10
-8.61502  -3.24816e-10  -3.24816e-10
-8.60989  -3.54602e-10  -3.54602e-10
-8.60473  -3.86662e-10  -3.86662e-10
-8.59953  -4.11417e-10  -4.11417e-10
-8.59431  -4.3424e-10  -4.3424e-10
-8.58904  -4.64139e-10  -4.64139e-10
-8.58375  -4.97194e-10  -4.97194e-10
-8.57842  -5.28713e-10  -5.28713e-10
-8.57306  -5.68447e-10  -5.68447e-10
-8.56766  -6.24551e-10  -6.24551e-10
-8.56223  -6.84777e-10  -6.84777e-10
-8.55677  -7.35055e-10  -7.35055e-10
-8.55128  -7.82718e-10  -7.82718e-10
-8.54575  -8.40812e-10  -8.40812e-10
-8.54019  -9.05244e-10  -9.05244e-10
-8.5346  -9.71865e-10  -9.71865e-10
-8.52898  -1.05741e-09  -1.05741e-09
-8.52332  -1.17374e-09  -1.17374e-09
-8.51763  -1.29996e-09  -1.29996e-09
-8.5119  -1.41189e-09  -1.41189e-09
-8.50615  -1.51986e-09  -1.51986e-09
-8.50036  -1.64537e-09  -1.64537e-09
-8.49453  -1.78549e-09  -1.78549e-09
-8.48868  -1.94005e-09  -1.94005e-09
-8.48279  -2.1427e-09  -2.1427e-09
-8.47687  -2.41483e-09  -2.41483e-09
-8.47092  -2.71647e-09  -2.71647e-09
-8.46493  -2.99836e-09  -2.99836e-09
-8.45891  -3.27382e-09  -3.27382e-09
-8.45286  -3.58331e-09  -3.58331e-09
-8.44678  -3.93213e-09  -3.93213e-09
-8.44066  -4.33808e-09  -4.33808e-09
-8.43451  -4.88624e-09  -4.88624e-09
-8.42833  -5.63081e-09  -5.63081e-09
-8.42212  -6.48522e-09  -6.48522e-09
-8.41587  -7.3244e-09  -7.3244e-09
-8.40959  -8.15403e-09  -8.15403e-09
-8.40328  -9.0625e-09  -9.0625e-09
-8.39694  -1.00954e-08  -1.00954e-08
-8.39056  -1.13598e-08  -1.13598e-08
-8.38415  -1.31482e-08  -1.31482e-08
-8.37771  -1.56754e-08  -1.56754e-08
-8.37124  -1.87295e-08  -1.87295e-08
-8.36473  -2.18886e-08  -2.18886e-08
-8.35819  -2.5051e-08  -2.5051e-08
-8.35162  -2.84435e-08  -2.84435e-08
-8.34502  -3.23267e-08  -3.23267e-08
-8.33839  -3.73544e-08  -3.73544e-08
-8.33172  -4.50623e-08  -4.50623e-08
-8.32502  -5.68642e-08  -5.68642e-08
-8.31829  -7.22468e-08  -7.22468e-08
-8.31153  -8.91011e-08  -8.91011e-08
-8.30474  -1.06232e-07  -1.06232e-07
-8.29791  -1.24304e-07  -1.24304e-07
-8.29105  -1.45105e-07  -1.45105e-07
-8.28416  -1.74415e-07  -1.74415e-07
-8.27724  -2.26863e-07  -2.26863e-07
-8.27028  -3.19887e-07  -3.19887e-07
-8.2633  -4.55452e-07  -4.55452e-07
-8.25628  -6.14667e-07  -6.14667e-07
-8.24923  -7.7966e-07  -7.7966e-07
-8.24215  -9.51466e-07  -9.51466e-07
-8.23503  -1.15284e-06  -1.15284e-06
-8.22789  -1.50102e-06  -1.50102e-06
-8.22071  -2.37729e-06  -2.37729e-06
-8.2135  -4.40928e-06  -4.40928e-06
-8.20626  -7.96015e-06  -7.96015e-06
-8.19899  -1.26063e-05  -1.26063e-05
-8.19169  -1.75816e-05  -1.75816e-05
-8.18435  -2.27003e-05  -2.27003e-05
-8.17698  -2.99329e-05  -2.99329e-05
-8.16959  -6.30485e-05  -6.30485e-05
-8.16216  -0.000269322  -0.000269322
-8.15469  -0.00122348  -0.00122348
-8.1472  -0.00454935  -0.00454935
-8.13968  -0.0138287  -0.0138287
-8.13212  -0.0354879  -0.0354879
-8.12454  -0.0791078  -0.0791078
-8.11692  -0.156638  -0.156638
-8.10927  -0.280422  -0.280422
-8.10159  -0.460586  -0.460586
-8.09387  -0.702694  -0.702694
-8.08613  -1.00646  -1.00646
-8.07836  -1.36562  -1.36562
-8.07055  -1.76864  -1.76864
-8.06271  -2.19962  -2.19962
-8.05485  -2.63971  -2.63971
-8.04695  -3.06929  -3.06929
-8.03902  -3.47158  -3.47158
-8.03106  -3.83718  -3.83718
-8.02307  -4.16793  -4.16793
-8.01504  -4.47808  -4.47808
-8.00699  -4.79094  -4.79094
-7.99891  -5.13141  -5.13141
-7.99079  -5.51693  -5.51693
-7.98264  -5.95091  -5.95091
-7.97447  -6.42201  -6.42201
-7.96626  -6.90988  -6.90988
-7.95802  -7.39414  -7.39414
-7.94975  -7.86177  -7.86177
-7.94145  -8.30949  -8.30949
-7.93312  -8.74126  -8.74126
-7.92476  -9.16403  -9.16403
-7.91637  -9.58482  -9.58482
-7.90795  -10.0095  -10.0095
-7.8995  -10.4415  -10.4415
-7.89101  -10.8796  -10.8796
-7.8825  -11.316  -11.316
-7.87396  -11.7382  -11.7382
-7.86538  -12.1358  -12.1358
-7.85678  -12.508  -12.508
-7.84814  -12.8665  -12.8665
-7.83948  -13.2307  -13.2307
-7.83078  -13.6186  -13.6186
-7.82206  -14.0394  -14.0394
-7.8133  -14.4928  -14.4928
-7.80452  -14.9734  -14.9734
-7.7957  -15.4733  -15.4733
-7.78686  -15.9816  -15.9816
-7.77798  -16.4809  -16.4809
-7.76907  -16.9484  -16.9484
-7.76014  -17.3629  -17.3629
-7.75117  -17.7156  -17.7156
-7.74218  -18.0174  -18.0174
-7.73315  -18.2976  -18.2976
-7.7241  -18.5947  -18.5947
-7.71501  -18.9458  -18.9458
-7.7059  -19.376  -19.376
-7.69675  -19.8909  -19.8909
-7.68758  -20.4712  -20.4712
-7.67837  -21.0728  -21.0728
-7.66914  -21.635  -21.635
-7.65988  -22.1005  -22.1005
-7.65059  -22.4387  -22.4387
-7.64126  -22.6628  -22.6628
-7.63191  -22.8273  -22.8273
-7.62253  -23.0075  -23.0075
-7.61312  -23.2676  -23.2676
-7.60368  -23.6349  -23.6349
-7.59421  -24.0903  -24.0903
-7.58472  -24.5786  -24.5786
-7.57519  -25.0316  -25.0316
-7.56563  -25.3942  -25.3942
-7.55605  -25.6414  -25.6414
-7.54643  -25.7837  -25.7837
-7.53679  -25.8598  -25.8598
-7.52711  -25.9219  -25.9219
-7.51741  -26.0189  -26.0189
-7.50768  -26.183  -26.183
-7.49792  -26.4234  -26.4234
-7.48813  -26.7293  -26.7293
-7.47831  -27.0787  -27.0787
-7.46847  -27.4502  -27.4502
-7.45859  -27.8318  -27.8318
-7.44869  -28.2244  -28.2244
-7.43876  -28.6389  -28.6389
-7.42879  -29.0911  -29.0911
-7.4188  -29.5944  -29.5944
-7.40878  -30.1524  -30.1524
-7.39874  -30.7526  -30.7526
-7.38866  -31.3623  -31.3623
-7.37856  -31.9319  -31.9319
-7.36842  -32.406  -32.406
-7.35826  -32.7406  -32.7406
-7.34807  -32.9193  -32.9193
-7.33786  -32.9606  -32.9606
-7.32761  -32.9132  -32.9132
-7.31734  -32.8412  -32.8412
-7.30703  -32.8051  -32.8051
-7.2967  -32.8465  -32.8465
-7.28634  -32.9829  -32.9829
-7.27596  -33.212  -33.212
-7.26554  -33.5227  -33.5227
-7.2551  -33.9053  -33.9053
-7.24463  -34.3556  -34.3556
-7.23413  -34.8694  -34.8694
-7.2236  -35.4327  -35.4327
-7.21305  -36.0174  -36.0174
-7.20246  -36.5873  -36.5873
-7.19185  -37.1142  -37.1142
-7.18122  -37.5914  -37.5914
-7.17055  -38.0341  -38.0341
-7.15986  -38.4633  -38.4633
-7.14914  -38.8842  -38.8842
-7.13839  -39.2746  -39.2746
-7.12761  -39.5954  -39.5954
-7.11681  -39.8142  -39.8142
-7.10598  -39.9293  -39.9293
-7.09512  -39.9759  -39.9759
-7.08423  -40.0134  -40.0134
-7.07332  -40.1026  -40.1026
-7.06238  -40.2873  -40.2873
-7.05141  -40.5887  -40.5887
-7.04042  -41.01  -41.01
-7.02939  -41.5432  -41.5432
-7.01835  -42.1716  -42.1716
-7.00727  -42.8651  -42.8651
-6.99617  -43.5751  -43.5751
-6.98504  -44.2363  -44.2363
-6.97388  -44.7825  -44.7825
-6.9627  -45.1717  -45.1717
-6.95149  -45.4102  -45.4102
-6.94025  -45.559  -45.559
-6.92898  -45.715  -45.715
-6.91769  -45.973  -45.973
-6.90638  -46.3867  -46.3867
-6.89503  -46.9472  -46.9472
-6.88366  -47.5922  -47.5922
-6.87226  -48.2365  -48.2365
-6.86084  -48.8085  -48.8085
-6.84939  -49.2734  -49.2734
-6.83791  -49.6365  -49.6365
-6.82641  -49.9306  -49.9306
-6.81488  -50.1997  -50.1997
-6.80332  -50.4862  -50.4862
-6.79174  -50.8241  -50.8241
-6.78013  -51.2315  -51.2315
-6.7685  -51.701  -51.701
-6.75684  -52.1918  -52.1918
-6.74515  -52.6327  -52.6327
-6.73344  -52.9433  -52.9433
-6.7217  -53.0672  -53.0672
-6.70994  -53.0015  -53.0015
-6.69815  -52.8077  -52.8077
-6.68633  -52.5958  -52.5958
-6.67449  -52.4923  -52.4923
-6.66262  -52.6076  -52.6076
-6.65073  -53.0156  -53.0156
-6.63881  -53.7465  -53.7465
-6.62687  -54.7833  -54.7833
-6.6149  -56.0552  -56.0552
-6.6029  -57.4292  -57.4292
-6.59088  -58.7149  -58.7149
-6.57883  -59.6947  -59.6947
-6.56676  -60.1819  -60.1819
-6.55467  -60.0857  -60.0857
-6.54254  -59.453  -59.453
-6.5304  -58.4625  -58.4625
-6.51822  -57.3704  -57.3704
-6.50603  -56.4321  -56.4321
-6.4938  -55.8306  -55.8306
-6.48156  -55.6414  -55.6414
-6.46928  -55.8369  -55.8369
-6.45698  -56.3216  -56.3216
-6.44466  -56.9754  -56.9754
-6.43231  -57.6881  -57.6881
-6.41994  -58.3783  -58.3783
-6.40755  -58.997  -58.997
-6.39512  -59.5279  -59.5279
-6.38268  -59.9853  -59.9853
-6.37021  -60.4089  -60.4089
-6.35771  -60.8492  -60.8492
-6.34519  -61.3417  -61.3417
-6.33265  -61.8835  -61.8835
-6.32008  -62.4264  -62.4264
-6.30748  -62.898  -62.898
-6.29487  -63.2424  -63.2424
-6.28222  -63.4578  -63.4578
-6.26956  -63.6066  -63.6066
-6.25687  -63.7872  -63.7872
-6.24415  -64.0806  -64.0806
-6.23141  -64.5007  -64.5007
-6.21865  -64.9773  -64.9773
-6.20586  -65.3858  -65.3858
-6.19305  -65.6097  -65.6097
-6.18022  -65.6037  -65.6037
-6.16736  -65.4237  -65.4237
-6.15448  -65.2087  -65.2087
-6.14157  -65.1266  -65.1266
-6.12865  -65.3073  -65.3073
-6.11569  -65.7936  -65.7936
-6.10272  -66.5216  -66.5216
-6.08972  -67.3372  -67.3372
-6.07669  -68.0423  -68.0423
-6.06364  -68.459  -68.459
-6.05057  -68.4933  -68.4933
-6.03748  -68.1699  -68.1699
-6.02436  -67.6235  -67.6235
-6.01122  -67.0434  -67.0434
-5.99806  -66.5984  -66.5984
-5.98487  -66.3751  -66.3751
-5.97166  -66.3575  -66.3575
-5.95843  -66.4514  -66.4514
-5.94518  -66.5351  -66.5351
-5.9319  -66.5084  -66.5084
-5.9186  -66.3234  -66.3234
-5.90527  -65.9921  -65.9921
-5.89193  -65.5783  -65.5783
-5.87856  -65.1802  -65.1802
-5.86516  -64.9057  -64.9057
-5.85175  -64.8431  -64.8431
-5.83831  -65.0324  -65.0324
-5.82485  -65.4506  -65.4506
-5.81137  -66.0203  -66.0203
-5.79786  -66.6398  -66.6398
-5.78434  -67.2189  -67.2189
-5.77079  -67.7024  -67.7024
-5.75722  -68.073  -68.073
-5.74362  -68.3417  -68.3417
-5.73001  -68.5416  -68.5416
-5.71637  -68.7309  -68.7309
-5.70271  -68.9989  -68.9989
-5.68902  -69.4547  -69.4547
-5.67532  -70.1891  -70.1891
-5.66159  -71.2216  -71.2216
-5.64785  -72.464  -72.464
-5.63408  -73.7349  -73.7349
-5.62029  -74.8268  -74.8268
-5.60647  -75.5999  -75.5999
-5.59264  -76.046  -76.046
-5.57878  -76.2859  -76.2859
-5.5649  -76.4971  -76.4971
-5.551  -76.8155  -76.8155
-5.53708  -77.2698  -77.2698
-5.52314  -77.7834  -77.7834
-5.50918  -78.2373  -78.2373
-5.49519  -78.5487  -78.5487
-5.48119  -78.7157  -78.7157
-5.46716  -78.8075  -78.8075
-5.45311  -78.9135  -78.9135
-5.43905  -79.0903  -79.0903
-5.42496  -79.3348  -79.3348
-5.41085  -79.5929  -79.5929
-5.39671  -79.7909  -79.7909
-5.38256  -79.8724  -79.8724
-5.36839  -79.8242  -79.8242
-5.35419  -79.6835  -79.6835
-5.33998  -79.5213  -79.5213
-5.32574  -79.4051  -79.4051
-5.31149  -79.361  -79.361
-5.29721  -79.3585  -79.3585
-5.28292  -79.3384  -79.3384
-5.2686  -79.2715  -79.2715
-5.25426  -79.2111  -79.2111
-5.2399  -79.2954  -79.2954
-5.22553  -79.6869  -79.6869
-5.21113  -80.4791  -80.4791
-5.19671  -81.6273  -81.6273
-5.18227  -82.9464  -82.9464
-5.16782  -84.1784  -84.1784
-5.15334  -85.0915  -85.0915
-5.13884  -85.559  -85.559
-5.12432  -85.5843  -85.5843
-5.10979  -85.2724  -85.2724
-5.09523  -84.7724  -84.7724
-5.08065  -84.2246  -84.2246
-5.06606  -83.7315  -83.7315
-5.05144  -83.3547  -83.3547
-5.0368  -83.1244  -83.1244
-5.02215  -83.05  -83.05
-5.00748  -83.125  -83.125
-4.99278  -83.3281  -83.3281
-4.97807  -83.6261  -83.6261
-4.96334  -83.9783  -83.9783
-4.94859  -84.3372  -84.3372
-4.93382  -84.6467  -84.6467
-4.91903  -84.8424  -84.8424
-4.90422  -84.8641  -84.8641
-4.88939  -84.6817  -84.6817
-4.87455  -84.3223  -84.3223
-4.85968  -83.8788  -83.8788
-4.8448  -83.4869  -83.4869
-4.8299  -83.2744  -83.2744
-4.81498  -83.31  -83.31
-4.80004  -83.5776  -83.5776
-4.78508  -83.9923  -83.9923
-4.77011  -84.4497  -84.4497
-4.75511  -84.8788  -84.8788
-4.7401  -85.2709  -85.2709
-4.72507  -85.6687  -85.6687
-4.71002  -86.1246  -86.1246
-4.69495  -86.6561  -86.6561
-4.67987  -87.2256  -87.2256
-4.66476  -87.7579  -87.7579
-4.64964  -88.1835  -88.1835
-4.6345  -88.4789  -88.4789
-4.61934  -88.6799  -88.6799
-4.60417  -88.8579  -88.8579
-4.58898  -89.077  -89.077
-4.57377  -89.359  -89.359
-4.55854  -89.679  -89.679
-4.54329  -89.9903  -89.9903
-4.52803  -90.261  -90.261
-4.51275  -90.4951  -90.4951
-4.49745  -90.7259  -90.7259
-4.48213  -90.9868  -90.9868
-4.4668  -91.2796  -91.2796
-4.45145  -91.5604  -91.5604
-4.43608  -91.7506  -91.7506
-4.4207  -91.7666  -91.7666
-4.4053  -91.5559  -91.5559
-4.38988  -91.1241  -91.1241
-4.37444  -90.5446  -90.5446
-4.35899  -89.943  -89.943
-4.34352  -89.4565  -89.4565
-4.32804  -89.1791  -89.1791
-4.31254  -89.1146  -89.1146
-4.29702  -89.1662  -89.1662
-4.28148  -89.178  -89.178
-4.26593  -89.0169  -89.0169
-4.25036  -88.6532  -88.6532
-4.23478  -88.196  -88.196
-4.21918  -87.8628  -87.8628
-4.20356  -87.8957  -87.8957
-4.18792  -88.4669  -88.4669
-4.17227  -89.613  -89.613
-4.15661  -91.2208  -91.2208
-4.14093  -93.0603  -93.0603
-4.12523  -94.8487  -94.8487
-4.10951  -96.3239  -96.3239
-4.09379  -97.3077  -97.3077
-4.07804  -97.7422  -97.7422
-4.06228  -97.6866  -97.6866
-4.0465  -97.2742  -97.2742
-4.03071  -96.6474  -96.6474
-4.0149  -95.9028  -95.9028
-3.99908  -95.0772  -95.0772
-3.98324  -94.1811  -94.1811
-3.96739  -93.2589  -93.2589
-3.95152  -92.4282  -92.4282
-3.93563  -91.8631  -91.8631
-3.91973  -91.7184  -91.7184
-3.90382  -92.0349  -92.0349
-3.88789  -92.688  -92.688
-3.87194  -93.4216  -93.4216
-3.85598  -93.9607  -93.9607
-3.84001  -94.1442  -94.1442
-3.82402  -94.0029  -94.0029
-3.80801  -93.7368  -93.7368
-3.79199  -93.6015  -93.6015
-3.77596  -93.7682  -93.7682
-3.75991  -94.2351  -94.2351
-3.74385  -94.8336  -94.8336
-3.72777  -95.3224  -95.3224
-3.71168  -95.5115  -95.5115
-3.69557  -95.3505  -95.3505
-3.67945  -94.9406  -94.9406
-3.66332  -94.4707  -94.4707
-3.64717  -94.1178  -94.1178
-3.63101  -93.964  -93.964
-3.61483  -93.9687  -93.9687
-3.59864  -94.0035  -94.0035
-3.58244  -93.923  -93.923
-3.56622  -93.6316  -93.6316
-3.54999  -93.1144  -93.1144
-3.53374  -92.4292  -92.4292
-3.51748  -91.6799  -91.6799
-3.50121  -90.9922  -90.9922
-3.48492  -90.4979  -90.4979
-3.46863  -90.3133  -90.3133
-3.45231  -90.5048  -90.5048
-3.43599  -91.0526  -91.0526
-3.41965  -91.8431  -91.8431
-3.40329  -92.7109  -92.7109
-3.38693  -93.515  -93.515
-3.37055  -94.2027  -94.2027
-3.35416  -94.8153  -94.8153
-3.33775  -95.4302  -95.4302
-3.32133  -96.0785  -96.0785
-3.3049  -96.6981  -96.6981
-3.28846  -97.1521  -97.1521
-3.272  -97.2954  -97.2954
-3.25554  -97.0403  -97.0403
-3.23906  -96.3825  -96.3825
-3.22256  -95.3833  -95.3833
-3.20606  -94.1387  -94.1387
-3.18954  -92.7643  -92.7643
-3.17301  -91.3991  -91.3991
-3.15646  -90.2052  -90.2052
-3.13991  -89.3392  -89.3392
-3.12334  -88.9009  -88.9009
-3.10676  -88.8877  -88.8877
-3.09017  -89.1886  -89.1886
-3.07357  -89.6281  -89.6281
-3.05695  -90.0349  -90.0349
-3.04033  -90.2981  -90.2981
-3.02369  -90.3843  -90.3843
-3.00704  -90.3147  -90.3147
-2.99038  -90.1244  -90.1244
-2.9737  -89.8312  -89.8312
-2.95702  -89.4257  -89.4257
-2.94032  -88.8842  -88.8842
-2.92361  -88.1916  -88.1916
-2.9069  -87.3628  -87.3628
-2.89017  -86.4494  -86.4494
-2.87343  -85.5297  -85.5297
-2.85667  -84.6811  -84.6811
-2.83991  -83.9473  -83.9473
-2.82314  -83.3134  -83.3134
-2.80635  -82.6999  -82.6999
-2.78955  -81.9821  -81.9821
-2.77275  -81.0269  -81.0269
-2.75593  -79.7351  -79.7351
-2.7391  -78.0763  -78.0763
-2.72226  -76.1048  -76.1048
-2.70542  -73.9517  -73.9517
-2.68856  -71.7913  -71.7913
-2.67169  -69.7909  -69.7909
-2.65481  -68.0583  -68.0583
-2.63792  -66.612  -66.612
-2.62102  -65.391  -65.391
-2.60411  -64.3003  -64.3003
-2.58719  -63.2695  -63.2695
-2.57025  -62.2876  -62.2876
-2.55331  -61.395  -61.395
-2.53636  -60.6417  -60.6417
-2.5194  -60.0448  -60.0448
-2.50243  -59.5755  -59.5755
-2.48545  -59.1807  -59.1807
-2.46847  -58.8167  -58.8167
-2.45147  -58.4642  -58.4642
-2.43446  -58.1159  -58.1159
-2.41744  -57.7514  -57.7514
-2.40041  -57.3253  -57.3253
-2.38338  -56.7831  -56.7831
-2.36633  -56.0929  -56.0929
-2.34928  -55.2694  -55.2694
-2.33222  -54.3701  -54.3701
-2.31514  -53.466  -53.466
-2.29806  -52.6059  -52.6059
-2.28097  -51.7942  -51.7942
-2.26387  -50.9959  -50.9959
-2.24677  -50.1597  -50.1597
-2.22965  -49.2488  -49.2488
-2.21252  -48.2636  -48.2636
-2.19539  -47.2462  -47.2462
-2.17825  -46.2669  -46.2669
-2.1611  -45.3964  -45.3964
-2.14394  -44.6757  -44.6757
-2.12677  -44.0972  -44.0972
-2.1096  -43.6084  -43.6084
-2.09242  -43.1359  -43.1359
-2.07522  -42.6182  -42.6182
-2.05803  -42.029  -42.029
-2.04082  -41.3811  -41.3811
-2.0236  -40.7116  -40.7116
-2.00638  -40.0601  -40.0601
-1.98915  -39.4539  -39.4539
-1.97191  -38.9031  -38.9031
-1.95467  -38.4046  -38.4046
-1.93741  -37.9468  -37.9468
-1.92015  -37.5127  -37.5127
-1.90288  -37.082  -37.082
-1.88561  -36.6352  -36.6352
-1.86832  -36.1583  -36.1583
-1.85103  -35.6486  -35.6486
-1.83374  -35.1142  -35.1142
-1.81643  -34.5709  -34.5709
-1.79912  -34.0352  -34.0352
-1.7818  -33.5194  -33.5194
-1.76448  -33.028  -33.028
-1.74715  -32.5571  -32.5571
-1.72981  -32.0928  -32.0928
-1.71246  -31.6109  -31.6109
-1.69511  -31.0788  -31.0788
-1.67775  -30.463  -30.463
-1.66039  -29.742  -29.742
-1.64302  -28.9194  -28.9194
-1.62564  -28.0262  -28.0262
-1.60825  -27.1095  -27.1095
-1.59086  -26.2129  -26.2129
-1.57347  -25.3584  -25.3584
-1.55607  -24.5424  -24.5424
-1.53866  -23.746  -23.746
-1.52124  -22.9507  -22.9507
-1.50382  -22.1481  -22.1481
-1.4864  -21.3405  -21.3405
-1.46897  -20.5334  -20.5334
-1.45153  -19.7301  -19.7301
-1.43408  -18.9292  -18.9292
-1.41664  -18.1279  -18.1279
-1.39918  -17.3258  -17.3258
-1.38172  -16.5284  -16.5284
-1.36426  -15.7477  -15.7477
-1.34679  -14.9983  -14.9983
-1.32931  -14.289  -14.289
-1.31183  -13.6133  -13.6133
-1.29435  -12.9465  -12.9465
-1.27686  -12.2531  -12.2531
-1.25936  -11.5043  -11.5043
-1.24186  -10.6934  -10.6934
-1.22436  -9.83986  -9.83986
-1.20685  -8.97776  -8.97776
-1.18933  -8.13667  -8.13667
-1.17182  -7.32729  -7.32729
-1.15429  -6.54055  -6.54055
-1.13676  -5.75897  -5.75897
-1.11923  -4.97143  -4.97143
-1.1017  -4.18212  -4.18212
-1.08416  -3.40995  -3.40995
-1.06661  -2.68147  -2.68147
-1.04906  -2.02283  -2.02283
-1.03151  -1.45439  -1.45439
-1.01395  -0.988403  -0.988403
-0.996391  -0.628427  -0.628427
-0.978826  -0.369208  -0.369208
-0.961257  -0.197524  -0.197524
-0.943685  -0.0945525  -0.0945525
-0.926109  -0.0396261  -0.0396261
-0.90853  -0.0141391  -0.0141391
-0.890947  -0.0041464  -0.0041464
-0.873361  -0.000968937  -0.000968937
-0.855771  -0.00019586  -0.00019586
-0.838178  -5.9799e-05  -5.9799e-05
-0.820582  -3.82181e-05  -3.82181e-05
-0.802982  -3.00922e-05  -3.00922e-05
-0.78538  -2.3635e-05  -2.3635e-05
-0.767774  -1.65562e-05  -1.65562e-05
-0.750166  -9.64693e-06  -9.64693e-06
-0.732554  -4.98799e-06  -4.98799e-06
-0.71494  -2.86096e-06  -2.86096e-06
-0.697323  -2.02055e-06  -2.02055e-06
-0.679703  -1.54594e-06  -1.54594e-06
-0.662081  -1.26457e-06  -1.26457e-06
-0.644456  -1.10222e-06  -1.10222e-06
-0.626829  -8.83836e-07  -8.83836e-07
-0.609199  -6.02639e-07  -6.02639e-07
-0.591567  -4.05433e-07  -4.05433e-07
-0.573933  -3.27157e-07  -3.27157e-07
-0.556296  -2.72822e-07  -2.72822e-07
-0.538657  -2.08629e-07  -2.08629e-07
-0.521017  -1.82499e-07  -1.82499e-07
-0.503374  -1.89214e-07  -1.89214e-07
-0.485729  -1.67488e-07  -1.67488e-07
-0.468082  -1.14449e-07  -1.14449e-07
-0.450434  -8.4309e-08  -8.4309e-08
-0.432784  -8.57323e-08  -8.57323e-08
-0.415132  -7.79769e-08  -7.79769e-08
-0.397478  -5.62939e-08  -5.62939e-08
-0.379824  -5.41136e-08  -5.41136e-08
-0.362167  -6.92724e-08  -6.92724e-08
-0.344509  -6.55107e-08  -6.55107e-08
-0.32685  -4.17243e-08  -4.17243e-08
-0.30919  -3.15697e-08  -3.15697e-08
-0.291528  -3.92515e-08  -3.92515e-08
-0.273865  -3.76368e-08  -3.76368e-08
-0.256202  -2.52707e-08  -2.52707e-08
-0.238537  -2.69329e-08  -2.69329e-08
-0.220871  -4.08623e-08  -4.08623e-08
-0.203205  -4.00228e-08  -4.00228e-08
-0.185537  -2.39103e-08  -2.39103e-08
-0.167869  -1.84776e-08  -1.84776e-08
-0.1502  -2.64861e-08  -2.64861e-08
-0.132531  -2.61002e-08  -2.61002e-08
-0.114861  -1.6791e-08  -1.6791e-08
-0.0971911  -1.95655e-08  -1.95655e-08
-0.0795205  -3.26416e-08  -3.26416e-08
-0.0618496  -3.25311e-08  -3.25311e-08
-0.0441785  -1.90312e-08  -1.90312e-08
-0.0265071  -1.52882e-08  -1.52882e-08
-0.00883573  -2.34558e-08  -2.34558e-08
0.00883573  -2.3439e-08  -2.3439e-08
0.0265071  -1.52267e-08  -1.52267e-08
0.0441785  -1.89649e-08  -1.89649e-08
0.0618496  -3.26055e-08  -3.26055e-08
0.0795205  -3.29496e-08  -3.29496e-08
0.0971911  -1.99622e-08  -1.99622e-08
0.114861  -1.7019e-08  -1.7019e-08
0.132531  -2.61015e-08  -2.61015e-08
0.1502  -2.64244e-08  -2.64244e-08
0.167869  -1.84823e-08  -1.84823e-08
0.185537  -2.40666e-08  -2.40666e-08
0.203205  -4.05857e-08  -4.05857e-08
0.220871  -4.20311e-08  -4.20311e-08
0.238537  -2.83078e-08  -2.83078e-08
0.256202  -2.607e-08  -2.607e-08
0.273865  -3.76529e-08  -3.76529e-08
0.291528  -3.90239e-08  -3.90239e-08
0.30919  -3.15415e-08  -3.15415e-08
0.32685  -4.21923e-08  -4.21923e-08
0.344509  -6.7487e-08  -6.7487e-08
0.362167  -7.37067e-08  -7.37067e-08
0.379824  -5.96222e-08  -5.96222e-08
0.397478  -5.97104e-08  -5.97104e-08
0.415132  -7.81834e-08  -7.81834e-08
0.432784  -8.45736e-08  -8.45736e-08
0.450434  -8.31924e-08  -8.31924e-08
0.468082  -1.14665e-07  -1.14665e-07
0.485729  -1.75075e-07  -1.75075e-07
0.503374  -2.1108e-07  -2.1108e-07
0.521017  -2.12804e-07  -2.12804e-07
0.538657  -2.29298e-07  -2.29298e-07
0.556296  -2.74783e-07  -2.74783e-07
0.573933  -3.16977e-07  -3.16977e-07
0.591567  -3.85281e-07  -3.85281e-07
0.609199  -5.7839e-07  -5.7839e-07
0.626829  -9.13635e-07  -9.13635e-07
0.644456  -1.27243e-06  -1.27243e-06
0.662081  -1.55081e-06  -1.55081e-06
0.679703  -1.77211e-06  -1.77211e-06
0.697323  -2.04451e-06  -2.04451e-06
0.71494  -2.63408e-06  -2.63408e-06
0.732554  -4.28293e-06  -4.28293e-06
0.750166  -8.30599e-06  -8.30599e-06
0.767774  -1.5864e-05  -1.5864e-05
0.78538  -2.65991e-05  -2.65991e-05
0.802982  -3.7896e-05  -3.7896e-05
0.820582  -4.65164e-05  -4.65164e-05
0.838178  -5.85663e-05  -5.85663e-05
0.855771  -0.000142645  -0.000142645
0.873361  -0.000648968  -0.000648968
0.890947  -0.00285759  -0.00285759
0.90853  -0.0103768  -0.0103768
0.926109  -0.0313358  -0.0313358
0.943685  -0.0806717  -0.0806717
0.961257  -0.18093  -0.18093
0.978826  -0.359807  -0.359807
0.996391  -0.643898  -0.643898
1.01395  -1.05052  -1.05052
1.03151  -1.58153  -1.58153
1.04906  -2.2228  -2.2228
1.06661  -2.95019  -2.95019
1.08416  -3.73884  -3.73884
1.1017  -4.57026  -4.57026
1.11923  -5.43359  -5.43359
1.13676  -6.32122  -6.32122
1.15429  -7.22338  -7.22338
1.17182  -8.12619  -8.12619
1.18933  -9.01516  -9.01516
1.20685  -9.88105  -9.88105
1.22436  -10.7233  -10.7233
1.24186  -11.5482  -11.5482
1.25936  -12.3622  -12.3622
1.27686  -13.1665  -13.1665
1.29435  -13.9552  -13.9552
1.31183  -14.7187  -14.7187
1.32931  -15.45  -15.45
1.34679  -16.1494  -16.1494
1.36426  -16.8273  -16.8273
1.38172  -17.5029  -17.5029
1.39918  -18.1999  -18.1999
1.41664  -18.9371  -18.9371
1.43408  -19.7169  -19.7169
1.45153  -20.5188  -20.5188
1.46897  -21.3033  -21.3033
1.4864  -22.0276  -22.0276
1.50382  -22.6658  -22.6658
1.52124  -23.2184  -23.2184
1.53866  -23.7074  -23.7074
1.55607  -24.1594  -24.1594
1.57347  -24.5928  -24.5928
1.59086  -25.0164  -25.0164
1.60825  -25.4408  -25.4408
1.62564  -25.8895  -25.8895
1.64302  -26.3983  -26.3983
1.66039  -27.0022  -27.0022
1.67775  -27.7167  -27.7167
1.69511  -28.5261  -28.5261
1.71246  -29.3862  -29.3862
1.72981  -30.2409  -30.2409
1.74715  -31.0454  -31.0454
1.76448  -31.7844  -31.7844
1.7818  -32.4775  -32.4775
1.79912  -33.1665  -33.1665
1.81643  -33.8911  -33.8911
1.83374  -34.6656  -34.6656
1.85103  -35.471  -35.471
1.86832  -36.2691  -36.2691
1.88561  -37.0304  -37.0304
1.90288  -37.7574  -37.7574
1.92015  -38.4848  -38.4848
1.93741  -39.2571  -39.2571
1.95467  -40.095  -40.095
1.97191  -40.977  -40.977
1.98915  -41.8474  -41.8474
2.00638  -42.6474  -42.6474
2.0236  -43.3466  -43.3466
2.04082  -43.9546  -43.9546
2.05803  -44.5065  -44.5065
2.07522  -45.0361  -45.0361
2.09242  -45.5593  -45.5593
2.1096  -46.0775  -46.0775
2.12677  -46.5954  -46.5954
2.14394  -47.1334  -47.1334
2.1611  -47.7219  -47.7219
2.17825  -48.3832  -48.3832
2.19539  -49.1172  -49.1172
2.21252  -49.9065  -49.9065
2.22965  -50.7367  -50.7367
2.24677  -51.6134  -51.6134
2.26387  -52.5559  -52.5559
2.28097  -53.5677  -53.5677
2.29806  -54.6053  -54.6053
2.31514  -55.5738  -55.5738
2.33222  -56.3595  -56.3595
2.34928  -56.8851  -56.8851
2.36633  -57.1548  -57.1548
2.38338  -57.2594  -57.2594
2.40041  -57.34  -57.34
2.41744  -57.5312  -57.5312
2.43446  -57.9173  -57.9173
2.45147  -58.5202  -58.5202
2.46847  -59.3163  -59.3163
2.48545  -60.2632  -60.2632
2.50243  -61.3186  -61.3186
2.5194  -62.4449  -62.4449
2.53636  -63.6079  -63.6079
2.55331  -64.7781  -64.7781
2.57025  -65.937  -65.937
2.58719  -67.0817  -67.0817
2.60411  -68.2229  -68.2229
2.62102  -69.3726  -69.3726
2.63792  -70.5311  -70.5311
2.65481  -71.6794  -71.6794
2.67169  -72.7815  -72.7815
2.68856  -73.7965  -73.7965
2.70542  -74.6964  -74.6964
2.72226  -75.4848  -75.4848
2.7391  -76.209  -76.209
2.75593  -76.9561  -76.9561
2.77275  -77.8276  -77.8276
2.78955  -78.8961  -78.8961
2.80635  -80.1622  -80.1622
2.82314  -81.5371  -81.5371
2.83991  -82.8675  -82.8675
2.85667  -83.9956  -83.9956
2.87343  -84.8278  -84.8278
2.89017  -85.3729  -85.3729
2.9069  -85.7303  -85.7303
2.92361  -86.0351  -86.0351
2.94032  -86.3905  -86.3905
2.95702  -86.8249  -86.8249
2.9737  -87.2952  -87.2952
2.99038  -87.7296  -87.7296
3.00704  -88.0849  -88.0849
3.02369  -88.3829  -88.3829
3.04033  -88.7066  -88.7066
3.05695  -89.1569  -89.1569
3.07357  -89.7976  -89.7976
3.09017  -90.6177  -90.6177
3.10676  -91.534  -91.534
3.12334  -92.4272  -92.4272
3.13991  -93.1879  -93.1879
3.15646  -93.7452  -93.7452
3.17301  -94.0689  -94.0689
3.18954  -94.1565  -94.1565
3.20606  -94.0242  -94.0242
3.22256  -93.7116  -93.7116
3.23906  -93.2888  -93.2888
3.25554  -92.8498  -92.8498
3.272  -92.4852  -92.4852
3.28846  -92.25  -92.25
3.3049  -92.1512  -92.1512
3.32133  -92.1691  -92.1691
3.33775  -92.2959  -92.2959
3.35416  -92.5567  -92.5567
3.37055  -92.9901  -92.9901
3.38693  -93.5959  -93.5959
3.40329  -94.2937  -94.2937
3.41965  -94.9302  -94.9302
3.43599  -95.3428  -95.3428
3.45231  -95.4393  -95.4393
3.46863  -95.2412  -95.2412
3.48492  -94.8662  -94.8662
3.50121  -94.4678  -94.4678
3.51748  -94.1765  -94.1765
3.53374  -94.0731  -94.0731
3.54999  -94.1912  -94.1912
3.56622  -94.5237  -94.5237
3.58244  -95.0172  -95.0172
3.59864  -95.5653  -95.5653
3.61483  -96.0242  -96.0242
3.63101  -96.2591  -96.2591
3.64717  -96.2025  -96.2025
3.66332  -95.8897  -95.8897
3.67945  -95.4491  -95.4491
3.69557  -95.0514  -95.0514
3.71168  -94.8455  -94.8455
3.72777  -94.9062  -94.9062
3.74385  -95.2135  -95.2135
3.75991  -95.6663  -95.6663
3.77596  -96.1255  -96.1255
3.79199  -96.4716  -96.4716
3.80801  -96.6535  -96.6535
3.82402  -96.7011  -96.7011
3.84001  -96.6913  -96.6913
3.85598  -96.6839  -96.6839
3.87194  -96.6696  -96.6696
3.88789  -96.5704  -96.5704
3.90382  -96.3004  -96.3004
3.91973  -95.8501  -95.8501
3.93563  -95.3332  -95.3332
3.95152  -94.954  -94.954
3.96739  -94.9046  -94.9046
3.98324  -95.2504  -95.2504
3.99908  -95.874  -95.874
4.0149  -96.5115  -96.5115
4.03071  -96.8606  -96.8606
4.0465  -96.7038  -96.7038
4.06228  -95.9913  -95.9913
4.07804  -94.8546  -94.8546
4.09379  -93.5559  -93.5559
4.10951  -92.395  -92.395
4.12523  -91.604  -91.604
4.14093  -91.2685  -91.2685
4.15661  -91.3082  -91.3082
4.17227  -91.5324  -91.5324
4.18792  -91.7433  -91.7433
4.20356  -91.8294  -91.8294
4.21918  -91.792  -91.792
4.23478  -91.6949  -91.6949
4.25036  -91.5823  -91.5823
4.26593  -91.4324  -91.4324
4.28148  -91.1838  -91.1838
4.29702  -90.8104  -90.8104
4.31254  -90.3808  -90.3808
4.32804  -90.0492  -90.0492
4.34352  -89.9758  -89.9758
4.35899  -90.2296  -90.2296
4.37444  -90.7387  -90.7387
4.38988  -91.3232  -91.3232
4.4053  -91.7901  -91.7901
4.4207  -92.0301  -92.0301
4.43608  -92.0618  -92.0618
4.45145  -92.0009  -92.0009
4.4668  -91.9811  -91.9811
4.48213  -92.077  -92.077
4.49745  -92.2708  -92.2708
4.51275  -92.4733  -92.4733
4.52803  -92.5808  -92.5808
4.54329  -92.5322  -92.5322
4.55854  -92.3369  -92.3369
4.57377  -92.0614  -92.0614
4.58898  -91.7832  -91.7832
4.60417  -91.5379  -91.5379
4.61934  -91.2894  -91.2894
4.6345  -90.9441  -90.9441
4.64964  -90.4072  -90.4072
4.66476  -89.6492  -89.6492
4.67987  -88.7454  -88.7454
4.69495  -87.8571  -87.8571
4.71002  -87.1628  -87.1628
4.72507  -86.7725  -86.7725
4.7401  -86.6761  -86.6761
4.75511  -86.7536  -86.7536
4.77011  -86.8414  -86.8414
4.78508  -86.8151  -86.8151
4.80004  -86.643  -86.643
4.81498  -86.3833  -86.3833
4.8299  -86.1334  -86.1334
4.8448  -85.9651  -85.9651
4.85968  -85.8855  -85.8855
4.87455  -85.8393  -85.8393
4.88939  -85.7467  -85.7467
4.90422  -85.5473  -85.5473
4.91903  -85.225  -85.225
4.93382  -84.8044  -84.8044
4.94859  -84.3313  -84.3313
4.96334  -83.8551  -83.8551
4.97807  -83.4248  -83.4248
4.99278  -83.0899  -83.0899
5.00748  -82.8936  -82.8936
5.02215  -82.8501  -82.8501
5.0368  -82.9233  -82.9233
5.05144  -83.0263  -83.0263
5.06606  -83.0533  -83.0533
5.08065  -82.9243  -82.9243
5.09523  -82.6116  -82.6116
5.10979  -82.1312  -82.1312
5.12432  -81.5113  -81.5113
5.13884  -80.7721  -80.7721
5.15334  -79.9388  -79.9388
5.16782  -79.0789  -79.0789
5.18227  -78.3252  -78.3252
5.19671  -77.8577  -77.8577
5.21113  -77.8402  -77.8402
5.22553  -78.3468  -78.3468
5.2399  -79.3181  -79.3181
5.25426  -80.5711  -80.5711
5.2686  -81.8552  -81.8552
5.28292  -82.9262  -82.9262
5.29721  -83.6064  -83.6064
5.31149  -83.8146  -83.8146
5.32574  -83.5648  -83.5648
5.33998  -82.947  -82.947
5.35419  -82.0997  -82.0997
5.36839  -81.1828  -81.1828
5.38256  -80.3502  -80.3502
5.39671  -79.7228  -79.7228
5.41085  -79.3648  -79.3648
5.42496  -79.2718  -79.2718
5.43905  -79.3764  -79.3764
5.45311  -79.5719  -79.5719
5.46716  -79.748  -79.748
5.48119  -79.8264  -79.8264
5.49519  -79.7843  -79.7843
5.50918  -79.6558  -79.6558
5.52314  -79.5073  -79.5073
5.53708  -79.3942  -79.3942
5.551  -79.319  -79.319
5.5649  -79.2132  -79.2132
5.57878  -78.9615  -78.9615
5.59264  -78.4607  -78.4607
5.60647  -77.6847  -77.6847
5.62029  -76.7142  -76.7142
5.63408  -75.7112  -75.7112
5.64785  -74.8478  -74.8478
5.66159  -74.2287  -74.2287
5.67532  -73.8501  -73.8501
5.68902  -73.6146  -73.6146
5.70271  -73.3859  -73.3859
5.71637  -73.0506  -73.0506
5.73001  -72.5572  -72.5572
5.74362  -71.9214  -71.9214
5.75722  -71.2077  -71.2077
5.77079  -70.499  -70.499
5.78434  -69.8683  -69.8683
5.79786  -69.3593  -69.3593
5.81137  -68.9807  -68.9807
5.82485  -68.7162  -68.7162
5.83831  -68.5423  -68.5423
5.85175  -68.4412  -68.4412
5.86516  -68.4012  -68.4012
5.87856  -68.4066  -68.4066
5.89193  -68.4294  -68.4294
5.90527  -68.4352  -68.4352
5.9186  -68.3995  -68.3995
5.9319  -68.3245  -68.3245
5.94518  -68.2423  -68.2423
5.95843  -68.2031  -68.2031
5.97166  -68.2559  -68.2559
5.98487  -68.4323  -68.4323
5.99806  -68.7369  -68.7369
6.01122  -69.1432  -69.1432
6.02436  -69.5948  -69.5948
6.03748  -70.0117  -70.0117
6.05057  -70.3046  -70.3046
6.06364  -70.3948  -70.3948
6.07669  -70.2342  -70.2342
6.08972  -69.8164  -69.8164
6.10272  -69.176  -69.176
6.11569  -68.376  -68.376
6.12865  -67.4887  -67.4887
6.14157  -66.5769  -66.5769
6.15448  -65.6798  -65.6798
6.16736  -64.8107  -64.8107
6.18022  -63.967  -63.967
6.19305  -63.1496  -63.1496
6.20586  -62.3817  -62.3817
6.21865  -61.7135  -61.7135
6.23141  -61.2078  -61.2078
6.24415  -60.9129  -60.9129
6.25687  -60.8394  -60.8394
6.26956  -60.9546  -60.9546
6.28222  -61.1944  -61.1944
6.29487  -61.4825  -61.4825
6.30748  -61.7434  -61.7434
6.32008  -61.9061  -61.9061
6.33265  -61.9075  -61.9075
6.34519  -61.7049  -61.7049
6.35771  -61.2961  -61.2961
6.37021  -60.7319  -60.7319
6.38268  -60.1069  -60.1069
6.39512  -59.5241  -59.5241
6.40755  -59.0528  -59.0528
6.41994  -58.7018  -58.7018
6.43231  -58.424  -58.424
6.44466  -58.1468  -58.1468
6.45698  -57.8089  -57.8089
6.46928  -57.3835  -57.3835
6.48156  -56.8821  -56.8821
6.4938  -56.3461  -56.3461
6.50603  -55.8352  -55.8352
6.51822  -55.4152  -55.4152
6.5304  -55.1419  -55.1419
6.54254  -55.0387  -55.0387
6.55467  -55.0757  -55.0757
6.56676  -55.1657  -55.1657
6.57883  -55.1897  -55.1897
6.59088  -55.0473  -55.0473
6.6029  -54.7091  -54.7091
6.6149  -54.2425  -54.2425
6.62687  -53.7909  -53.7909
6.63881  -53.5127  -53.5127
6.65073  -53.5088  -53.5088
6.66262  -53.7754  -53.7754
6.67449  -54.2049  -54.2049
6.68633  -54.6305  -54.6305
6.69815  -54.8909  -54.8909
6.70994  -54.882  -54.882
6.7217  -54.5772  -54.5772
6.73344  -54.0179  -54.0179
6.74515  -53.2884  -53.2884
6.75684  -52.4892  -52.4892
6.7685  -51.715  -51.715
6.78013  -51.033  -51.033
6.79174  -50.4636  -50.4636
6.80332  -49.9687  -49.9687
6.81488  -49.4612  -49.4612
6.82641  -48.8406  -48.8406
6.83791  -48.0449  -48.0449
6.84939  -47.0934  -47.0934
6.86084  -46.0962  -46.0962
6.87226  -45.2195  -45.2195
6.88366  -44.6214  -44.6214
6.89503  -44.3893  -44.3893
6.90638  -44.5092  -44.5092
6.91769  -44.8785  -44.8785
6.92898  -45.3513  -45.3513
6.94025  -45.7892  -45.7892
6.95149  -46.0934  -46.0934
6.9627  -46.2128  -46.2128
6.97388  -46.1361  -46.1361
6.98504  -45.8831  -45.8831
6.99617  -45.499  -45.499
7.00727  -45.0457  -45.0457
7.01835  -44.5829  -44.5829
7.02939  -44.1419  -44.1419
7.04042  -43.7102  -43.7102
7.05141  -43.2413  -43.2413
7.06238  -42.6902  -42.6902
7.07332  -42.0522  -42.0522
7.08423  -41.3794  -41.3794
7.09512  -40.7616  -40.7616
7.10598  -40.2828  -40.2828
7.11681  -39.981  -39.981
7.12761  -39.8325  -39.8325
7.13839  -39.7671  -39.7671
7.14914  -39.6988  -39.6988
7.15986  -39.5567  -39.5567
7.17055  -39.3026  -39.3026
7.18122  -38.9344  -38.9344
7.19185  -38.4793  -38.4793
7.20246  -37.9808  -37.9808
7.21305  -37.4846  -37.4846
7.2236  -37.0266  -37.0266
7.23413  -36.6265  -36.6265
7.24463  -36.2887  -36.2887
7.2551  -36.0063  -36.0063
7.26554  -35.7648  -35.7648
7.27596  -35.5426  -35.5426
7.28634  -35.3119  -35.3119
7.2967  -35.041  -35.041
7.30703  -34.7027  -34.7027
7.31734  -34.2849  -34.2849
7.32761  -33.7969  -33.7969
7.33786  -33.2676  -33.2676
7.34807  -32.7347  -32.7347
7.35826  -32.2319  -32.2319
7.36842  -31.7783  -31.7783
7.37856  -31.3763  -31.3763
7.38866  -31.0146  -31.0146
7.39874  -30.6746  -30.6746
7.40878  -30.3366  -30.3366
7.4188  -29.9856  -29.9856
7.42879  -29.6176  -29.6176
7.43876  -29.2432  -29.2432
7.44869  -28.8855  -28.8855
7.45859  -28.5707  -28.5707
7.46847  -28.3128  -28.3128
7.47831  -28.1028  -28.1028
7.48813  -27.908  -27.908
7.49792  -27.6847  -27.6847
7.50768  -27.3967  -27.3967
7.51741  -27.0308  -27.0308
7.52711  -26.6017  -26.6017
7.53679  -26.1447  -26.1447
7.54643  -25.7019  -25.7019
7.55605  -25.3082  -25.3082
7.56563  -24.9831  -24.9831
7.57519  -24.7285  -24.7285
7.58472  -24.5328  -24.5328
7.59421  -24.3753  -24.3753
7.60368  -24.2313  -24.2313
7.61312  -24.0754  -24.0754
7.62253  -23.8833  -23.8833
7.63191  -23.6356  -23.6356
7.64126  -23.3195  -23.3195
7.65059  -22.9297  -22.9297
7.65988  -22.467  -22.467
7.66914  -21.939  -21.939
7.67837  -21.3625  -21.3625
7.68758  -20.7695  -20.7695
7.69675  -20.2075  -20.2075
7.7059  -19.7292  -19.7292
7.71501  -19.373  -19.373
7.7241  -19.1413  -19.1413
7.73315  -18.992  -18.992
7.74218  -18.847  -18.847
7.75117  -18.6189  -18.6189
7.76014  -18.241  -18.241
7.76907  -17.6891  -17.6891
7.77798  -16.987  -16.987
7.78686  -16.1969  -16.1969
7.7957  -15.4002  -15.4002
7.80452  -14.677  -14.677
7.8133  -14.0875  -14.0875
7.82206  -13.6605  -13.6605
7.83078  -13.3886  -13.3886
7.83948  -13.2325  -13.2325
7.84814  -13.1328  -13.1328
7.85678  -13.0264  -13.0264
7.86538  -12.8626  -12.8626
7.87396  -12.6133  -12.6133
7.8825  -12.275  -12.275
7.89101  -11.8639  -11.8639
7.8995  -11.4051  -11.4051
7.90795  -10.9231  -10.9231
7.91637  -10.4348  -10.4348
7.92476  -9.948  -9.948
7.93312  -9.46485  -9.46485
7.94145  -8.98529  -8.98529
7.94975  -8.50976  -8.50976
7.95802  -8.03926  -8.03926
7.96626  -7.57436  -7.57436
7.97447  -7.11474  -7.11474
7.98264  -6.65994  -6.65994
7.99079  -6.21027  -6.21027
7.99891  -5.76658  -5.76658
8.00699  -5.32885  -5.32885
8.01504  -4.89473  -4.89473
8.02307  -4.45971  -4.45971
8.03106  -4.01901  -4.01901
8.03902  -3.57024  -3.57024
8.04695  -3.11516  -3.11516
8.05485  -2.65971  -2.65971
8.06271  -2.21288  -2.21288
8.07055  -1.78526  -1.78526
8.07836  -1.3881  -1.3881
8.08613  -1.03249  -1.03249
8.09387  -0.728241  -0.728241
8.10159  -0.482189  -0.482189
8.10927  -0.296318  -0.296318
8.11692  -0.166821  -0.166821
8.12454  -0.0847388  -0.0847388
8.13212  -0.0381249  -0.0381249
8.13968  -0.0148408  -0.0148408
8.1472  -0.00485084  -0.00485084
8.15469  -0.00128716  -0.00128716
8.16216  -0.0002779  -0.0002779
8.16959  -6.41926e-05  -6.41926e-05
8.17698  -3.03405e-05  -3.03405e-05
8.18435  -2.30897e-05  -2.30897e-05
8.19169  -1.84001e-05  -1.84001e-05
8.19899  -1.3561e-05  -1.3561e-05
8.20626  -8.56193e-06  -8.56193e-06
8.2135  -4.61865e-06  -4.61865e-06
8.22071  -2.43199e-06  -2.43199e-06
8.22789  -1.54415e-06  -1.54415e-06
8.23503  -1.19285e-06  -1.19285e-06
8.24215  -9.84446e-07  -9.84446e-07
8.24923  -8.18685e-07  -8.18685e-07
8.25628  -6.5617e-07  -6.5617e-07
8.2633  -4.83391e-07  -4.83391e-07
8.27028  -3.31963e-07  -3.31963e-07
8.27724  -2.3361e-07  -2.3361e-07
8.28416  -1.82082e-07  -1.82082e-07
8.29105  -1.52535e-07  -1.52535e-07
8.29791  -1.30552e-07  -1.30552e-07
8.30474  -1.12319e-07  -1.12319e-07
8.31153  -9.47326e-08  -9.47326e-08
8.31829  -7.60472e-08  -7.60472e-08
8.32502  -5.89604e-08  -5.89604e-08
8.33172  -4.68203e-08  -4.68203e-08
8.33839  -3.93737e-08  -3.93737e-08
8.34502  -3.42634e-08  -3.42634e-08
8.35162  -3.01176e-08  -3.01176e-08
8.35819  -2.65871e-08  -2.65871e-08
8.36473  -2.31943e-08  -2.31943e-08
8.37124  -1.96176e-08  -1.96176e-08
8.37771  -1.62772e-08  -1.62772e-08
8.38415  -1.37535e-08  -1.37535e-08
8.39056  -1.20341e-08  -1.20341e-08
8.39694  -1.07314e-08  -1.07314e-08
8.40328  -9.62471e-09  -9.62471e-09
8.40959  -8.66163e-09  -8.66163e-09
8.41587  -7.73673e-09  -7.73673e-09
8.42212  -6.77086e-09  -6.77086e-09
8.42833  -5.85663e-09  -5.85663e-09
8.43451  -5.1335e-09  -5.1335e-09
8.44066  -4.60454e-09  -4.60454e-09
8.44678  -4.17903e-09  -4.17903e-09
8.45286  -3.80564e-09  -3.80564e-09
8.45891  -3.47463e-09  -3.47463e-09
8.46493  -3.15782e-09  -3.15782e-09
8.47092  -2.8298e-09  -2.8298e-09
8.47687  -2.5151e-09  -2.5151e-09
8.48279  -2.25711e-09  -2.25711e-09
8.48868  -2.05966e-09  -2.05966e-09
8.49453  -1.89447e-09  -1.89447e-09
8.50036  -1.74497e-09  -1.74497e-09
8.50615  -1.61045e-09  -1.61045e-09
8.5119  -1.48313e-09  -1.48313e-09
8.51763  -1.35208e-09  -1.35208e-09
8.52332  -1.22386e-09  -1.22386e-09
8.52898  -1.11576e-09  -1.11576e-09
8.5346  -1.03122e-09  -1.03122e-09
8.54019  -9.58464e-10  -9.58464e-10
8.54575  -8.90078e-10  -8.90078e-10
8.55128  -8.27915e-10  -8.27915e-10
8.55677  -7.70513e-10  -7.70513e-10
8.56223  -7.11521e-10  -7.11521e-10
8.56766  -6.51905e-10  -6.51905e-10
8.57306  -6.0061e-10  -6.0061e-10
8.57842  -5.60665e-10  -5.60665e-10
8.58375  -5.25439e-10  -5.25439e-10
8.58904  -4.90526e-10  -4.90526e-10
8.59431  -4.58673e-10  -4.58673e-10
8.59953  -4.30595e-10  -4.30595e-10
8.60473  -4.01562e-10  -4.01562e-10
8.60989  -3.70637e-10  -3.70637e-10
8.61502  -3.43719e-10  -3.43719e-10
8.62012  -3.23519e-10  -3.23519e-10
8.62518  -3.0522e-10  -3.0522e-10
8.63021  -2.85605e-10  -2.85605e-10
8.63521  -2.6781e-10  -2.6781e-10
8.64017  -2.53339e-10  -2.53339e-10
8.6451  -2.3808e-10  -2.3808e-10
8.65  -2.20422e-10  -2.20422e-10
8.65486  -2.05051e-10  -2.05051e-10
8.65969  -1.94438e-10  -1.94438e-10
8.66449  -1.84443e-10  -1.84443e-10
8.66925  -1.72413e-10  -1.72413e-10
8.67398  -1.61701e-10  -1.61701e-10
8.67868  -1.54093e-10  -1.54093e-10
8.68334  -1.45704e-10  -1.45704e-10
8.68797  -1.34689e-10  -1.34689e-10
8.69257  -1.25248e-10  -1.25248e-10
8.69713  -1.19669e-10  -1.19669e-10
8.70166  -1.14045e-10  -1.14045e-10
8.70616  -1.06023e-10  -1.06023e-10
8.71062  -9.91334e-11  -9.91334e-11
8.71505  -9.52532e-11  -9.52532e-11
8.71944  -9.05318e-11  -9.05318e-11
8.7238  -8.30558e-11  -8.30558e-11
8.72813  -7.6869e-11  -7.6869e-11
8.73242  -7.41326e-11  -7.41326e-11
8.73668  -7.09515e-11  -7.09515e-11
8.74091  -6.51499e-11  -6.51499e-11
8.7451  -6.04455e-11  -6.04455e-11
8.74926  -5.87406e-11  -5.87406e-11
8.75339  -5.60982e-11  -5.60982e-11
8.75748  -5.05905e-11  -5.05905e-11
8.76154  -4.62949e-11  -4.62949e-11
8.76556  -4.52855e-11  -4.52855e-11
8.76955  -4.35479e-11  -4.35479e-11
8.77351  -3.90086e-11  -3.90086e-11
8.77743  -3.56176e-11  -3.56176e-11
8.78132  -3.52853e-11  -3.52853e-11
8.78517  -3.38892e-11  -3.38892e-11
8.789  -2.94976e-11  -2.94976e-11
8.79278  -2.63558e-11  -2.63558e-11
8.79654  -2.64889e-11  -2.64889e-11
8.80025  -2.56527e-11  -2.56527e-11
8.80394  -2.18251e-11  -2.18251e-11
8.80759  -1.92588e-11  -1.92588e-11
8.81121  -1.98786e-11  -1.98786e-11
8.81479  -1.92744e-11  -1.92744e-11
8.81834  -1.55008e-11  -1.55008e-11
8.82186  -1.30947e-11  -1.30947e-11
8.82534  -1.40668e-11  -1.40668e-11
8.82879  -1.38295e-11  -1.38295e-11
8.8322  -1.03709e-11  -1.03709e-11
8.83558  -8.34413e-12  -8.34413e-12
8.83893  -9.7066e-12  -9.7066e-12
8.84224  -9.64116e-12  -9.64116e-12
8.84551  -6.16789e-12  -6.16789e-12
8.84876  -4.25137e-12  -4.25137e-12
8.85197  -5.92312e-12  -5.92312e-12
8.85514  -6.11588e-12  -6.11588e-12
8.85828  -2.78928e-12  -2.78928e-12
8.86139  -1.13114e-12  -1.13114e-12
8.86446  -3.15792e-12  -3.15792e-12
8.8675  -3.49264e-12  -3.49264e-12
8.8705  -9.19519e-14  -9.19519e-14
8.87347  1.48221e-12  1.48221e-12
8.87641  -8.60417e-13  -8.60417e-13
8.87931  -1.3952e-12  -1.3952e-12
8.88218  1.98741e-12  1.98741e-12
8.88501  3.37884e-12  3.37884e-12
8.88781  6.68331e-13  6.68331e-13
8.89057  0  0
8.8933  0  0
8.896  0  0
8.89866  0  0
8.90129  0  0
8.90388  0  0
8.90644  0  0
8.90896  0  0
8.91145  0  0
8.91391  0  0
8.91633  0  0
8.91872  0  0
8.92107  0  0
8.92339  0  0
8.92567  0  0
8.92792  0  0
8.93014  0  0
8.93232  0  0
8.93446  0  0
8.93657  0  0
8.93865  0  0
8.94069  0  0
8.9427  0  0
8.94467  0  0
8.94661  0  0
8.94852  0  0
8.95039  0  0
8.95222  0  0
8.95403  0  0
8.95579  0  0
8.95752  0  0
8.95922  0  0
8.96088  0  0
8.96251  0  0
8.96411  0  0
8.96567  0  0
8.96719  0  0
8.96868  0  0
8.97014  0  0
8.97156  0  0
8.97294  0  0
8.9743  0  0
8.97561  0  0
8.9769  0  0
8.97814  0  0
8.97936  0  0
8.98054  0  0
8.98168  0  0
8.98279  0  0
8.98387  0  0
8.98491  0  0
8.98591  0  0
8.98688  0  0
8.98782  0  0
8.98872  0  0
8.98959  0  0
8.99042  0  0
8.99122  0  0
8.99198  0  0
8.99271  0  0
8.9934  0  0
8.99406  0  0
8.99469  0  0
8.99528  0  0
8.99583  0  0
8.99635  0  0
8.99684  0  0
8.99729  0  0
8.99771  0  0
8.99809  0  0
8.99843  0  0
8.99875  0  0
8.99902  0  0
8.99927  0  0
8.99948  0  0
8.99965  0  0
8.99979  0  0
8.99989  0  0
8.99996  0  0
9  0  0
