-0.875873  -3.35826e-14  -7.95141e-13
-0.870848  -4.13917e-13  -3.01811e-12
-0.865823  -7.28848e-13  -5.60654e-12
-0.860797  -7.49728e-13  -7.72625e-12
-0.855771  -5.47263e-13  -8.36429e-12
-0.850745  -3.3139e-13  -7.36259e-12
-0.845718  -2.94955e-13  -5.40336e-12
-0.840691  -3.12564e-13  -2.7574e-12
-0.835664  -7.78385e-13  8.47911e-12
-0.830637  -2.43007e-11  1.04219e-10
-0.825609  -2.1543e-10  6.60238e-10
-0.820582  -1.10189e-09  2.84347e-09
-0.815554  -4.13898e-09  9.03357e-09
-0.810525  -1.3038e-08  2.20711e-08
-0.805497  -3.78461e-08  4.2135e-08
-0.800468  -1.06368e-07  6.25521e-08
-0.795439  -2.87608e-07  7.1661e-08
-0.790409  -7.20266e-07  7.34071e-08
-0.78538  -1.61006e-06  1.36325e-07
-0.78035  -3.1315e-06  4.61804e-07
-0.77532  -5.19435e-06  1.43143e-06
-0.770289  -7.15303e-06  3.56582e-06
-0.765259  -7.70007e-06  7.32323e-06
-0.760228  -5.23819e-06  1.27114e-05
-0.755197  1.16403e-06  1.884e-05
-0.750166  1.05151e-05  2.3867e-05
-0.745134  1.89901e-05  2.61492e-05
-0.740102  2.0161e-05  2.72376e-05
-0.73507  7.02415e-06  3.60261e-05
-0.730038  -2.40623e-05  7.12421e-05
-0.725006  -6.86085e-05  0.000158611
-0.719973  -0.000111197  0.000321605
-0.71494  -0.000128398  0.000569849
-0.709907  -9.91572e-05  0.000892262
-0.704873  -1.90362e-05  0.00125886
-0.69984  9.06099e-05  0.00162819
-0.694806  0.000186821  0.00195476
-0.689772  0.000222267  0.00219637
-0.684738  0.00016459  0.00232736
-0.679703  4.62256e-06  0.00235962
-0.674669  -0.000249659  0.00235792
-0.669634  -0.000582446  0.00242674
-0.664599  -0.000968045  0.00265988
-0.659563  -0.00135539  0.00307517
-0.654528  -0.00165533  0.00357854
-0.649492  -0.00175244  0.00398889
-0.644456  -0.0015471  0.00411442
-0.63942  -0.0010074  0.00383477
-0.634384  -0.000196676  0.00314255
-0.629347  0.000745228  0.00213082
-0.624311  0.00165815  0.000949654
-0.619274  0.00242095  -0.000234346
-0.614236  0.00297915  -0.00125926
-0.609199  0.00332947  -0.00197809
-0.604162  0.00347917  -0.00227342
-0.599124  0.0034125  -0.00208018
-0.594086  0.00308808  -0.00140496
-0.589048  0.00246916  -0.000327693
-0.58401  0.00156688  0.00101718
-0.578971  0.00046893  0.00247007
-0.573933  -0.00066665  0.00387215
-0.568894  -0.00165367  0.0050802
-0.563855  -0.00233743  0.00597218
-0.558816  -0.00264256  0.00645113
-0.553776  -0.002586  0.00645478
-0.548737  -0.00225199  0.00597308
-0.543697  -0.00174814  0.00506785
-0.538657  -0.00117091  0.00388143
-0.533617  -0.000597278  0.00262003
-0.528577  -9.70278e-05  0.00150675
-0.523537  0.000256227  0.000717021
-0.518496  0.000393227  0.000324142
-0.513456  0.000274831  0.000283723
-0.508415  -8.38955e-05  0.00046795
-0.503374  -0.000610546  0.000733628
-0.498333  -0.00119599  0.000988255
-0.493291  -0.00172454  0.00121924
-0.48825  -0.0020972  0.00147295
-0.483208  -0.00224378  0.00179991
-0.478166  -0.00213159  0.00220159
-0.473124  -0.00177756  0.00261209
-0.468082  -0.00125765  0.00292531
-0.46304  -0.00069836  0.00305065
-0.457998  -0.000241703  0.00296457
-0.452955  5.58027e-06  0.00272981
-0.447913  1.2289e-05  0.00247422
-0.44287  -0.000170509  0.00234153
-0.437827  -0.000438953  0.00243672
-0.432784  -0.000683141  0.00278654
-0.427741  -0.000825597  0.00332798
-0.422697  -0.000836747  0.00392943
-0.417654  -0.000729711  0.00444009
-0.41261  -0.000546059  0.00475137
-0.407566  -0.000341814  0.00484331
-0.402522  -0.000175232  0.0047889
-0.397478  -9.38746e-05  0.00470844
-0.392434  -0.000121009  0.0046958
-0.38739  -0.000246384  0.00475999
-0.382346  -0.000427989  0.00481948
-0.377301  -0.000607311  0.0047543
-0.372257  -0.000733194  0.00448337
-0.367212  -0.000783366  0.00401853
-0.362167  -0.000772047  0.00346335
-0.357122  -0.000738411  0.00296087
-0.352077  -0.000721572  0.00262426
-0.347032  -0.000736764  0.00249007
-0.341987  -0.00076766  0.00251478
-0.336941  -0.000779602  0.00260914
-0.331896  -0.000744391  0.00268658
-0.32685  -0.000659541  0.00270082
-0.321804  -0.000549634  0.00265805
-0.316759  -0.000450517  0.00260366
-0.311713  -0.000388197  0.0025938
-0.306667  -0.000365728  0.00266615
-0.301621  -0.000363965  0.00282256
-0.296574  -0.000353195  0.00302998
-0.291528  -0.000308363  0.00323769
-0.286482  -0.000221366  0.00340126
-0.281435  -0.000106116  0.00350021
-0.276389  6.05157e-06  0.00353965
-0.271342  8.04792e-05  0.00353547
-0.266295  9.77902e-05  0.00349393
-0.261248  6.70788e-05  0.00340092
-0.256202  2.38168e-05  0.00323014
-0.251155  1.04583e-05  0.00296595
-0.246107  4.9615e-05  0.00262439
-0.24106  0.000126875  0.00225569
-0.236013  0.000196048  0.00192443
-0.230966  0.000205366  0.00167999
-0.225918  0.000128576  0.00153706
-0.220871  -1.91884e-05  0.00147891
-0.215824  -0.000191023  0.00147948
-0.210776  -0.000336449  0.00152752
-0.205728  -0.00042907  0.00163575
-0.200681  -0.000475856  0.0018297
-0.195633  -0.000503802  0.00212446
-0.190585  -0.000535444  0.0025052
-0.185537  -0.000571368  0.00292379
-0.180489  -0.000591155  0.00331379
-0.175441  -0.000570076  0.00361534
-0.170393  -0.000498079  0.00379683
-0.165345  -0.000387715  0.00386284
-0.160297  -0.000267091  0.00384623
-0.155249  -0.000164637  0.00379037
-0.1502  -9.6456e-05  0.0037318
-0.145152  -6.2988e-05  0.00369073
-0.140104  -5.41847e-05  0.00367138
-0.135055  -5.75963e-05  0.00366828
-0.130007  -6.40729e-05  0.00367346
-0.124958  -6.92693e-05  0.00368077
-0.11991  -7.2288e-05  0.00368705
-0.114861  -7.36934e-05  0.00369136
-0.109813  -7.42299e-05  0.00369388
-0.104764  -7.43893e-05  0.00369518
-0.0997155  -7.44183e-05  0.0036958
-0.0946668  -7.44186e-05  0.00369616
-0.0896181  -7.44198e-05  0.0036965
-0.0845693  -7.44227e-05  0.00369685
-0.0795205  -7.4424e-05  0.00369719
-0.0744717  -7.44241e-05  0.00369748
-0.0694229  -7.44247e-05  0.00369769
-0.0643741  -7.4426e-05  0.00369783
-0.0593252  -7.44278e-05  0.00369792
-0.0542763  -7.44295e-05  0.00369799
-0.0492274  -7.44312e-05  0.00369806
-0.0441785  -7.44325e-05  0.00369813
-0.0391295  -7.44329e-05  0.0036982
-0.0340806  -7.44328e-05  0.00369826
-0.0290316  -7.44326e-05  0.00369831
-0.0239827  -7.44326e-05  0.00369834
-0.0189337  -7.4433e-05  0.00369836
-0.0138847  -7.44337e-05  0.00369837
-0.00883573  -7.44344e-05  0.00369837
-0.00378674  -7.44348e-05  0.00369837
0.00126225  -7.44347e-05  0.00369837
0.00631123  -7.44341e-05  0.00369837
0.0113602  -7.44333e-05  0.00369837
0.0164092  -7.44327e-05  0.00369836
0.0214582  -7.44325e-05  0.00369834
0.0265071  -7.44327e-05  0.00369831
0.0315561  -7.44329e-05  0.00369826
0.0366051  -7.44328e-05  0.0036982
0.041654  -7.44319e-05  0.00369813
0.0467029  -7.44304e-05  0.00369806
0.0517518  -7.44286e-05  0.00369799
0.0568007  -7.44269e-05  0.00369792
0.0618496  -7.44253e-05  0.00369783
0.0668985  -7.44243e-05  0.00369769
0.0719473  -7.44241e-05  0.00369748
0.0769961  -7.44236e-05  0.00369719
0.0820449  -7.44213e-05  0.00369685
0.0870937  -7.44188e-05  0.00369648
0.0921424  -7.44191e-05  0.00369614
0.0971911  -7.44113e-05  0.00369578
0.10224  -7.43368e-05  0.0036952
0.107288  -7.40326e-05  0.00369401
0.112337  -7.31417e-05  0.00369153
0.117386  -7.103e-05  0.00368693
0.122434  -6.69432e-05  0.00367912
0.127483  -6.08281e-05  0.00366603
0.132531  -5.50504e-05  0.00364309
0.13758  -5.63136e-05  0.00360148
0.142628  -7.5865e-05  0.00352837
0.147676  -0.000125907  0.00341139
0.152725  -0.000212225  0.00324758
0.157773  -0.000326762  0.00305301
0.162821  -0.000446184  0.00286575
0.167869  -0.00054024  0.00273644
0.172917  -0.000586954  0.0027072
0.177965  -0.000585075  0.0027879
0.183013  -0.000553904  0.0029439
0.188061  -0.000518615  0.00310506
0.193109  -0.000490462  0.00319512
0.198157  -0.000456738  0.00316766
0.203205  -0.000389653  0.0030293
0.208252  -0.000269453  0.00283517
0.2133  -0.000105493  0.00265746
0.218347  6.11821e-05  0.0025438
0.223395  0.000177882  0.00249067
0.228442  0.000210864  0.00244909
0.23349  0.00016612  0.0023594
0.238537  8.60082e-05  0.00219229
0.243584  2.35801e-05  0.00196786
0.248631  1.13339e-05  0.00174018
0.253678  4.42624e-05  0.00155898
0.258725  8.66741e-05  0.00143735
0.263772  9.63606e-05  0.00134917
0.268819  4.96071e-05  0.00125767
0.273865  -4.75751e-05  0.00115323
0.278912  -0.000165912  0.00107111
0.283958  -0.000270176  0.00107422
0.289005  -0.000336516  0.00121075
0.294051  -0.000362087  0.00147393
0.299097  -0.000364625  0.00179023
0.304144  -0.000373362  0.00204466
0.30919  -0.000414592  0.00212908
0.314236  -0.000497296  0.00198815
0.319281  -0.00060616  0.0016408
0.324327  -0.000707875  0.00117035
0.329373  -0.00076957  0.000691523
0.334418  -0.000779103  0.000310311
0.339464  -0.000753255  9.1703e-05
0.344509  -0.000726606  4.50642e-05
0.349554  -0.00072739  0.000130508
0.3546  -0.000756566  0.000282769
0.359645  -0.000784725  0.000441642
0.36469  -0.000769276  0.000573325
0.369734  -0.000680968  0.000670602
0.374779  -0.00052358  0.000732939
0.379824  -0.000335865  0.000742874
0.384868  -0.000175791  0.000660114
0.389912  -9.62709e-05  0.000443035
0.394956  -0.000124533  8.57719e-05
0.400001  -0.000253478  -0.000355774
0.405044  -0.000446103  -0.0007717
0.410088  -0.000647767  -0.00104146
0.415132  -0.000799793  -0.00109181
0.420175  -0.000851773  -0.000938478
0.425219  -0.000774457  -0.000689297
0.430262  -0.000574564  -0.00050546
0.435305  -0.000306049  -0.000537569
0.440348  -6.61344e-05  -0.00086373
0.445391  3.24084e-05  -0.00145602
0.450434  -9.32893e-05  -0.00218923
0.455477  -0.000454823  -0.00288656
0.460519  -0.000979914  -0.00337998
0.465561  -0.00153778  -0.00355692
0.470603  -0.00198827  -0.0033753
0.475645  -0.00222739  -0.00284861
0.480687  -0.00220913  -0.00202008
0.485729  -0.001943  -0.000947632
0.490771  -0.00148172  0.000291167
0.495812  -0.00091092  0.00158326
0.500853  -0.000340059  0.00277338
0.505894  0.00011483  0.00368214
0.510935  0.000359336  0.00414889
0.515976  0.000348404  0.00408205
0.521017  9.6013e-05  0.00349345
0.526057  -0.00034003  0.00249911
0.531097  -0.0008859  0.00128523
0.536137  -0.00147031  5.34812e-05
0.541177  -0.00202189  -0.00103165
0.546217  -0.00245453  -0.0018726
0.551257  -0.00266338  -0.00243545
0.556296  -0.00254702  -0.00271988
0.561335  -0.00204992  -0.00272254
0.566374  -0.00120017  -0.00241844
0.571413  -0.000116463  -0.00177411
0.576452  0.00102414  -0.000785471
0.581491  0.00204347  0.000484587
0.586529  0.00281613  0.00189539
0.591567  0.0032946  0.00325394
0.596605  0.00349643  0.00436379
0.601643  0.00346494  0.00507299
0.60668  0.00322875  0.00530313
0.611718  0.00278596  0.0050569
0.616755  0.00212348  0.00441166
0.621792  0.00125912  0.00350538
0.626829  0.000276349  0.00251437
0.631866  -0.000677066  0.0016201
0.636902  -0.00143352  0.000968015
0.641938  -0.0018703  0.000629623
0.646974  -0.00195635  0.000582901
0.65201  -0.00175367  0.000722046
0.657046  -0.00137634  0.000897465
0.662081  -0.000937167  0.000973589
0.667116  -0.000515165  0.000881033
0.672151  -0.000155666  0.000638332
0.677186  0.000111753  0.000332039
0.682221  0.000262256  6.69096e-05
0.687255  0.000283359  -8.49355e-05
0.692289  0.000191126  -0.000109192
0.697323  3.50672e-05  -4.13836e-05
0.702357  -0.000118212  6.1364e-05
0.70739  -0.000213708  0.000148931
0.712423  -0.000229979  0.000194463
0.717456  -0.000181467  0.000196522
0.722489  -0.000103259  0.000171452
0.727522  -3.06491e-05  0.000141216
0.732554  1.47694e-05  0.000121731
0.737586  2.83813e-05  0.000116508
0.742618  1.79954e-05  0.000118186
0.74765  -3.47104e-06  0.000116019
0.752681  -2.42918e-05  0.000103659
0.757712  -3.75099e-05  8.21864e-05
0.762743  -4.1584e-05  5.76176e-05
0.767774  -3.88313e-05  3.6124e-05
0.772805  -3.29663e-05  2.08041e-05
0.777835  -2.70639e-05  1.14589e-05
0.782865  -2.26795e-05  6.24426e-06
0.787895  -2.00359e-05  3.33508e-06
0.792924  -1.86827e-05  1.62568e-06
0.797953  -1.80689e-05  6.19925e-07
0.802982  -1.78069e-05  8.8945e-08
0.808011  -1.76942e-05  -1.35592e-07
0.813039  -1.76444e-05  -1.99288e-07
0.818068  -1.76228e-05  -2.02668e-07
0.823096  -1.76145e-05  -1.94688e-07
0.828123  -1.76118e-05  -1.8972e-07
0.833151  -1.76112e-05  -1.88101e-07
0.838178  -1.76111e-05  -1.87819e-07
0.843205  -1.76111e-05  -1.87823e-07
0.848231  -1.76111e-05  -1.87843e-07
0.853258  -1.76111e-05  -1.8785e-07
0.858284  -1.76111e-05  -1.87853e-07
0.86331  -1.76111e-05  -1.87855e-07
0.868335  -1.76111e-05  -1.87857e-07
0.873361  -1.76111e-05  -1.87856e-07
0.878386  -1.76111e-05  -1.87854e-07
0.88341  -1.76111e-05  -1.87805e-07
