-0.973658  -4.74575e-12  8.52865e-13
-0.964972  -1.80859e-11  2.82624e-11
-0.956286  -2.65396e-11  5.55394e-11
-0.947599  -1.48179e-11  5.22247e-11
-0.938911  -1.84912e-11  4.93708e-11
-0.930223  -6.12072e-12  1.1364e-11
-0.921534  2.74381e-10  5.80132e-10
-0.912844  1.68696e-08  1.60872e-08
-0.904153  1.99321e-07  1.31908e-07
-0.895462  1.26244e-06  5.42916e-07
-0.88677  5.28351e-06  5.65723e-07
-0.878077  1.46024e-05  -6.16622e-06
-0.869384  2.36068e-05  -3.6229e-05
-0.86069  1.29481e-05  -9.87714e-05
-0.851996  -2.88625e-05  -0.000170037
-0.8433  -8.165e-05  -0.000248462
-0.834604  -6.41673e-05  -0.000493909
-0.825908  0.000211216  -0.00128971
-0.817211  0.000873033  -0.0028908
-0.808513  0.00183434  -0.00459908
-0.799815  0.00298865  -0.00473304
-0.791116  0.0050894  -0.00230004
-0.782416  0.010702  0.00120398
-0.773716  0.0197387  0.00209824
-0.765015  0.0239052  -0.00207838
-0.756314  0.0146426  -0.00933361
-0.747612  -0.00442468  -0.0146908
-0.738909  -0.0191651  -0.0128453
-0.730206  -0.0184246  -0.00240997
-0.721503  -0.00349516  0.0040669
-0.712798  0.0144708  -0.0133244
-0.704094  0.0198777  -0.0521847
-0.695388  0.00461301  -0.087196
-0.686683  -0.0167025  -0.104433
-0.677976  -0.0207943  -0.105451
-0.669269  -0.00547567  -0.0890831
-0.660562  0.0141845  -0.0641103
-0.651854  0.0303105  -0.0569287
-0.643146  0.0425328  -0.0762789
-0.634437  0.0425076  -0.0943953
-0.625728  0.0200158  -0.0831091
-0.617018  -0.0165029  -0.0457306
-0.608308  -0.0450445  -0.000900409
-0.599597  -0.055711  0.0392154
-0.590886  -0.0558759  0.0629473
-0.582174  -0.0529285  0.0577369
-0.573462  -0.0424873  0.024538
-0.56475  -0.0155208  -0.0231449
-0.556037  0.0230662  -0.0708405
-0.547323  0.0510878  -0.1056
-0.53861  0.0532679  -0.117445
-0.529895  0.0380938  -0.101233
-0.521181  0.0195534  -0.0600301
-0.512466  1.411e-05  -0.0129156
-0.503751  -0.0156274  0.0137239
-0.495035  -0.0134714  0.0119551
-0.486319  0.00808849  -0.00106493
-0.477602  0.0334693  -0.00697948
-0.468885  0.0499235  -0.00828306
-0.460168  0.0518309  -0.0185976
-0.45145  0.0353409  -0.0369298
-0.442733  0.00936352  -0.046241
-0.434014  -0.00430981  -0.0378468
-0.425296  0.00299043  -0.0233005
-0.416577  0.0172055  -0.0197636
-0.407858  0.0246769  -0.0342054
-0.399138  0.0259952  -0.0596514
-0.390418  0.0240676  -0.0776627
-0.381698  0.0180169  -0.0749948
-0.372978  0.010363  -0.0637588
-0.364257  0.00722891  -0.0659623
-0.355536  0.0109119  -0.0782244
-0.346815  0.0161448  -0.0764404
-0.338093  0.0155936  -0.0533122
-0.329371  0.0103241  -0.0281895
-0.320649  0.00805237  -0.0194329
-0.311927  0.00869064  -0.0250675
-0.303204  0.00578175  -0.0320915
-0.294482  0.00165282  -0.0318846
-0.285759  0.00219479  -0.0261312
-0.277036  0.00405074  -0.0226772
-0.268312  0.00304734  -0.0261386
-0.259589  0.00241608  -0.0344521
-0.250865  0.00401758  -0.0415118
-0.242141  0.00372239  -0.0423943
-0.233417  -0.000789983  -0.0396418
-0.224692  -0.00533432  -0.0393878
-0.215968  -0.00553244  -0.0401963
-0.207243  -0.00401255  -0.0331646
-0.198518  -0.00598906  -0.0154872
-0.189793  -0.00966563  0.00149217
-0.181068  -0.00799594  0.00648297
-0.172343  0.0017366  0.00435504
-0.163617  0.0151594  0.00494046
-0.154892  0.0235299  0.00745732
-0.146166  0.0192442  0.0072221
-0.13744  0.00662895  0.00283023
-0.128714  0.00158202  -0.00781666
-0.119989  0.0107124  -0.0255155
-0.111262  0.0208637  -0.0438334
-0.102536  0.0188239  -0.0535121
-0.0938101  0.00960955  -0.0530037
-0.0850838  0.00509594  -0.0499065
-0.0763574  0.0056593  -0.0505902
-0.067631  0.0046383  -0.0536969
-0.0589045  0.00152159  -0.0557921
-0.050178  2.16913e-05  -0.0568256
-0.0414515  0.000530618  -0.0580987
-0.0327249  0.00121026  -0.0596209
-0.0239983  0.0014382  -0.060659
-0.0152716  0.00148026  -0.0610102
-0.00654498  0.00149195  -0.0610319
0.0109083  0.00147491  -0.0609955
0.0196349  0.00137371  -0.0606289
0.0283616  0.000934406  -0.059417
0.0370882  0.000152888  -0.0570676
0.0458147  0.00044421  -0.0536602
0.0545413  0.00309654  -0.0500896
0.0632678  0.00559309  -0.0471918
0.0719942  0.00520122  -0.0428065
0.0807206  0.00640514  -0.0325952
0.0894469  0.0142494  -0.0170009
0.0981732  0.0214973  -0.00503273
0.106899  0.0168344  -0.00665382
0.115625  0.00486079  -0.0208247
0.124352  0.00225849  -0.035445
0.133077  0.013079  -0.0403634
0.141803  0.0231012  -0.0344223
0.150529  0.0205995  -0.0209824
0.159255  0.00847233  -0.00765407
0.16798  -0.00399652  -0.00630325
0.176705  -0.00984732  -0.0178132
0.185431  -0.00804726  -0.0249305
0.194156  -0.0044501  -0.0156986
0.202881  -0.00458152  -0.00099682
0.211605  -0.00598631  0.00325604
0.22033  -0.00344097  -0.00188432
0.229054  0.00186417  -0.00293435
0.237779  0.00441695  0.00536723
0.246503  0.00312984  0.0116442
0.255227  0.00241742  0.00328246
0.26395  0.00384086  -0.0156285
0.272674  0.00340998  -0.0277401
0.281397  0.00134754  -0.0216258
0.29012  0.00337342  -0.00244589
0.298843  0.00784266  0.0166271
0.307566  0.00849074  0.0259832
0.316288  0.00853396  0.0228516
0.32501  0.0130824  0.0129858
0.333732  0.0168369  0.00629193
0.342454  0.0139114  0.00444024
0.351175  0.00842415  0.00159148
0.359896  0.00796026  0.000527407
0.368617  0.0140587  0.0118581
0.377338  0.0216035  0.0327037
0.386058  0.0255395  0.0448254
0.394778  0.0258705  0.0379729
0.403498  0.0220812  0.0220515
0.412217  0.0105013  0.017339
0.420936  -0.00266839  0.0358231
0.429655  -8.84974e-05  0.0671748
0.438373  0.0223307  0.0882488
0.447092  0.0459053  0.0874008
0.455809  0.0531548  0.068355
0.464527  0.0433264  0.0358057
0.473244  0.0214825  -0.00779974
0.48196  -0.00420911  -0.0521727
0.490677  -0.0173049  -0.0765819
0.499393  -0.00903762  -0.066182
0.508108  0.0100184  -0.0278109
0.516823  0.0289821  0.0168197
0.525538  0.0468662  0.0491471
0.534253  0.0555004  0.0645981
0.542967  0.0400287  0.0681027
0.55168  0.00365822  0.0580382
0.560393  -0.0311036  0.0253802
0.569106  -0.0491365  -0.025363
0.577818  -0.0546142  -0.0715898
0.58653  -0.0562789  -0.0945969
0.595242  -0.052262  -0.0900668
0.603952  -0.0327803  -0.0623118
0.612663  0.00226193  -0.0254567
0.621373  0.0342417  0.000303428
0.630083  0.0450894  0.00396115
0.638792  0.0373836  -0.00909926
0.6475  0.0229516  -0.0204134
0.656208  0.00487133  -0.0133173
0.664916  -0.0147793  0.00650237
0.673623  -0.0221882  0.0181325
0.682329  -0.00710562  0.013377
0.691036  0.0157516  0.000750439
0.699741  0.0219748  -0.00924084
0.708446  0.00720925  -0.0105106
0.717151  -0.0143119  -0.00676908
0.725854  -0.0261472  -0.0132724
0.734558  -0.01759  -0.035929
0.743261  0.0079471  -0.054322
0.751963  0.0323065  -0.0483627
0.760664  0.0385285  -0.02958
0.769365  0.0276245  -0.0200571
0.778066  0.0147793  -0.0187356
0.786766  0.00860288  -0.0124035
0.795465  0.00610555  -0.00084762
0.804164  0.00393256  0.00645148
0.812862  0.0018168  0.00595541
0.821559  0.000349935  0.00237561
0.830256  -0.000148032  0.000623289
0.838952  -4.85423e-05  0.000933111
0.847648  0.000210078  0.00124617
0.856343  0.000407084  0.000832813
0.865037  0.000438518  0.000301276
0.873731  0.000365182  5.54797e-05
0.882424  0.000293835  7.1997e-06
0.891116  0.000257862  1.07332e-05
0.899808  0.000245061  1.68248e-05
0.908498  0.000241623  1.99911e-05
0.917189  0.000241008  2.13136e-05
0.925878  0.000240965  2.17231e-05
0.934567  0.00024097  2.18008e-05
0.943255  0.000240971  2.18079e-05
0.951942  0.000240971  2.18081e-05
0.960629  0.000240971  2.18082e-05
0.969315  0.000240971  2.18082e-05
0.978  0.00024097  2.18085e-05
0.00218166  0.000241275  0.00033474
