-9  5.45867e-11  5.45867e-11
-8.99996  5.45134e-11  5.45134e-11
-8.99989  5.44455e-11  5.44455e-11
-8.99979  5.43776e-11  5.43776e-11
-8.99965  5.43212e-11  5.43212e-11
-8.99948  5.4287e-11  5.4287e-11
-8.99927  5.42794e-11  5.42794e-11
-8.99902  5.42923e-11  5.42923e-11
-8.99875  5.43105e-11  5.43105e-11
-8.99843  5.43154e-11  5.43154e-11
-8.99809  5.42927e-11  5.42927e-11
-8.99771  5.42421e-11  5.42421e-11
-8.99729  5.41746e-11  5.41746e-11
-8.99684  5.41053e-11  5.41053e-11
-8.99635  5.40471e-11  5.40471e-11
-8.99583  5.40001e-11  5.40001e-11
-8.99528  5.39552e-11  5.39552e-11
-8.99469  5.38953e-11  5.38953e-11
-8.99406  5.3806e-11  5.3806e-11
-8.9934  5.36852e-11  5.36852e-11
-8.99271  5.35413e-11  5.35413e-11
-8.99198  5.33886e-11  5.33886e-11
-8.99122  5.32402e-11  5.32402e-11
-8.99042  5.30986e-11  5.30986e-11
-8.98959  5.29547e-11  5.29547e-11
-8.98872  5.27922e-11  5.27922e-11
-8.98782  5.25968e-11  5.25968e-11
-8.98688  5.23641e-11  5.23641e-11
-8.98591  5.21011e-11  5.21011e-11
-8.98491  5.18236e-11  5.18236e-11
-8.98387  5.15443e-11  5.15443e-11
-8.98279  5.12672e-11  5.12672e-11
-8.98168  5.09834e-11  5.09834e-11
-8.98054  5.06774e-11  5.06774e-11
-8.97936  5.03337e-11  5.03337e-11
-8.97814  4.99464e-11  4.99464e-11
-8.9769  4.95223e-11  4.95223e-11
-8.97561  4.90769e-11  4.90769e-11
-8.9743  4.86235e-11  4.86235e-11
-8.97294  4.81674e-11  4.81674e-11
-8.97156  4.77007e-11  4.77007e-11
-8.97014  4.72073e-11  4.72073e-11
-8.96868  4.66708e-11  4.66708e-11
-8.96719  4.60846e-11  4.60846e-11
-8.96567  4.5454e-11  4.5454e-11
-8.96411  4.47945e-11  4.47945e-11
-8.96251  4.41213e-11  4.41213e-11
-8.96088  4.34405e-11  4.34405e-11
-8.95922  4.27446e-11  4.27446e-11
-8.95752  4.20172e-11  4.20172e-11
-8.95579  4.12409e-11  4.12409e-11
-8.95403  4.04074e-11  4.04074e-11
-8.95222  3.95219e-11  3.95219e-11
-8.95039  3.85995e-11  3.85995e-11
-8.94852  3.76571e-11  3.76571e-11
-8.94661  3.67015e-11  3.67015e-11
-8.94467  3.57258e-11  3.57258e-11
-8.9427  3.47137e-11  3.47137e-11
-8.94069  3.36461e-11  3.36461e-11
-8.93865  3.25137e-11  3.25137e-11
-8.93657  3.13204e-11  3.13204e-11
-8.93446  3.00823e-11  3.00823e-11
-8.93232  2.88167e-11  2.88167e-11
-8.93014  2.75315e-11  2.75315e-11
-8.92792  2.62219e-11  2.62219e-11
-8.92567  2.48692e-11  2.48692e-11
-8.92339  2.34543e-11  2.34543e-11
-8.92107  2.19653e-11  2.19653e-11
-8.91872  2.04065e-11  2.04065e-11
-8.91633  1.87936e-11  1.87936e-11
-8.91391  1.71451e-11  1.71451e-11
-8.91145  1.54713e-11  1.54713e-11
-8.90896  1.3766e-11  1.3766e-11
-8.90644  1.20119e-11  1.20119e-11
-8.90388  1.01867e-11  1.01867e-11
-8.90129  8.27798e-12  8.27798e-12
-8.89866  6.28935e-12  6.28935e-12
-8.896  4.23633e-12  4.23633e-12
-8.8933  2.13889e-12  2.13889e-12
-8.89057  8.59708e-15  8.59708e-15
-8.88781  -2.15945e-12  -2.15945e-12
-8.88501  -4.38433e-12  -4.38433e-12
-8.88218  -6.68916e-12  -6.68916e-12
-8.87931  -9.08813e-12  -9.08813e-12
-8.87641  -1.15795e-11  -1.15795e-11
-8.87347  -1.41463e-11  -1.41463e-11
-8.8705  -1.67669e-11  -1.67669e-11
-8.8675  -1.94287e-11  -1.94287e-11
-8.86446  -2.21364e-11  -2.21364e-11
-8.86139  -2.49097e-11  -2.49097e-11
-8.85828  -2.77736e-11  -2.77736e-11
-8.85514  -3.07437e-11  -3.07437e-11
-8.85197  -3.38195e-11  -3.38195e-11
-8.84876  -3.69827e-11  -3.69827e-11
-8.84551  -4.02112e-11  -4.02112e-11
-8.84224  -4.34908e-11  -4.34908e-11
-8.83893  -4.68255e-11  -4.68255e-11
-8.83558  -5.02357e-11  -5.02357e-11
-8.8322  -5.37484e-11  -5.37484e-11
-8.82879  -5.73815e-11  -5.73815e-11
-8.82534  -6.11349e-11  -6.11349e-11
-8.82186  -6.49905e-11  -6.49905e-11
-8.81834  -6.89243e-11  -6.89243e-11
-8.81479  -7.29202e-11  -7.29202e-11
-8.81121  -7.69818e-11  -7.69818e-11
-8.80759  -8.11305e-11  -8.11305e-11
-8.80394  -8.5396e-11  -8.5396e-11
-8.80025  -8.97982e-11  -8.97982e-11
-8.79654  -9.43377e-11  -9.43377e-11
-8.79278  -9.89962e-11  -9.89962e-11
-8.789  -1.03747e-10  -1.03747e-10
-8.78517  -1.08573e-10  -1.08573e-10
-8.78132  -1.13478e-10  -1.13478e-10
-8.77743  -1.18484e-10  -1.18484e-10
-8.77351  -1.23623e-10  -1.23623e-10
-8.76955  -1.28917e-10  -1.28917e-10
-8.76556  -1.34369e-10  -1.34369e-10
-8.76154  -1.39959e-10  -1.39959e-10
-8.75748  -1.45658e-10  -1.45658e-10
-8.75339  -1.51448e-10  -1.51448e-10
-8.74926  -1.57332e-10  -1.57332e-10
-8.7451  -1.63334e-10  -1.63334e-10
-8.74091  -1.69488e-10  -1.69488e-10
-8.73668  -1.7582e-10  -1.7582e-10
-8.73242  -1.82332e-10  -1.82332e-10
-8.72813  -1.89005e-10  -1.89005e-10
-8.7238  -1.95807e-10  -1.95807e-10
-8.71944  -2.0272e-10  -2.0272e-10
-8.71505  -2.09744e-10  -2.09744e-10
-8.71062  -2.16906e-10  -2.16906e-10
-8.70616  -2.24244e-10  -2.24244e-10
-8.70166  -2.31785e-10  -2.31785e-10
-8.69713  -2.39534e-10  -2.39534e-10
-8.69257  -2.4747e-10  -2.4747e-10
-8.68797  -2.55562e-10  -2.55562e-10
-8.68334  -2.63785e-10  -2.63785e-10
-8.67868  -2.72143e-10  -2.72143e-10
-8.67398  -2.80662e-10  -2.80662e-10
-8.66925  -2.89386e-10  -2.89386e-10
-8.66449  -2.98345e-10  -2.98345e-10
-8.65969  -3.07544e-10  -3.07544e-10
-8.65486  -3.16962e-10  -3.16962e-10
-8.65  -3.26565e-10  -3.26565e-10
-8.6451  -3.36328e-10  -3.36328e-10
-8.64017  -3.46253e-10  -3.46253e-10
-8.63521  -3.56371e-10  -3.56371e-10
-8.63021  -3.66727e-10  -3.66727e-10
-8.62518  -3.77356e-10  -3.77356e-10
-8.62012  -3.88265e-10  -3.88265e-10
-8.61502  -3.99433e-10  -3.99433e-10
-8.60989  -4.10822e-10  -4.10822e-10
-8.60473  -4.22407e-10  -4.22407e-10
-8.59953  -4.34189e-10  -4.34189e-10
-8.59431  -4.46202e-10  -4.46202e-10
-8.58904  -4.58496e-10  -4.58496e-10
-8.58375  -4.7111e-10  -4.7111e-10
-8.57842  -4.84054e-10  -4.84054e-10
-8.57306  -4.97305e-10  -4.97305e-10
-8.56766  -5.10825e-10  -5.10825e-10
-8.56223  -5.24585e-10  -5.24585e-10
-8.55677  -5.38587e-10  -5.38587e-10
-8.55128  -5.5287e-10  -5.5287e-10
-8.54575  -5.67489e-10  -5.67489e-10
-8.54019  -5.82487e-10  -5.82487e-10
-8.5346  -5.97878e-10  -5.97878e-10
-8.52898  -6.13638e-10  -6.13638e-10
-8.52332  -6.29729e-10  -6.29729e-10
-8.51763  -6.46118e-10  -6.46118e-10
-8.5119  -6.6281e-10  -6.6281e-10
-8.50615  -6.79848e-10  -6.79848e-10
-8.50036  -6.97293e-10  -6.97293e-10
-8.49453  -7.15196e-10  -7.15196e-10
-8.48868  -7.33574e-10  -7.33574e-10
-8.48279  -7.52404e-10  -7.52404e-10
-8.47687  -7.71645e-10  -7.71645e-10
-8.47092  -7.91265e-10  -7.91265e-10
-8.46493  -8.11272e-10  -8.11272e-10
-8.45891  -8.31714e-10  -8.31714e-10
-8.45286  -8.5266e-10  -8.5266e-10
-8.44678  -8.74172e-10  -8.74172e-10
-8.44066  -8.9627e-10  -8.9627e-10
-8.43451  -9.18933e-10  -9.18933e-10
-8.42833  -9.42122e-10  -9.42122e-10
-8.42212  -9.65805e-10  -9.65805e-10
-8.41587  -9.89994e-10  -9.89994e-10
-8.40959  -1.01475e-09  -1.01475e-09
-8.40328  -1.04015e-09  -1.04015e-09
-8.39694  -1.06626e-09  -1.06626e-09
-8.39056  -1.09313e-09  -1.09313e-09
-8.38415  -1.12073e-09  -1.12073e-09
-8.37771  -1.14902e-09  -1.14902e-09
-8.37124  -1.17798e-09  -1.17798e-09
-8.36473  -1.20764e-09  -1.20764e-09
-8.35819  -1.23806e-09  -1.23806e-09
-8.35162  -1.26934e-09  -1.26934e-09
-8.34502  -1.30158e-09  -1.30158e-09
-8.33839  -1.33483e-09  -1.33483e-09
-8.33172  -1.36907e-09  -1.36907e-09
-8.32502  -1.40429e-09  -1.40429e-09
-8.31829  -1.44047e-09  -1.44047e-09
-8.31153  -1.47766e-09  -1.47766e-09
-8.30474  -1.51597e-09  -1.51597e-09
-8.29791  -1.55553e-09  -1.55553e-09
-8.29105  -1.59647e-09  -1.59647e-09
-8.28416  -1.63887e-09  -1.63887e-09
-8.27724  -1.68276e-09  -1.68276e-09
-8.27028  -1.72816e-09  -1.72816e-09
-8.2633  -1.77511e-09  -1.77511e-09
-8.25628  -1.82372e-09  -1.82372e-09
-8.24923  -1.87419e-09  -1.87419e-09
-8.24215  -1.92676e-09  -1.92676e-09
-8.23503  -1.98164e-09  -1.98164e-09
-8.22789  -2.03903e-09  -2.03903e-09
-8.22071  -2.09908e-09  -2.09908e-09
-8.2135  -2.16198e-09  -2.16198e-09
-8.20626  -2.228e-09  -2.228e-09
-8.19899  -2.29761e-09  -2.29761e-09
-8.19169  -2.37142e-09  -2.37142e-09
-8.18435  -2.45016e-09  -2.45016e-09
-8.17698  -2.53458e-09  -2.53458e-09
-8.16959  -2.62547e-09  -2.62547e-09
-8.16216  -2.72399e-09  -2.72399e-09
-8.15469  -2.83231e-09  -2.83231e-09
-8.1472  -2.95498e-09  -2.95498e-09
-8.13968  -3.10077e-09  -3.10077e-09
-8.13212  -3.2854e-09  -3.2854e-09
-8.12454  -3.53465e-09  -3.53465e-09
-8.11692  -3.88791e-09  -3.88791e-09
-8.10927  -4.40184e-09  -4.40184e-09
-8.10159  -5.15365e-09  -5.15365e-09
-8.09387  -6.24377e-09  -6.24377e-09
-8.08613  -7.79753e-09  -7.79753e-09
-8.07836  -9.96552e-09  -9.96552e-09
-8.07055  -1.29229e-08  -1.29229e-08
-8.06271  -1.68674e-08  -1.68674e-08
-8.05485  -2.2017e-08  -2.2017e-08
-8.04695  -2.86069e-08  -2.86069e-08
-8.03902  -3.6887e-08  -3.6887e-08
-8.03106  -4.71192e-08  -4.71192e-08
-8.02307  -5.95758e-08  -5.95758e-08
-8.01504  -7.45386e-08  -7.45386e-08
-8.00699  -9.22976e-08  -9.22976e-08
-7.99891  -1.13151e-07  -1.13151e-07
-7.99079  -1.37406e-07  -1.37406e-07
-7.98264  -1.65377e-07  -1.65377e-07
-7.97447  -1.97386e-07  -1.97386e-07
-7.96626  -2.33765e-07  -2.33765e-07
-7.95802  -2.74855e-07  -2.74855e-07
-7.94975  -3.21005e-07  -3.21005e-07
-7.94145  -3.72574e-07  -3.72574e-07
-7.93312  -4.29928e-07  -4.29928e-07
-7.92476  -4.93445e-07  -4.93445e-07
-7.91637  -5.6351e-07  -5.6351e-07
-7.90795  -6.4052e-07  -6.4052e-07
-7.8995  -7.24878e-07  -7.24878e-07
-7.89101  -8.17002e-07  -8.17002e-07
-7.8825  -9.17314e-07  -9.17314e-07
-7.87396  -1.02625e-06  -1.02625e-06
-7.86538  -1.14426e-06  -1.14426e-06
-7.85678  -1.2718e-06  -1.2718e-06
-7.84814  -1.40933e-06  -1.40933e-06
-7.83948  -1.55733e-06  -1.55733e-06
-7.83078  -1.71629e-06  -1.71629e-06
-7.82206  -1.88672e-06  -1.88672e-06
-7.8133  -2.06911e-06  -2.06911e-06
-7.80452  -2.264e-06  -2.264e-06
-7.7957  -2.47192e-06  -2.47192e-06
-7.78686  -2.69342e-06  -2.69342e-06
-7.77798  -2.92905e-06  -2.92905e-06
-7.76907  -3.17939e-06  -3.17939e-06
-7.76014  -3.44501e-06  -3.44501e-06
-7.75117  -3.72653e-06  -3.72653e-06
-7.74218  -4.02454e-06  -4.02454e-06
-7.73315  -4.33966e-06  -4.33966e-06
-7.7241  -4.67254e-06  -4.67254e-06
-7.71501  -5.02383e-06  -5.02383e-06
-7.7059  -5.39418e-06  -5.39418e-06
-7.69675  -5.78427e-06  -5.78427e-06
-7.68758  -6.19479e-06  -6.19479e-06
-7.67837  -6.62646e-06  -6.62646e-06
-7.66914  -7.07998e-06  -7.07998e-06
-7.65988  -7.5561e-06  -7.5561e-06
-7.65059  -8.05556e-06  -8.05556e-06
-7.64126  -8.57913e-06  -8.57913e-06
-7.63191  -9.12759e-06  -9.12759e-06
-7.62253  -9.70175e-06  -9.70175e-06
-7.61312  -1.03024e-05  -1.03024e-05
-7.60368  -1.09304e-05  -1.09304e-05
-7.59421  -1.15865e-05  -1.15865e-05
-7.58472  -1.22717e-05  -1.22717e-05
-7.57519  -1.29869e-05  -1.29869e-05
-7.56563  -1.37328e-05  -1.37328e-05
-7.55605  -1.45105e-05  -1.45105e-05
-7.54643  -1.53208e-05  -1.53208e-05
-7.53679  -1.61647e-05  -1.61647e-05
-7.52711  -1.70433e-05  -1.70433e-05
-7.51741  -1.79574e-05  -1.79574e-05
-7.50768  -1.8908e-05  -1.8908e-05
-7.49792  -1.98963e-05  -1.98963e-05
-7.48813  -2.09233e-05  -2.09233e-05
-7.47831  -2.19899e-05  -2.19899e-05
-7.46847  -2.30974e-05  -2.30974e-05
-7.45859  -2.42468e-05  -2.42468e-05
-7.44869  -2.54392e-05  -2.54392e-05
-7.43876  -2.66759e-05  -2.66759e-05
-7.42879  -2.79579e-05  -2.79579e-05
-7.4188  -2.92864e-05  -2.92864e-05
-7.40878  -3.06628e-05  -3.06628e-05
-7.39874  -3.20881e-05  -3.20881e-05
-7.38866  -3.35637e-05  -3.35637e-05
-7.37856  -3.50909e-05  -3.50909e-05
-7.36842  -3.66709e-05  -3.66709e-05
-7.35826  -3.83052e-05  -3.83052e-05
-7.34807  -3.9995e-05  -3.9995e-05
-7.33786  -4.17417e-05  -4.17417e-05
-7.32761  -4.35468e-05  -4.35468e-05
-7.31734  -4.54117e-05  -4.54117e-05
-7.30703  -4.73379e-05  -4.73379e-05
-7.2967  -4.93267e-05  -4.93267e-05
-7.28634  -5.13798e-05  -5.13798e-05
-7.27596  -5.34987e-05  -5.34987e-05
-7.26554  -5.56849e-05  -5.56849e-05
-7.2551  -5.79401e-05  -5.79401e-05
-7.24463  -6.02658e-05  -6.02658e-05
-7.23413  -6.26638e-05  -6.26638e-05
-7.2236  -6.51356e-05  -6.51356e-05
-7.21305  -6.76831e-05  -6.76831e-05
-7.20246  -7.0308e-05  -7.0308e-05
-7.19185  -7.3012e-05  -7.3012e-05
-7.18122  -7.5797e-05  -7.5797e-05
-7.17055  -7.86647e-05  -7.86647e-05
-7.15986  -8.16171e-05  -8.16171e-05
-7.14914  -8.46561e-05  -8.46561e-05
-7.13839  -8.77836e-05  -8.77836e-05
-7.12761  -9.10015e-05  -9.10015e-05
-7.11681  -9.4312e-05  -9.4312e-05
-7.10598  -9.7717e-05  -9.7717e-05
-7.09512  -0.000101219  -0.000101219
-7.08423  -0.000104819  -0.000104819
-7.07332  -0.00010852  -0.00010852
-7.06238  -0.000112324  -0.000112324
-7.05141  -0.000116234  -0.000116234
-7.04042  -0.000120251  -0.000120251
-7.02939  -0.000124378  -0.000124378
-7.01835  -0.000128617  -0.000128617
-7.00727  -0.000132971  -0.000132971
-6.99617  -0.000137442  -0.000137442
-6.98504  -0.000142032  -0.000142032
-6.97388  -0.000146744  -0.000146744
-6.9627  -0.000151581  -0.000151581
-6.95149  -0.000156545  -0.000156545
-6.94025  -0.000161639  -0.000161639
-6.92898  -0.000166865  -0.000166865
-6.91769  -0.000172227  -0.000172227
-6.90638  -0.000177726  -0.000177726
-6.89503  -0.000183367  -0.000183367
-6.88366  -0.000189151  -0.000189151
-6.87226  -0.000195082  -0.000195082
-6.86084  -0.000201163  -0.000201163
-6.84939  -0.000207396  -0.000207396
-6.83791  -0.000213785  -0.000213785
-6.82641  -0.000220333  -0.000220333
-6.81488  -0.000227043  -0.000227043
-6.80332  -0.000233919  -0.000233919
-6.79174  -0.000240963  -0.000240963
-6.78013  -0.000248179  -0.000248179
-6.7685  -0.00025557  -0.00025557
-6.75684  -0.000263141  -0.000263141
-6.74515  -0.000270894  -0.000270894
-6.73344  -0.000278832  -0.000278832
-6.7217  -0.000286961  -0.000286961
-6.70994  -0.000295283  -0.000295283
-6.69815  -0.000303802  -0.000303802
-6.68633  -0.000312523  -0.000312523
-6.67449  -0.000321448  -0.000321448
-6.66262  -0.000330582  -0.000330582
-6.65073  -0.000339929  -0.000339929
-6.63881  -0.000349493  -0.000349493
-6.62687  -0.000359279  -0.000359279
-6.6149  -0.00036929  -0.00036929
-6.6029  -0.000379531  -0.000379531
-6.59088  -0.000390006  -0.000390006
-6.57883  -0.00040072  -0.00040072
-6.56676  -0.000411677  -0.000411677
-6.55467  -0.000422882  -0.000422882
-6.54254  -0.00043434  -0.00043434
-6.5304  -0.000446055  -0.000446055
-6.51822  -0.000458033  -0.000458033
-6.50603  -0.000470278  -0.000470278
-6.4938  -0.000482795  -0.000482795
-6.48156  -0.00049559  -0.00049559
-6.46928  -0.000508667  -0.000508667
-6.45698  -0.000522032  -0.000522032
-6.44466  -0.000535691  -0.000535691
-6.43231  -0.000549649  -0.000549649
-6.41994  -0.000563911  -0.000563911
-6.40755  -0.000578483  -0.000578483
-6.39512  -0.000593371  -0.000593371
-6.38268  -0.000608581  -0.000608581
-6.37021  -0.000624119  -0.000624119
-6.35771  -0.000639991  -0.000639991
-6.34519  -0.000656202  -0.000656202
-6.33265  -0.000672761  -0.000672761
-6.32008  -0.000689671  -0.000689671
-6.30748  -0.000706942  -0.000706942
-6.29487  -0.000724578  -0.000724578
-6.28222  -0.000742586  -0.000742586
-6.26956  -0.000760974  -0.000760974
-6.25687  -0.000779749  -0.000779749
-6.24415  -0.000798917  -0.000798917
-6.23141  -0.000818486  -0.000818486
-6.21865  -0.000838463  -0.000838463
-6.20586  -0.000858856  -0.000858856
-6.19305  -0.000879672  -0.000879672
-6.18022  -0.000900919  -0.000900919
-6.16736  -0.000922604  -0.000922604
-6.15448  -0.000944737  -0.000944737
-6.14157  -0.000967324  -0.000967324
-6.12865  -0.000990375  -0.000990375
-6.11569  -0.0010139  -0.0010139
-6.10272  -0.0010379  -0.0010379
-6.08972  -0.00106239  -0.00106239
-6.07669  -0.00108738  -0.00108738
-6.06364  -0.00111288  -0.00111288
-6.05057  -0.00113889  -0.00113889
-6.03748  -0.00116543  -0.00116543
-6.02436  -0.0011925  -0.0011925
-6.01122  -0.00122012  -0.00122012
-5.99806  -0.00124829  -0.00124829
-5.98487  -0.00127703  -0.00127703
-5.97166  -0.00130634  -0.00130634
-5.95843  -0.00133624  -0.00133624
-5.94518  -0.00136673  -0.00136673
-5.9319  -0.00139783  -0.00139783
-5.9186  -0.00142955  -0.00142955
-5.90527  -0.0014619  -0.0014619
-5.89193  -0.00149489  -0.00149489
-5.87856  -0.00152852  -0.00152852
-5.86516  -0.00156283  -0.00156283
-5.85175  -0.0015978  -0.0015978
-5.83831  -0.00163347  -0.00163347
-5.82485  -0.00166983  -0.00166983
-5.81137  -0.00170691  -0.00170691
-5.79786  -0.00174472  -0.00174472
-5.78434  -0.00178326  -0.00178326
-5.77079  -0.00182256  -0.00182256
-5.75722  -0.00186262  -0.00186262
-5.74362  -0.00190346  -0.00190346
-5.73001  -0.00194509  -0.00194509
-5.71637  -0.00198754  -0.00198754
-5.70271  -0.0020308  -0.0020308
-5.68902  -0.0020749  -0.0020749
-5.67532  -0.00211986  -0.00211986
-5.66159  -0.00216568  -0.00216568
-5.64785  -0.00221239  -0.00221239
-5.63408  -0.00226  -0.00226
-5.62029  -0.00230853  -0.00230853
-5.60647  -0.00235799  -0.00235799
-5.59264  -0.00240839  -0.00240839
-5.57878  -0.00245977  -0.00245977
-5.5649  -0.00251213  -0.00251213
-5.551  -0.00256549  -0.00256549
-5.53708  -0.00261988  -0.00261988
-5.52314  -0.0026753  -0.0026753
-5.50918  -0.00273178  -0.00273178
-5.49519  -0.00278935  -0.00278935
-5.48119  -0.002848  -0.002848
-5.46716  -0.00290778  -0.00290778
-5.45311  -0.00296869  -0.00296869
-5.43905  -0.00303077  -0.00303077
-5.42496  -0.00309402  -0.00309402
-5.41085  -0.00315848  -0.00315848
-5.39671  -0.00322416  -0.00322416
-5.38256  -0.00329108  -0.00329108
-5.36839  -0.00335928  -0.00335928
-5.35419  -0.00342877  -0.00342877
-5.33998  -0.00349957  -0.00349957
-5.32574  -0.00357172  -0.00357172
-5.31149  -0.00364523  -0.00364523
-5.29721  -0.00372013  -0.00372013
-5.28292  -0.00379645  -0.00379645
-5.2686  -0.00387421  -0.00387421
-5.25426  -0.00395345  -0.00395345
-5.2399  -0.00403418  -0.00403418
-5.22553  -0.00411643  -0.00411643
-5.21113  -0.00420024  -0.00420024
-5.19671  -0.00428563  -0.00428563
-5.18227  -0.00437263  -0.00437263
-5.16782  -0.00446128  -0.00446128
-5.15334  -0.00455159  -0.00455159
-5.13884  -0.00464362  -0.00464362
-5.12432  -0.00473738  -0.00473738
-5.10979  -0.00483291  -0.00483291
-5.09523  -0.00493024  -0.00493024
-5.08065  -0.00502941  -0.00502941
-5.06606  -0.00513045  -0.00513045
-5.05144  -0.00523339  -0.00523339
-5.0368  -0.00533829  -0.00533829
-5.02215  -0.00544516  -0.00544516
-5.00748  -0.00555405  -0.00555405
-4.99278  -0.00566499  -0.00566499
-4.97807  -0.00577804  -0.00577804
-4.96334  -0.00589322  -0.00589322
-4.94859  -0.00601058  -0.00601058
-4.93382  -0.00613015  -0.00613015
-4.91903  -0.00625199  -0.00625199
-4.90422  -0.00637614  -0.00637614
-4.88939  -0.00650263  -0.00650263
-4.87455  -0.00663153  -0.00663153
-4.85968  -0.00676286  -0.00676286
-4.8448  -0.00689669  -0.00689669
-4.8299  -0.00703306  -0.00703306
-4.81498  -0.00717202  -0.00717202
-4.80004  -0.00731362  -0.00731362
-4.78508  -0.00745791  -0.00745791
-4.77011  -0.00760495  -0.00760495
-4.75511  -0.00775478  -0.00775478
-4.7401  -0.00790748  -0.00790748
-4.72507  -0.00806308  -0.00806308
-4.71002  -0.00822166  -0.00822166
-4.69495  -0.00838327  -0.00838327
-4.67987  -0.00854797  -0.00854797
-4.66476  -0.00871582  -0.00871582
-4.64964  -0.00888689  -0.00888689
-4.6345  -0.00906124  -0.00906124
-4.61934  -0.00923894  -0.00923894
-4.60417  -0.00942006  -0.00942006
-4.58898  -0.00960466  -0.00960466
-4.57377  -0.00979283  -0.00979283
-4.55854  -0.00998462  -0.00998462
-4.54329  -0.0101801  -0.0101801
-4.52803  -0.0103794  -0.0103794
-4.51275  -0.0105826  -0.0105826
-4.49745  -0.0107896  -0.0107896
-4.48213  -0.0110008  -0.0110008
-4.4668  -0.011216  -0.011216
-4.45145  -0.0114354  -0.0114354
-4.43608  -0.0116591  -0.0116591
-4.4207  -0.0118872  -0.0118872
-4.4053  -0.0121197  -0.0121197
-4.38988  -0.0123568  -0.0123568
-4.37444  -0.0125986  -0.0125986
-4.35899  -0.0128451  -0.0128451
-4.34352  -0.0130965  -0.0130965
-4.32804  -0.0133528  -0.0133528
-4.31254  -0.0136143  -0.0136143
-4.29702  -0.0138809  -0.0138809
-4.28148  -0.0141528  -0.0141528
-4.26593  -0.0144301  -0.0144301
-4.25036  -0.014713  -0.014713
-4.23478  -0.0150015  -0.0150015
-4.21918  -0.0152958  -0.0152958
-4.20356  -0.0155961  -0.0155961
-4.18792  -0.0159023  -0.0159023
-4.17227  -0.0162148  -0.0162148
-4.15661  -0.0165336  -0.0165336
-4.14093  -0.0168589  -0.0168589
-4.12523  -0.0171907  -0.0171907
-4.10951  -0.0175294  -0.0175294
-4.09379  -0.017875  -0.017875
-4.07804  -0.0182276  -0.0182276
-4.06228  -0.0185875  -0.0185875
-4.0465  -0.0189549  -0.0189549
-4.03071  -0.0193298  -0.0193298
-4.0149  -0.0197125  -0.0197125
-3.99908  -0.0201032  -0.0201032
-3.98324  -0.020502  -0.020502
-3.96739  -0.0209092  -0.0209092
-3.95152  -0.0213249  -0.0213249
-3.93563  -0.0217494  -0.0217494
-3.91973  -0.0221829  -0.0221829
-3.90382  -0.0226256  -0.0226256
-3.88789  -0.0230777  -0.0230777
-3.87194  -0.0235394  -0.0235394
-3.85598  -0.0240111  -0.0240111
-3.84001  -0.0244929  -0.0244929
-3.82402  -0.0249852  -0.0249852
-3.80801  -0.0254881  -0.0254881
-3.79199  -0.026002  -0.026002
-3.77596  -0.0265271  -0.0265271
-3.75991  -0.0270638  -0.0270638
-3.74385  -0.0276123  -0.0276123
-3.72777  -0.028173  -0.028173
-3.71168  -0.0287462  -0.0287462
-3.69557  -0.0293322  -0.0293322
-3.67945  -0.0299313  -0.0299313
-3.66332  -0.030544  -0.030544
-3.64717  -0.0311706  -0.0311706
-3.63101  -0.0318115  -0.0318115
-3.61483  -0.0324671  -0.0324671
-3.59864  -0.0331378  -0.0331378
-3.58244  -0.033824  -0.033824
-3.56622  -0.0345263  -0.0345263
-3.54999  -0.035245  -0.035245
-3.53374  -0.0359807  -0.0359807
-3.51748  -0.0367338  -0.0367338
-3.50121  -0.0375049  -0.0375049
-3.48492  -0.0382946  -0.0382946
-3.46863  -0.0391033  -0.0391033
-3.45231  -0.0399317  -0.0399317
-3.43599  -0.0407805  -0.0407805
-3.41965  -0.0416502  -0.0416502
-3.40329  -0.0425416  -0.0425416
-3.38693  -0.0434553  -0.0434553
-3.37055  -0.0443921  -0.0443921
-3.35416  -0.0453528  -0.0453528
-3.33775  -0.0463382  -0.0463382
-3.32133  -0.0473491  -0.0473491
-3.3049  -0.0483865  -0.0483865
-3.28846  -0.0494512  -0.0494512
-3.272  -0.0505443  -0.0505443
-3.25554  -0.0516669  -0.0516669
-3.23906  -0.0528201  -0.0528201
-3.22256  -0.0540049  -0.0540049
-3.20606  -0.0552228  -0.0552228
-3.18954  -0.0564749  -0.0564749
-3.17301  -0.0577627  -0.0577627
-3.15646  -0.0590876  -0.0590876
-3.13991  -0.0604514  -0.0604514
-3.12334  -0.0618558  -0.0618558
-3.10676  -0.0633026  -0.0633026
-3.09017  -0.0647937  -0.0647937
-3.07357  -0.0663314  -0.0663314
-3.05695  -0.0679177  -0.0679177
-3.04033  -0.0695553  -0.0695553
-3.02369  -0.071247  -0.071247
-3.00704  -0.0729961  -0.0729961
-2.99038  -0.0748059  -0.0748059
-2.9737  -0.0766805  -0.0766805
-2.95702  -0.0786238  -0.0786238
-2.94032  -0.0806403  -0.0806403
-2.92361  -0.0827352  -0.0827352
-2.9069  -0.0849148  -0.0849148
-2.89017  -0.0871875  -0.0871875
-2.87343  -0.0895643  -0.0895643
-2.85667  -0.0920591  -0.0920591
-2.83991  -0.0946887  -0.0946887
-2.82314  -0.0974714  -0.0974714
-2.80635  -0.100425  -0.100425
-2.78955  -0.103565  -0.103565
-2.77275  -0.106899  -0.106899
-2.75593  -0.110424  -0.110424
-2.7391  -0.114128  -0.114128
-2.72226  -0.117985  -0.117985
-2.70542  -0.121959  -0.121959
-2.68856  -0.126007  -0.126007
-2.67169  -0.130082  -0.130082
-2.65481  -0.134139  -0.134139
-2.63792  -0.138143  -0.138143
-2.62102  -0.142064  -0.142064
-2.60411  -0.145886  -0.145886
-2.58719  -0.149605  -0.149605
-2.57025  -0.153227  -0.153227
-2.55331  -0.156761  -0.156761
-2.53636  -0.160224  -0.160224
-2.5194  -0.163629  -0.163629
-2.50243  -0.166992  -0.166992
-2.48545  -0.170324  -0.170324
-2.46847  -0.173632  -0.173632
-2.45147  -0.176924  -0.176924
-2.43446  -0.180204  -0.180204
-2.41744  -0.183476  -0.183476
-2.40041  -0.186743  -0.186743
-2.38338  -0.190008  -0.190008
-2.36633  -0.193274  -0.193274
-2.34928  -0.196545  -0.196545
-2.33222  -0.199822  -0.199822
-2.31514  -0.203108  -0.203108
-2.29806  -0.206406  -0.206406
-2.28097  -0.209717  -0.209717
-2.26387  -0.213043  -0.213043
-2.24677  -0.216386  -0.216386
-2.22965  -0.219748  -0.219748
-2.21252  -0.22313  -0.22313
-2.19539  -0.226535  -0.226535
-2.17825  -0.229963  -0.229963
-2.1611  -0.233417  -0.233417
-2.14394  -0.236898  -0.236898
-2.12677  -0.240408  -0.240408
-2.1096  -0.243949  -0.243949
-2.09242  -0.247521  -0.247521
-2.07522  -0.251127  -0.251127
-2.05803  -0.254768  -0.254768
-2.04082  -0.258446  -0.258446
-2.0236  -0.262162  -0.262162
-2.00638  -0.265918  -0.265918
-1.98915  -0.269716  -0.269716
-1.97191  -0.273558  -0.273558
-1.95467  -0.277445  -0.277445
-1.93741  -0.281379  -0.281379
-1.92015  -0.285361  -0.285361
-1.90288  -0.289395  -0.289395
-1.88561  -0.293481  -0.293481
-1.86832  -0.297621  -0.297621
-1.85103  -0.301818  -0.301818
-1.83374  -0.306073  -0.306073
-1.81643  -0.31039  -0.31039
-1.79912  -0.314769  -0.314769
-1.7818  -0.319213  -0.319213
-1.76448  -0.323725  -0.323725
-1.74715  -0.328307  -0.328307
-1.72981  -0.332961  -0.332961
-1.71246  -0.33769  -0.33769
-1.69511  -0.342497  -0.342497
-1.67775  -0.347384  -0.347384
-1.66039  -0.352355  -0.352355
-1.64302  -0.357412  -0.357412
-1.62564  -0.362558  -0.362558
-1.60825  -0.367797  -0.367797
-1.59086  -0.373132  -0.373132
-1.57347  -0.378567  -0.378567
-1.55607  -0.384105  -0.384105
-1.53866  -0.38975  -0.38975
-1.52124  -0.395507  -0.395507
-1.50382  -0.401378  -0.401378
-1.4864  -0.407369  -0.407369
-1.46897  -0.413484  -0.413484
-1.45153  -0.419729  -0.419729
-1.43408  -0.426107  -0.426107
-1.41664  -0.432624  -0.432624
-1.39918  -0.439286  -0.439286
-1.38172  -0.446099  -0.446099
-1.36426  -0.453068  -0.453068
-1.34679  -0.4602  -0.4602
-1.32931  -0.467502  -0.467502
-1.31183  -0.474981  -0.474981
-1.29435  -0.482644  -0.482644
-1.27686  -0.490499  -0.490499
-1.25936  -0.498554  -0.498554
-1.24186  -0.506819  -0.506819
-1.22436  -0.515303  -0.515303
-1.20685  -0.524014  -0.524014
-1.18933  -0.532964  -0.532964
-1.17182  -0.542164  -0.542164
-1.15429  -0.551626  -0.551626
-1.13676  -0.561361  -0.561361
-1.11923  -0.571384  -0.571384
-1.1017  -0.581707  -0.581707
-1.08416  -0.592347  -0.592347
-1.06661  -0.603319  -0.603319
-1.04906  -0.61464  -0.61464
-1.03151  -0.626329  -0.626329
-1.01395  -0.638404  -0.638404
-0.996391  -0.650887  -0.650887
-0.978826  -0.6638  -0.6638
-0.961257  -0.677168  -0.677168
-0.943685  -0.691016  -0.691016
-0.926109  -0.705372  -0.705372
-0.90853  -0.720266  -0.720266
-0.890947  -0.735731  -0.735731
-0.873361  -0.7518  -0.7518
-0.855771  -0.768513  -0.768513
-0.838178  -0.785912  -0.785912
-0.820582  -0.804041  -0.804041
-0.802982  -0.82295  -0.82295
-0.78538  -0.842691  -0.842691
-0.767774  -0.863322  -0.863322
-0.750166  -0.884906  -0.884906
-0.732554  -0.907512  -0.907512
-0.71494  -0.931219  -0.931219
-0.697323  -0.956114  -0.956114
-0.679703  -0.982293  -0.982293
-0.662081  -1.00986  -1.00986
-0.644456  -1.03893  -1.03893
-0.626829  -1.06962  -1.06962
-0.609199  -1.10207  -1.10207
-0.591567  -1.13644  -1.13644
-0.573933  -1.17291  -1.17291
-0.556296  -1.2117  -1.2117
-0.538657  -1.25306  -1.25306
-0.521017  -1.29725  -1.29725
-0.503374  -1.3445  -1.3445
-0.485729  -1.39497  -1.39497
-0.468082  -1.44863  -1.44863
-0.450434  -1.50526  -1.50526
-0.432784  -1.56432  -1.56432
-0.415132  -1.62496  -1.62496
-0.397478  -1.68595  -1.68595
-0.379824  -1.74574  -1.74574
-0.362167  -1.80257  -1.80257
-0.344509  -1.85475  -1.85475
-0.32685  -1.90092  -1.90092
-0.30919  -1.94022  -1.94022
-0.291528  -1.97228  -1.97228
-0.273865  -1.99717  -1.99717
-0.256202  -2.01532  -2.01532
-0.238537  -2.02755  -2.02755
-0.220871  -2.03502  -2.03502
-0.203205  -2.03909  -2.03909
-0.185537  -2.04104  -2.04104
-0.167869  -2.04189  -2.04189
-0.1502  -2.04229  -2.04229
-0.132531  -2.04259  -2.04259
-0.114861  -2.04292  -2.04292
-0.0971911  -2.04328  -2.04328
-0.0795205  -2.04358  -2.04358
-0.0618496  -2.04378  -2.04378
-0.0441785  -2.04386  -2.04386
-0.0265071  -2.04386  -2.04386
-0.00883573  -2.04385  -2.04385
0.00883573  -2.04385  -2.04385
0.0265071  -2.04386  -2.04386
0.0441785  -2.04386  -2.04386
0.0618496  -2.04378  -2.04378
0.0795205  -2.04358  -2.04358
0.0971911  -2.04328  -2.04328
0.114861  -2.04292  -2.04292
0.132531  -2.04259  -2.04259
0.1502  -2.04229  -2.04229
0.167869  -2.04189  -2.04189
0.185537  -2.04104  -2.04104
0.203205  -2.03909  -2.03909
0.220871  -2.03502  -2.03502
0.238537  -2.02755  -2.02755
0.256202  -2.01532  -2.01532
0.273865  -1.99717  -1.99717
0.291528  -1.97228  -1.97228
0.30919  -1.94022  -1.94022
0.32685  -1.90092  -1.90092
0.344509  -1.85475  -1.85475
0.362167  -1.80257  -1.80257
0.379824  -1.74574  -1.74574
0.397478  -1.68595  -1.68595
0.415132  -1.62496  -1.62496
0.432784  -1.56432  -1.56432
0.450434  -1.50526  -1.50526
0.468082  -1.44863  -1.44863
0.485729  -1.39497  -1.39497
0.503374  -1.3445  -1.3445
0.521017  -1.29725  -1.29725
0.538657  -1.25306  -1.25306
0.556296  -1.2117  -1.2117
0.573933  -1.17291  -1.17291
0.591567  -1.13644  -1.13644
0.609199  -1.10207  -1.10207
0.626829  -1.06962  -1.06962
0.644456  -1.03893  -1.03893
0.662081  -1.00986  -1.00986
0.679703  -0.982293  -0.982293
0.697323  -0.956114  -0.956114
0.71494  -0.931219  -0.931219
0.732554  -0.907512  -0.907512
0.750166  -0.884906  -0.884906
0.767774  -0.863322  -0.863322
0.78538  -0.842691  -0.842691
0.802982  -0.82295  -0.82295
0.820582  -0.804041  -0.804041
0.838178  -0.785912  -0.785912
0.855771  -0.768513  -0.768513
0.873361  -0.7518  -0.7518
0.890947  -0.735731  -0.735731
0.90853  -0.720266  -0.720266
0.926109  -0.705372  -0.705372
0.943685  -0.691016  -0.691016
0.961257  -0.677168  -0.677168
0.978826  -0.6638  -0.6638
0.996391  -0.650887  -0.650887
1.01395  -0.638404  -0.638404
1.03151  -0.626329  -0.626329
1.04906  -0.61464  -0.61464
1.06661  -0.603319  -0.603319
1.08416  -0.592347  -0.592347
1.1017  -0.581707  -0.581707
1.11923  -0.571384  -0.571384
1.13676  -0.561361  -0.561361
1.15429  -0.551626  -0.551626
1.17182  -0.542164  -0.542164
1.18933  -0.532964  -0.532964
1.20685  -0.524014  -0.524014
1.22436  -0.515303  -0.515303
1.24186  -0.506819  -0.506819
1.25936  -0.498554  -0.498554
1.27686  -0.490499  -0.490499
1.29435  -0.482644  -0.482644
1.31183  -0.474981  -0.474981
1.32931  -0.467502  -0.467502
1.34679  -0.4602  -0.4602
1.36426  -0.453068  -0.453068
1.38172  -0.446099  -0.446099
1.39918  -0.439286  -0.439286
1.41664  -0.432624  -0.432624
1.43408  -0.426107  -0.426107
1.45153  -0.419729  -0.419729
1.46897  -0.413484  -0.413484
1.4864  -0.407369  -0.407369
1.50382  -0.401378  -0.401378
1.52124  -0.395507  -0.395507
1.53866  -0.38975  -0.38975
1.55607  -0.384105  -0.384105
1.57347  -0.378567  -0.378567
1.59086  -0.373132  -0.373132
1.60825  -0.367797  -0.367797
1.62564  -0.362558  -0.362558
1.64302  -0.357412  -0.357412
1.66039  -0.352355  -0.352355
1.67775  -0.347384  -0.347384
1.69511  -0.342497  -0.342497
1.71246  -0.33769  -0.33769
1.72981  -0.332961  -0.332961
1.74715  -0.328307  -0.328307
1.76448  -0.323725  -0.323725
1.7818  -0.319213  -0.319213
1.79912  -0.314769  -0.314769
1.81643  -0.31039  -0.31039
1.83374  -0.306073  -0.306073
1.85103  -0.301818  -0.301818
1.86832  -0.297621  -0.297621
1.88561  -0.293481  -0.293481
1.90288  -0.289395  -0.289395
1.92015  -0.285361  -0.285361
1.93741  -0.281379  -0.281379
1.95467  -0.277445  -0.277445
1.97191  -0.273558  -0.273558
1.98915  -0.269716  -0.269716
2.00638  -0.265918  -0.265918
2.0236  -0.262162  -0.262162
2.04082  -0.258446  -0.258446
2.05803  -0.254768  -0.254768
2.07522  -0.251127  -0.251127
2.09242  -0.247521  -0.247521
2.1096  -0.243949  -0.243949
2.12677  -0.240408  -0.240408
2.14394  -0.236898  -0.236898
2.1611  -0.233417  -0.233417
2.17825  -0.229963  -0.229963
2.19539  -0.226535  -0.226535
2.21252  -0.22313  -0.22313
2.22965  -0.219748  -0.219748
2.24677  -0.216386  -0.216386
2.26387  -0.213043  -0.213043
2.28097  -0.209717  -0.209717
2.29806  -0.206406  -0.206406
2.31514  -0.203108  -0.203108
2.33222  -0.199822  -0.199822
2.34928  -0.196545  -0.196545
2.36633  -0.193274  -0.193274
2.38338  -0.190008  -0.190008
2.40041  -0.186743  -0.186743
2.41744  -0.183476  -0.183476
2.43446  -0.180204  -0.180204
2.45147  -0.176924  -0.176924
2.46847  -0.173632  -0.173632
2.48545  -0.170324  -0.170324
2.50243  -0.166992  -0.166992
2.5194  -0.163629  -0.163629
2.53636  -0.160224  -0.160224
2.55331  -0.156761  -0.156761
2.57025  -0.153227  -0.153227
2.58719  -0.149605  -0.149605
2.60411  -0.145886  -0.145886
2.62102  -0.142064  -0.142064
2.63792  -0.138143  -0.138143
2.65481  -0.134139  -0.134139
2.67169  -0.130082  -0.130082
2.68856  -0.126007  -0.126007
2.70542  -0.121959  -0.121959
2.72226  -0.117985  -0.117985
2.7391  -0.114128  -0.114128
2.75593  -0.110424  -0.110424
2.77275  -0.106899  -0.106899
2.78955  -0.103565  -0.103565
2.80635  -0.100425  -0.100425
2.82314  -0.0974714  -0.0974714
2.83991  -0.0946887  -0.0946887
2.85667  -0.0920591  -0.0920591
2.87343  -0.0895643  -0.0895643
2.89017  -0.0871875  -0.0871875
2.9069  -0.0849148  -0.0849148
2.92361  -0.0827352  -0.0827352
2.94032  -0.0806403  -0.0806403
2.95702  -0.0786238  -0.0786238
2.9737  -0.0766805  -0.0766805
2.99038  -0.0748059  -0.0748059
3.00704  -0.0729961  -0.0729961
3.02369  -0.071247  -0.071247
3.04033  -0.0695553  -0.0695553
3.05695  -0.0679177  -0.0679177
3.07357  -0.0663314  -0.0663314
3.09017  -0.0647937  -0.0647937
3.10676  -0.0633026  -0.0633026
3.12334  -0.0618558  -0.0618558
3.13991  -0.0604514  -0.0604514
3.15646  -0.0590876  -0.0590876
3.17301  -0.0577627  -0.0577627
3.18954  -0.0564749  -0.0564749
3.20606  -0.0552228  -0.0552228
3.22256  -0.0540049  -0.0540049
3.23906  -0.0528201  -0.0528201
3.25554  -0.0516669  -0.0516669
3.272  -0.0505443  -0.0505443
3.28846  -0.0494512  -0.0494512
3.3049  -0.0483865  -0.0483865
3.32133  -0.0473491  -0.0473491
3.33775  -0.0463382  -0.0463382
3.35416  -0.0453528  -0.0453528
3.37055  -0.0443921  -0.0443921
3.38693  -0.0434553  -0.0434553
3.40329  -0.0425416  -0.0425416
3.41965  -0.0416502  -0.0416502
3.43599  -0.0407805  -0.0407805
3.45231  -0.0399317  -0.0399317
3.46863  -0.0391033  -0.0391033
3.48492  -0.0382946  -0.0382946
3.50121  -0.0375049  -0.0375049
3.51748  -0.0367338  -0.0367338
3.53374  -0.0359807  -0.0359807
3.54999  -0.035245  -0.035245
3.56622  -0.0345263  -0.0345263
3.58244  -0.033824  -0.033824
3.59864  -0.0331378  -0.0331378
3.61483  -0.0324671  -0.0324671
3.63101  -0.0318115  -0.0318115
3.64717  -0.0311706  -0.0311706
3.66332  -0.030544  -0.030544
3.67945  -0.0299313  -0.0299313
3.69557  -0.0293322  -0.0293322
3.71168  -0.0287462  -0.0287462
3.72777  -0.028173  -0.028173
3.74385  -0.0276123  -0.0276123
3.75991  -0.0270638  -0.0270638
3.77596  -0.0265271  -0.0265271
3.79199  -0.026002  -0.026002
3.80801  -0.0254881  -0.0254881
3.82402  -0.0249852  -0.0249852
3.84001  -0.0244929  -0.0244929
3.85598  -0.0240111  -0.0240111
3.87194  -0.0235394  -0.0235394
3.88789  -0.0230777  -0.0230777
3.90382  -0.0226256  -0.0226256
3.91973  -0.0221829  -0.0221829
3.93563  -0.0217494  -0.0217494
3.95152  -0.0213249  -0.0213249
3.96739  -0.0209092  -0.0209092
3.98324  -0.020502  -0.020502
3.99908  -0.0201032  -0.0201032
4.0149  -0.0197125  -0.0197125
4.03071  -0.0193298  -0.0193298
4.0465  -0.0189549  -0.0189549
4.06228  -0.0185875  -0.0185875
4.07804  -0.0182276  -0.0182276
4.09379  -0.017875  -0.017875
4.10951  -0.0175294  -0.0175294
4.12523  -0.0171907  -0.0171907
4.14093  -0.0168589  -0.0168589
4.15661  -0.0165336  -0.0165336
4.17227  -0.0162148  -0.0162148
4.18792  -0.0159023  -0.0159023
4.20356  -0.0155961  -0.0155961
4.21918  -0.0152958  -0.0152958
4.23478  -0.0150015  -0.0150015
4.25036  -0.014713  -0.014713
4.26593  -0.0144301  -0.0144301
4.28148  -0.0141528  -0.0141528
4.29702  -0.0138809  -0.0138809
4.31254  -0.0136143  -0.0136143
4.32804  -0.0133528  -0.0133528
4.34352  -0.0130965  -0.0130965
4.35899  -0.0128451  -0.0128451
4.37444  -0.0125986  -0.0125986
4.38988  -0.0123568  -0.0123568
4.4053  -0.0121197  -0.0121197
4.4207  -0.0118872  -0.0118872
4.43608  -0.0116591  -0.0116591
4.45145  -0.0114354  -0.0114354
4.4668  -0.011216  -0.011216
4.48213  -0.0110008  -0.0110008
4.49745  -0.0107896  -0.0107896
4.51275  -0.0105826  -0.0105826
4.52803  -0.0103794  -0.0103794
4.54329  -0.0101801  -0.0101801
4.55854  -0.00998462  -0.00998462
4.57377  -0.00979283  -0.00979283
4.58898  -0.00960466  -0.00960466
4.60417  -0.00942006  -0.00942006
4.61934  -0.00923894  -0.00923894
4.6345  -0.00906124  -0.00906124
4.64964  -0.00888689  -0.00888689
4.66476  -0.00871582  -0.00871582
4.67987  -0.00854797  -0.00854797
4.69495  -0.00838327  -0.00838327
4.71002  -0.00822166  -0.00822166
4.72507  -0.00806308  -0.00806308
4.7401  -0.00790748  -0.00790748
4.75511  -0.00775478  -0.00775478
4.77011  -0.00760495  -0.00760495
4.78508  -0.00745791  -0.00745791
4.80004  -0.00731362  -0.00731362
4.81498  -0.00717202  -0.00717202
4.8299  -0.00703306  -0.00703306
4.8448  -0.00689669  -0.00689669
4.85968  -0.00676286  -0.00676286
4.87455  -0.00663153  -0.00663153
4.88939  -0.00650263  -0.00650263
4.90422  -0.00637614  -0.00637614
4.91903  -0.00625199  -0.00625199
4.93382  -0.00613015  -0.00613015
4.94859  -0.00601058  -0.00601058
4.96334  -0.00589322  -0.00589322
4.97807  -0.00577804  -0.00577804
4.99278  -0.00566499  -0.00566499
5.00748  -0.00555405  -0.00555405
5.02215  -0.00544516  -0.00544516
5.0368  -0.00533829  -0.00533829
5.05144  -0.00523339  -0.00523339
5.06606  -0.00513045  -0.00513045
5.08065  -0.00502941  -0.00502941
5.09523  -0.00493024  -0.00493024
5.10979  -0.00483291  -0.00483291
5.12432  -0.00473738  -0.00473738
5.13884  -0.00464362  -0.00464362
5.15334  -0.00455159  -0.00455159
5.16782  -0.00446128  -0.00446128
5.18227  -0.00437263  -0.00437263
5.19671  -0.00428563  -0.00428563
5.21113  -0.00420024  -0.00420024
5.22553  -0.00411643  -0.00411643
5.2399  -0.00403418  -0.00403418
5.25426  -0.00395345  -0.00395345
5.2686  -0.00387421  -0.00387421
5.28292  -0.00379645  -0.00379645
5.29721  -0.00372013  -0.00372013
5.31149  -0.00364523  -0.00364523
5.32574  -0.00357172  -0.00357172
5.33998  -0.00349957  -0.00349957
5.35419  -0.00342877  -0.00342877
5.36839  -0.00335928  -0.00335928
5.38256  -0.00329108  -0.00329108
5.39671  -0.00322416  -0.00322416
5.41085  -0.00315848  -0.00315848
5.42496  -0.00309402  -0.00309402
5.43905  -0.00303077  -0.00303077
5.45311  -0.00296869  -0.00296869
5.46716  -0.00290778  -0.00290778
5.48119  -0.002848  -0.002848
5.49519  -0.00278935  -0.00278935
5.50918  -0.00273178  -0.00273178
5.52314  -0.0026753  -0.0026753
5.53708  -0.00261988  -0.00261988
5.551  -0.00256549  -0.00256549
5.5649  -0.00251213  -0.00251213
5.57878  -0.00245977  -0.00245977
5.59264  -0.00240839  -0.00240839
5.60647  -0.00235799  -0.00235799
5.62029  -0.00230853  -0.00230853
5.63408  -0.00226  -0.00226
5.64785  -0.00221239  -0.00221239
5.66159  -0.00216568  -0.00216568
5.67532  -0.00211986  -0.00211986
5.68902  -0.0020749  -0.0020749
5.70271  -0.0020308  -0.0020308
5.71637  -0.00198754  -0.00198754
5.73001  -0.00194509  -0.00194509
5.74362  -0.00190346  -0.00190346
5.75722  -0.00186262  -0.00186262
5.77079  -0.00182256  -0.00182256
5.78434  -0.00178326  -0.00178326
5.79786  -0.00174472  -0.00174472
5.81137  -0.00170691  -0.00170691
5.82485  -0.00166983  -0.00166983
5.83831  -0.00163347  -0.00163347
5.85175  -0.0015978  -0.0015978
5.86516  -0.00156283  -0.00156283
5.87856  -0.00152852  -0.00152852
5.89193  -0.00149489  -0.00149489
5.90527  -0.0014619  -0.0014619
5.9186  -0.00142955  -0.00142955
5.9319  -0.00139783  -0.00139783
5.94518  -0.00136673  -0.00136673
5.95843  -0.00133624  -0.00133624
5.97166  -0.00130634  -0.00130634
5.98487  -0.00127703  -0.00127703
5.99806  -0.00124829  -0.00124829
6.01122  -0.00122012  -0.00122012
6.02436  -0.0011925  -0.0011925
6.03748  -0.00116543  -0.00116543
6.05057  -0.00113889  -0.00113889
6.06364  -0.00111288  -0.00111288
6.07669  -0.00108738  -0.00108738
6.08972  -0.00106239  -0.00106239
6.10272  -0.0010379  -0.0010379
6.11569  -0.0010139  -0.0010139
6.12865  -0.000990375  -0.000990375
6.14157  -0.000967324  -0.000967324
6.15448  -0.000944737  -0.000944737
6.16736  -0.000922604  -0.000922604
6.18022  -0.000900919  -0.000900919
6.19305  -0.000879672  -0.000879672
6.20586  -0.000858856  -0.000858856
6.21865  -0.000838463  -0.000838463
6.23141  -0.000818486  -0.000818486
6.24415  -0.000798917  -0.000798917
6.25687  -0.000779749  -0.000779749
6.26956  -0.000760974  -0.000760974
6.28222  -0.000742586  -0.000742586
6.29487  -0.000724578  -0.000724578
6.30748  -0.000706942  -0.000706942
6.32008  -0.000689671  -0.000689671
6.33265  -0.000672761  -0.000672761
6.34519  -0.000656202  -0.000656202
6.35771  -0.000639991  -0.000639991
6.37021  -0.000624119  -0.000624119
6.38268  -0.000608581  -0.000608581
6.39512  -0.000593371  -0.000593371
6.40755  -0.000578483  -0.000578483
6.41994  -0.000563911  -0.000563911
6.43231  -0.000549649  -0.000549649
6.44466  -0.000535691  -0.000535691
6.45698  -0.000522032  -0.000522032
6.46928  -0.000508667  -0.000508667
6.48156  -0.00049559  -0.00049559
6.4938  -0.000482795  -0.000482795
6.50603  -0.000470278  -0.000470278
6.51822  -0.000458033  -0.000458033
6.5304  -0.000446055  -0.000446055
6.54254  -0.00043434  -0.00043434
6.55467  -0.000422882  -0.000422882
6.56676  -0.000411677  -0.000411677
6.57883  -0.00040072  -0.00040072
6.59088  -0.000390006  -0.000390006
6.6029  -0.000379531  -0.000379531
6.6149  -0.00036929  -0.00036929
6.62687  -0.000359279  -0.000359279
6.63881  -0.000349493  -0.000349493
6.65073  -0.000339929  -0.000339929
6.66262  -0.000330582  -0.000330582
6.67449  -0.000321448  -0.000321448
6.68633  -0.000312523  -0.000312523
6.69815  -0.000303802  -0.000303802
6.70994  -0.000295283  -0.000295283
6.7217  -0.000286961  -0.000286961
6.73344  -0.000278832  -0.000278832
6.74515  -0.000270894  -0.000270894
6.75684  -0.000263141  -0.000263141
6.7685  -0.00025557  -0.00025557
6.78013  -0.000248179  -0.000248179
6.79174  -0.000240963  -0.000240963
6.80332  -0.000233919  -0.000233919
6.81488  -0.000227043  -0.000227043
6.82641  -0.000220333  -0.000220333
6.83791  -0.000213785  -0.000213785
6.84939  -0.000207396  -0.000207396
6.86084  -0.000201163  -0.000201163
6.87226  -0.000195082  -0.000195082
6.88366  -0.000189151  -0.000189151
6.89503  -0.000183367  -0.000183367
6.90638  -0.000177726  -0.000177726
6.91769  -0.000172227  -0.000172227
6.92898  -0.000166865  -0.000166865
6.94025  -0.000161639  -0.000161639
6.95149  -0.000156545  -0.000156545
6.9627  -0.000151581  -0.000151581
6.97388  -0.000146744  -0.000146744
6.98504  -0.000142032  -0.000142032
6.99617  -0.000137442  -0.000137442
7.00727  -0.000132971  -0.000132971
7.01835  -0.000128617  -0.000128617
7.02939  -0.000124378  -0.000124378
7.04042  -0.000120251  -0.000120251
7.05141  -0.000116234  -0.000116234
7.06238  -0.000112324  -0.000112324
7.07332  -0.00010852  -0.00010852
7.08423  -0.000104819  -0.000104819
7.09512  -0.000101219  -0.000101219
7.10598  -9.7717e-05  -9.7717e-05
7.11681  -9.4312e-05  -9.4312e-05
7.12761  -9.10015e-05  -9.10015e-05
7.13839  -8.77836e-05  -8.77836e-05
7.14914  -8.46561e-05  -8.46561e-05
7.15986  -8.16171e-05  -8.16171e-05
7.17055  -7.86647e-05  -7.86647e-05
7.18122  -7.5797e-05  -7.5797e-05
7.19185  -7.3012e-05  -7.3012e-05
7.20246  -7.0308e-05  -7.0308e-05
7.21305  -6.76831e-05  -6.76831e-05
7.2236  -6.51356e-05  -6.51356e-05
7.23413  -6.26638e-05  -6.26638e-05
7.24463  -6.02658e-05  -6.02658e-05
7.2551  -5.79401e-05  -5.79401e-05
7.26554  -5.56849e-05  -5.56849e-05
7.27596  -5.34987e-05  -5.34987e-05
7.28634  -5.13798e-05  -5.13798e-05
7.2967  -4.93267e-05  -4.93267e-05
7.30703  -4.73379e-05  -4.73379e-05
7.31734  -4.54117e-05  -4.54117e-05
7.32761  -4.35468e-05  -4.35468e-05
7.33786  -4.17417e-05  -4.17417e-05
7.34807  -3.9995e-05  -3.9995e-05
7.35826  -3.83052e-05  -3.83052e-05
7.36842  -3.66709e-05  -3.66709e-05
7.37856  -3.50909e-05  -3.50909e-05
7.38866  -3.35637e-05  -3.35637e-05
7.39874  -3.20881e-05  -3.20881e-05
7.40878  -3.06628e-05  -3.06628e-05
7.4188  -2.92864e-05  -2.92864e-05
7.42879  -2.79579e-05  -2.79579e-05
7.43876  -2.66759e-05  -2.66759e-05
7.44869  -2.54392e-05  -2.54392e-05
7.45859  -2.42468e-05  -2.42468e-05
7.46847  -2.30974e-05  -2.30974e-05
7.47831  -2.19899e-05  -2.19899e-05
7.48813  -2.09233e-05  -2.09233e-05
7.49792  -1.98963e-05  -1.98963e-05
7.50768  -1.8908e-05  -1.8908e-05
7.51741  -1.79574e-05  -1.79574e-05
7.52711  -1.70433e-05  -1.70433e-05
7.53679  -1.61647e-05  -1.61647e-05
7.54643  -1.53208e-05  -1.53208e-05
7.55605  -1.45105e-05  -1.45105e-05
7.56563  -1.37328e-05  -1.37328e-05
7.57519  -1.29869e-05  -1.29869e-05
7.58472  -1.22717e-05  -1.22717e-05
7.59421  -1.15865e-05  -1.15865e-05
7.60368  -1.09304e-05  -1.09304e-05
7.61312  -1.03024e-05  -1.03024e-05
7.62253  -9.70175e-06  -9.70175e-06
7.63191  -9.12759e-06  -9.12759e-06
7.64126  -8.57913e-06  -8.57913e-06
7.65059  -8.05556e-06  -8.05556e-06
7.65988  -7.5561e-06  -7.5561e-06
7.66914  -7.07998e-06  -7.07998e-06
7.67837  -6.62646e-06  -6.62646e-06
7.68758  -6.19479e-06  -6.19479e-06
7.69675  -5.78427e-06  -5.78427e-06
7.7059  -5.39418e-06  -5.39418e-06
7.71501  -5.02383e-06  -5.02383e-06
7.7241  -4.67254e-06  -4.67254e-06
7.73315  -4.33966e-06  -4.33966e-06
7.74218  -4.02454e-06  -4.02454e-06
7.75117  -3.72653e-06  -3.72653e-06
7.76014  -3.44501e-06  -3.44501e-06
7.76907  -3.17939e-06  -3.17939e-06
7.77798  -2.92905e-06  -2.92905e-06
7.78686  -2.69342e-06  -2.69342e-06
7.7957  -2.47192e-06  -2.47192e-06
7.80452  -2.264e-06  -2.264e-06
7.8133  -2.06911e-06  -2.06911e-06
7.82206  -1.88672e-06  -1.88672e-06
7.83078  -1.71629e-06  -1.71629e-06
7.83948  -1.55733e-06  -1.55733e-06
7.84814  -1.40933e-06  -1.40933e-06
7.85678  -1.2718e-06  -1.2718e-06
7.86538  -1.14426e-06  -1.14426e-06
7.87396  -1.02625e-06  -1.02625e-06
7.8825  -9.17314e-07  -9.17314e-07
7.89101  -8.17002e-07  -8.17002e-07
7.8995  -7.24878e-07  -7.24878e-07
7.90795  -6.4052e-07  -6.4052e-07
7.91637  -5.6351e-07  -5.6351e-07
7.92476  -4.93445e-07  -4.93445e-07
7.93312  -4.29928e-07  -4.29928e-07
7.94145  -3.72574e-07  -3.72574e-07
7.94975  -3.21006e-07  -3.21006e-07
7.95802  -2.74855e-07  -2.74855e-07
7.96626  -2.33765e-07  -2.33765e-07
7.97447  -1.97386e-07  -1.97386e-07
7.98264  -1.65377e-07  -1.65377e-07
7.99079  -1.37406e-07  -1.37406e-07
7.99891  -1.13151e-07  -1.13151e-07
8.00699  -9.22976e-08  -9.22976e-08
8.01504  -7.45386e-08  -7.45386e-08
8.02307  -5.95758e-08  -5.95758e-08
8.03106  -4.71192e-08  -4.71192e-08
8.03902  -3.6887e-08  -3.6887e-08
8.04695  -2.8607e-08  -2.8607e-08
8.05485  -2.2017e-08  -2.2017e-08
8.06271  -1.68674e-08  -1.68674e-08
8.07055  -1.29229e-08  -1.29229e-08
8.07836  -9.96553e-09  -9.96553e-09
8.08613  -7.79754e-09  -7.79754e-09
8.09387  -6.24378e-09  -6.24378e-09
8.10159  -5.15366e-09  -5.15366e-09
8.10927  -4.40185e-09  -4.40185e-09
8.11692  -3.88792e-09  -3.88792e-09
8.12454  -3.53466e-09  -3.53466e-09
8.13212  -3.28541e-09  -3.28541e-09
8.13968  -3.10078e-09  -3.10078e-09
8.1472  -2.95498e-09  -2.95498e-09
8.15469  -2.83232e-09  -2.83232e-09
8.16216  -2.724e-09  -2.724e-09
8.16959  -2.62548e-09  -2.62548e-09
8.17698  -2.53458e-09  -2.53458e-09
8.18435  -2.45017e-09  -2.45017e-09
8.19169  -2.37143e-09  -2.37143e-09
8.19899  -2.29762e-09  -2.29762e-09
8.20626  -2.22801e-09  -2.22801e-09
8.2135  -2.16199e-09  -2.16199e-09
8.22071  -2.09909e-09  -2.09909e-09
8.22789  -2.03904e-09  -2.03904e-09
8.23503  -1.98165e-09  -1.98165e-09
8.24215  -1.92676e-09  -1.92676e-09
8.24923  -1.8742e-09  -1.8742e-09
8.25628  -1.82373e-09  -1.82373e-09
8.2633  -1.77512e-09  -1.77512e-09
8.27028  -1.72817e-09  -1.72817e-09
8.27724  -1.68277e-09  -1.68277e-09
8.28416  -1.63888e-09  -1.63888e-09
8.29105  -1.59648e-09  -1.59648e-09
8.29791  -1.55554e-09  -1.55554e-09
8.30474  -1.51598e-09  -1.51598e-09
8.31153  -1.47767e-09  -1.47767e-09
8.31829  -1.44048e-09  -1.44048e-09
8.32502  -1.4043e-09  -1.4043e-09
8.33172  -1.36908e-09  -1.36908e-09
8.33839  -1.33483e-09  -1.33483e-09
8.34502  -1.30159e-09  -1.30159e-09
8.35162  -1.26935e-09  -1.26935e-09
8.35819  -1.23806e-09  -1.23806e-09
8.36473  -1.20765e-09  -1.20765e-09
8.37124  -1.17799e-09  -1.17799e-09
8.37771  -1.14903e-09  -1.14903e-09
8.38415  -1.12074e-09  -1.12074e-09
8.39056  -1.09314e-09  -1.09314e-09
8.39694  -1.06627e-09  -1.06627e-09
8.40328  -1.04016e-09  -1.04016e-09
8.40959  -1.01476e-09  -1.01476e-09
8.41587  -9.90003e-10  -9.90003e-10
8.42212  -9.65814e-10  -9.65814e-10
8.42833  -9.4213e-10  -9.4213e-10
8.43451  -9.18942e-10  -9.18942e-10
8.44066  -8.96278e-10  -8.96278e-10
8.44678  -8.7418e-10  -8.7418e-10
8.45286  -8.52669e-10  -8.52669e-10
8.45891  -8.31722e-10  -8.31722e-10
8.46493  -8.11281e-10  -8.11281e-10
8.47092  -7.91274e-10  -7.91274e-10
8.47687  -7.71654e-10  -7.71654e-10
8.48279  -7.52413e-10  -7.52413e-10
8.48868  -7.33583e-10  -7.33583e-10
8.49453  -7.15205e-10  -7.15205e-10
8.50036  -6.97302e-10  -6.97302e-10
8.50615  -6.79857e-10  -6.79857e-10
8.5119  -6.62819e-10  -6.62819e-10
8.51763  -6.46126e-10  -6.46126e-10
8.52332  -6.29737e-10  -6.29737e-10
8.52898  -6.13647e-10  -6.13647e-10
8.5346  -5.97887e-10  -5.97887e-10
8.54019  -5.82496e-10  -5.82496e-10
8.54575  -5.67497e-10  -5.67497e-10
8.55128  -5.52879e-10  -5.52879e-10
8.55677  -5.38596e-10  -5.38596e-10
8.56223  -5.24593e-10  -5.24593e-10
8.56766  -5.10834e-10  -5.10834e-10
8.57306  -4.97314e-10  -4.97314e-10
8.57842  -4.84063e-10  -4.84063e-10
8.58375  -4.71119e-10  -4.71119e-10
8.58904  -4.58505e-10  -4.58505e-10
8.59431  -4.46211e-10  -4.46211e-10
8.59953  -4.34198e-10  -4.34198e-10
8.60473  -4.22416e-10  -4.22416e-10
8.60989  -4.10831e-10  -4.10831e-10
8.61502  -3.99442e-10  -3.99442e-10
8.62012  -3.88274e-10  -3.88274e-10
8.62518  -3.77365e-10  -3.77365e-10
8.63021  -3.66736e-10  -3.66736e-10
8.63521  -3.5638e-10  -3.5638e-10
8.64017  -3.46262e-10  -3.46262e-10
8.6451  -3.36337e-10  -3.36337e-10
8.65  -3.26574e-10  -3.26574e-10
8.65486  -3.16971e-10  -3.16971e-10
8.65969  -3.07552e-10  -3.07552e-10
8.66449  -2.98353e-10  -2.98353e-10
8.66925  -2.89395e-10  -2.89395e-10
8.67398  -2.80671e-10  -2.80671e-10
8.67868  -2.72151e-10  -2.72151e-10
8.68334  -2.63794e-10  -2.63794e-10
8.68797  -2.5557e-10  -2.5557e-10
8.69257  -2.47479e-10  -2.47479e-10
8.69713  -2.39543e-10  -2.39543e-10
8.70166  -2.31794e-10  -2.31794e-10
8.70616  -2.24253e-10  -2.24253e-10
8.71062  -2.16915e-10  -2.16915e-10
8.71505  -2.09753e-10  -2.09753e-10
8.71944  -2.02729e-10  -2.02729e-10
8.7238  -1.95816e-10  -1.95816e-10
8.72813  -1.89013e-10  -1.89013e-10
8.73242  -1.82341e-10  -1.82341e-10
8.73668  -1.75829e-10  -1.75829e-10
8.74091  -1.69497e-10  -1.69497e-10
8.7451  -1.63343e-10  -1.63343e-10
8.74926  -1.57341e-10  -1.57341e-10
8.75339  -1.51457e-10  -1.51457e-10
8.75748  -1.45667e-10  -1.45667e-10
8.76154  -1.39967e-10  -1.39967e-10
8.76556  -1.34378e-10  -1.34378e-10
8.76955  -1.28926e-10  -1.28926e-10
8.77351  -1.23632e-10  -1.23632e-10
8.77743  -1.18493e-10  -1.18493e-10
8.78132  -1.13487e-10  -1.13487e-10
8.78517  -1.08582e-10  -1.08582e-10
8.789  -1.03756e-10  -1.03756e-10
8.79278  -9.90049e-11  -9.90049e-11
8.79654  -9.43466e-11  -9.43466e-11
8.80025  -8.9807e-11  -8.9807e-11
8.80394  -8.54048e-11  -8.54048e-11
8.80759  -8.11393e-11  -8.11393e-11
8.81121  -7.69905e-11  -7.69905e-11
8.81479  -7.29291e-11  -7.29291e-11
8.81834  -6.89332e-11  -6.89332e-11
8.82186  -6.49995e-11  -6.49995e-11
8.82534  -6.11438e-11  -6.11438e-11
8.82879  -5.73903e-11  -5.73903e-11
8.8322  -5.3757e-11  -5.3757e-11
8.83558  -5.02443e-11  -5.02443e-11
8.83893  -4.68342e-11  -4.68342e-11
8.84224  -4.34997e-11  -4.34997e-11
8.84551  -4.02201e-11  -4.02201e-11
8.84876  -3.69915e-11  -3.69915e-11
8.85197  -3.3828e-11  -3.3828e-11
8.85514  -3.07525e-11  -3.07525e-11
8.85828  -2.77822e-11  -2.77822e-11
8.86139  -2.49185e-11  -2.49185e-11
8.86446  -2.21452e-11  -2.21452e-11
8.8675  -1.94375e-11  -1.94375e-11
8.8705  -1.67755e-11  -1.67755e-11
8.87347  -1.41549e-11  -1.41549e-11
8.87641  -1.15884e-11  -1.15884e-11
8.87931  -9.09714e-12  -9.09714e-12
8.88218  -6.69797e-12  -6.69797e-12
8.88501  -4.39306e-12  -4.39306e-12
8.88781  -2.1681e-12  -2.1681e-12
8.89057  0  0
8.8933  0  0
8.896  0  0
8.89866  0  0
8.90129  0  0
8.90388  0  0
8.90644  0  0
8.90896  0  0
8.91145  0  0
8.91391  0  0
8.91633  0  0
8.91872  0  0
8.92107  0  0
8.92339  0  0
8.92567  0  0
8.92792  0  0
8.93014  0  0
8.93232  0  0
8.93446  0  0
8.93657  0  0
8.93865  0  0
8.94069  0  0
8.9427  0  0
8.94467  0  0
8.94661  0  0
8.94852  0  0
8.95039  0  0
8.95222  0  0
8.95403  0  0
8.95579  0  0
8.95752  0  0
8.95922  0  0
8.96088  0  0
8.96251  0  0
8.96411  0  0
8.96567  0  0
8.96719  0  0
8.96868  0  0
8.97014  0  0
8.97156  0  0
8.97294  0  0
8.9743  0  0
8.97561  0  0
8.9769  0  0
8.97814  0  0
8.97936  0  0
8.98054  0  0
8.98168  0  0
8.98279  0  0
8.98387  0  0
8.98491  0  0
8.98591  0  0
8.98688  0  0
8.98782  0  0
8.98872  0  0
8.98959  0  0
8.99042  0  0
8.99122  0  0
8.99198  0  0
8.99271  0  0
8.9934  0  0
8.99406  0  0
8.99469  0  0
8.99528  0  0
8.99583  0  0
8.99635  0  0
8.99684  0  0
8.99729  0  0
8.99771  0  0
8.99809  0  0
8.99843  0  0
8.99875  0  0
8.99902  0  0
8.99927  0  0
8.99948  0  0
8.99965  0  0
8.99979  0  0
8.99989  0  0
8.99996  0  0
9  0  0
