-9  -1.46434e-06  -1.46434e-06
-8.99996  -4.36406e-08  -4.36406e-08
-8.99989  -1.14911e-08  -1.14911e-08
-8.99979  -6.96223e-09  -6.96223e-09
-8.99965  -4.28959e-09  -4.28959e-09
-8.99948  -2.26273e-09  -2.26273e-09
-8.99927  -1.53547e-09  -1.53547e-09
-8.99902  -1.43253e-09  -1.43253e-09
-8.99875  -1.13041e-09  -1.13041e-09
-8.99843  -7.16159e-10  -7.16159e-10
-8.99809  -5.66291e-10  -5.66291e-10
-8.99771  -5.86585e-10  -5.86585e-10
-8.99729  -4.96459e-10  -4.96459e-10
-8.99684  -3.33745e-10  -3.33745e-10
-8.99635  -2.83666e-10  -2.83666e-10
-8.99583  -3.11519e-10  -3.11519e-10
-8.99528  -2.72013e-10  -2.72013e-10
-8.99469  -1.85838e-10  -1.85838e-10
-8.99406  -1.62788e-10  -1.62788e-10
-8.9934  -1.85242e-10  -1.85242e-10
-8.99271  -1.63954e-10  -1.63954e-10
-8.99198  -1.11914e-10  -1.11914e-10
-8.99122  -1.01056e-10  -1.01056e-10
-8.99042  -1.19616e-10  -1.19616e-10
-8.98959  -1.0657e-10  -1.0657e-10
-8.98872  -7.12137e-11  -7.12137e-11
-8.98782  -6.48756e-11  -6.48756e-11
-8.98688  -7.93991e-11  -7.93991e-11
-8.98591  -7.056e-11  -7.056e-11
-8.98491  -4.54636e-11  -4.54636e-11
-8.98387  -4.23941e-11  -4.23941e-11
-8.98279  -5.46154e-11  -5.46154e-11
-8.98168  -4.83058e-11  -4.83058e-11
-8.98054  -2.92064e-11  -2.92064e-11
-8.97936  -2.72453e-11  -2.72453e-11
-8.97814  -3.71929e-11  -3.71929e-11
-8.9769  -3.23328e-11  -3.23328e-11
-8.97561  -1.76103e-11  -1.76103e-11
-8.9743  -1.69282e-11  -1.69282e-11
-8.97294  -2.55968e-11  -2.55968e-11
-8.97156  -2.18168e-11  -2.18168e-11
-8.97014  -9.85121e-12  -9.85121e-12
-8.96868  -9.48173e-12  -9.48173e-12
-8.96719  -1.67577e-11  -1.67577e-11
-8.96567  -1.36597e-11  -1.36597e-11
-8.96411  -3.96792e-12  -3.96792e-12
-8.96251  -4.22371e-12  -4.22371e-12
-8.96088  -1.07607e-11  -1.07607e-11
-8.95922  -8.23117e-12  -8.23117e-12
-8.95752  -1.72995e-14  -1.72995e-14
-8.95579  -3.5836e-13  -3.5836e-13
-8.95403  -5.98586e-12  -5.98586e-12
-8.95222  -3.79739e-12  -3.79739e-12
-8.95039  3.05225e-12  3.05225e-12
-8.94852  2.3417e-12  2.3417e-12
-8.94661  -2.85947e-12  -2.85947e-12
-8.94467  -1.04048e-12  -1.04048e-12
-8.9427  4.92808e-12  4.92808e-12
-8.94069  4.21754e-12  4.21754e-12
-8.93865  -3.86782e-13  -3.86782e-13
-8.93657  1.23326e-12  1.23326e-12
-8.93446  6.34916e-12  6.34916e-12
-8.93232  5.3544e-12  5.3544e-12
-8.93014  1.00588e-12  1.00588e-12
-8.92792  2.37012e-12  2.37012e-12
-8.92567  6.88918e-12  6.88918e-12
-8.92339  5.92284e-12  5.92284e-12
-8.92107  1.97222e-12  1.97222e-12
-8.91872  3.22278e-12  3.22278e-12
-8.91633  7.11655e-12  7.11655e-12
-8.91391  5.92284e-12  5.92284e-12
-8.91145  2.11433e-12  2.11433e-12
-8.90896  3.16593e-12  3.16593e-12
-8.90644  6.63338e-12  6.63338e-12
-8.90388  5.43967e-12  5.43967e-12
-8.90129  1.91538e-12  1.91538e-12
-8.89866  2.82487e-12  2.82487e-12
-8.896  5.86599e-12  5.86599e-12
-8.8933  4.44491e-12  4.44491e-12
-8.89057  9.7746e-13  9.7746e-13
-8.88781  1.71642e-12  1.71642e-12
-8.88501  4.38807e-12  4.38807e-12
-8.88218  2.93856e-12  2.93856e-12
-8.87931  -3.5836e-13  -3.5836e-13
-8.87641  2.66918e-13  2.66918e-13
-8.87347  2.56908e-12  2.56908e-12
-8.8705  9.20617e-13  9.20617e-13
-8.8675  -2.40472e-12  -2.40472e-12
-8.86446  -1.9784e-12  -1.9784e-12
-8.86139  1.11222e-14  1.11222e-14
-8.85828  -1.75102e-12  -1.75102e-12
-8.85514  -5.01952e-12  -5.01952e-12
-8.85197  -4.7353e-12  -4.7353e-12
-8.84876  -3.08684e-12  -3.08684e-12
-8.84551  -5.04794e-12  -5.04794e-12
-8.84224  -8.4017e-12  -8.4017e-12
-8.83893  -8.31644e-12  -8.31644e-12
-8.83558  -7.03746e-12  -7.03746e-12
-8.8322  -9.19751e-12  -9.19751e-12
-8.82879  -1.26365e-11  -1.26365e-11
-8.82534  -1.27502e-11  -1.27502e-11
-8.82186  -1.17839e-11  -1.17839e-11
-8.81834  -1.42282e-11  -1.42282e-11
-8.81479  -1.78093e-11  -1.78093e-11
-8.81121  -1.81788e-11  -1.81788e-11
-8.80759  -1.76672e-11  -1.76672e-11
-8.80394  -2.04809e-11  -2.04809e-11
-8.80025  -2.43179e-11  -2.43179e-11
-8.79654  -2.49716e-11  -2.49716e-11
-8.79278  -2.48295e-11  -2.48295e-11
-8.789  -2.79843e-11  -2.79843e-11
-8.78517  -3.2077e-11  -3.2077e-11
-8.78132  -3.31286e-11  -3.31286e-11
-8.77743  -3.36118e-11  -3.36118e-11
-8.77351  -3.73918e-11  -3.73918e-11
-8.76955  -4.19677e-11  -4.19677e-11
-8.76556  -4.35025e-11  -4.35025e-11
-8.76154  -4.44973e-11  -4.44973e-11
-8.75748  -4.87037e-11  -4.87037e-11
-8.75339  -5.37343e-11  -5.37343e-11
-8.74926  -5.58944e-11  -5.58944e-11
-8.7451  -5.77986e-11  -5.77986e-11
-8.74091  -6.31135e-11  -6.31135e-11
-8.73668  -6.90536e-11  -6.90536e-11
-8.73242  -7.19811e-11  -7.19811e-11
-8.72813  -7.46243e-11  -7.46243e-11
-8.7238  -8.06213e-11  -8.06213e-11
-8.71944  -8.72719e-11  -8.72719e-11
-8.71505  -9.1251e-11  -9.1251e-11
-8.71062  -9.54858e-11  -9.54858e-11
-8.70616  -1.03387e-10  -1.03387e-10
-8.70166  -1.11715e-10  -1.11715e-10
-8.69713  -1.16973e-10  -1.16973e-10
-8.69257  -1.22373e-10  -1.22373e-10
-8.68797  -1.31382e-10  -1.31382e-10
-8.68334  -1.40989e-10  -1.40989e-10
-8.67868  -1.4818e-10  -1.4818e-10
-8.67398  -1.56422e-10  -1.56422e-10
-8.66925  -1.68785e-10  -1.68785e-10
-8.66449  -1.81433e-10  -1.81433e-10
-8.65969  -1.90954e-10  -1.90954e-10
-8.65486  -2.01215e-10  -2.01215e-10
-8.65  -2.15653e-10  -2.15653e-10
-8.6451  -2.3083e-10  -2.3083e-10
-8.64017  -2.44046e-10  -2.44046e-10
-8.63521  -2.59678e-10  -2.59678e-10
-8.63021  -2.80426e-10  -2.80426e-10
-8.62518  -3.01287e-10  -3.01287e-10
-8.62012  -3.18909e-10  -3.18909e-10
-8.61502  -3.38349e-10  -3.38349e-10
-8.60989  -3.63304e-10  -3.63304e-10
-8.60473  -3.89537e-10  -3.89537e-10
-8.59953  -4.14946e-10  -4.14946e-10
-8.59431  -4.453e-10  -4.453e-10
-8.58904  -4.82732e-10  -4.82732e-10
-8.58375  -5.2022e-10  -5.2022e-10
-8.57842  -5.54468e-10  -5.54468e-10
-8.57306  -5.92809e-10  -5.92809e-10
-8.56766  -6.39648e-10  -6.39648e-10
-8.56223  -6.89841e-10  -6.89841e-10
-8.55677  -7.42023e-10  -7.42023e-10
-8.55128  -8.04238e-10  -8.04238e-10
-8.54575  -8.77793e-10  -8.77793e-10
-8.54019  -9.51917e-10  -9.51917e-10
-8.5346  -1.0232e-09  -1.0232e-09
-8.52898  -1.10386e-09  -1.10386e-09
-8.52332  -1.20129e-09  -1.20129e-09
-8.51763  -1.30889e-09  -1.30889e-09
-8.5119  -1.42593e-09  -1.42593e-09
-8.50615  -1.56455e-09  -1.56455e-09
-8.50036  -1.72479e-09  -1.72479e-09
-8.49453  -1.88824e-09  -1.88824e-09
-8.48868  -2.0511e-09  -2.0511e-09
-8.48279  -2.2382e-09  -2.2382e-09
-8.47687  -2.46796e-09  -2.46796e-09
-8.47092  -2.73208e-09  -2.73208e-09
-8.46493  -3.02784e-09  -3.02784e-09
-8.45891  -3.3745e-09  -3.3745e-09
-8.45286  -3.77181e-09  -3.77181e-09
-8.44678  -4.18406e-09  -4.18406e-09
-8.44066  -4.60581e-09  -4.60581e-09
-8.43451  -5.10288e-09  -5.10288e-09
-8.42833  -5.74004e-09  -5.74004e-09
-8.42212  -6.50941e-09  -6.50941e-09
-8.41587  -7.38762e-09  -7.38762e-09
-8.40959  -8.40523e-09  -8.40523e-09
-8.40328  -9.57182e-09  -9.57182e-09
-8.39694  -1.08079e-08  -1.08079e-08
-8.39056  -1.21058e-08  -1.21058e-08
-8.38415  -1.37073e-08  -1.37073e-08
-8.37771  -1.59121e-08  -1.59121e-08
-8.37124  -1.87349e-08  -1.87349e-08
-8.36473  -2.20065e-08  -2.20065e-08
-8.35819  -2.57542e-08  -2.57542e-08
-8.35162  -3.00793e-08  -3.00793e-08
-8.34502  -3.47795e-08  -3.47795e-08
-8.33839  -3.9904e-08  -3.9904e-08
-8.33172  -4.67901e-08  -4.67901e-08
-8.32502  -5.7349e-08  -5.7349e-08
-8.31829  -7.18602e-08  -7.18602e-08
-8.31153  -8.89686e-08  -8.89686e-08
-8.30474  -1.08362e-07  -1.08362e-07
-8.29791  -1.30975e-07  -1.30975e-07
-8.29105  -1.56391e-07  -1.56391e-07
-8.28416  -1.86328e-07  -1.86328e-07
-8.27724  -2.33972e-07  -2.33972e-07
-8.27028  -3.19838e-07  -3.19838e-07
-8.2633  -4.49233e-07  -4.49233e-07
-8.25628  -6.06175e-07  -6.06175e-07
-8.24923  -7.82357e-07  -7.82357e-07
-8.24215  -9.89627e-07  -9.89627e-07
-8.23503  -1.23663e-06  -1.23663e-06
-8.22789  -1.5986e-06  -1.5986e-06
-8.22071  -2.43349e-06  -2.43349e-06
-8.2135  -4.38096e-06  -4.38096e-06
-8.20626  -7.78948e-06  -7.78948e-06
-8.19899  -1.22308e-05  -1.22308e-05
-8.19169  -1.71871e-05  -1.71871e-05
-8.18435  -2.29527e-05  -2.29527e-05
-8.17698  -3.15942e-05  -3.15942e-05
-8.16959  -6.68273e-05  -6.68273e-05
-8.16216  -0.000278246  -0.000278246
-8.15469  -0.00124372  -0.00124372
-8.1472  -0.00456772  -0.00456772
-8.13968  -0.0137355  -0.0137355
-8.13212  -0.034953  -0.034953
-8.12454  -0.0775175  -0.0775175
-8.11692  -0.153284  -0.153284
-8.10927  -0.275061  -0.275061
-8.10159  -0.454172  -0.454172
-8.09387  -0.697756  -0.697756
-8.08613  -1.00656  -1.00656
-8.07836  -1.37397  -1.37397
-8.07055  -1.78676  -1.78676
-8.06271  -2.22777  -2.22777
-8.05485  -2.67977  -2.67977
-8.04695  -3.12941  -3.12941
-8.03902  -3.56974  -3.56974
-8.03106  -4.00045  -4.00045
-8.02307  -4.42604  -4.42604
-8.01504  -4.85269  -4.85269
-8.00699  -5.28539  -5.28539
-7.99891  -5.72568  -5.72568
-7.99079  -6.17083  -6.17083
-7.98264  -6.61449  -6.61449
-7.97447  -7.04915  -7.04915
-7.96626  -7.46987  -7.46987
-7.95802  -7.87766  -7.87766
-7.94975  -8.28008  -8.28008
-7.94145  -8.6881  -8.6881
-7.93312  -9.11059  -9.11059
-7.92476  -9.54982  -9.54982
-7.91637  -10.0008  -10.0008
-7.90795  -10.4545  -10.4545
-7.8995  -10.9013  -10.9013
-7.89101  -11.332  -11.332
-7.8825  -11.7367  -11.7367
-7.87396  -12.104  -12.104
-7.86538  -12.4248  -12.4248
-7.85678  -12.7005  -12.7005
-7.84814  -12.9496  -12.9496
-7.83948  -13.2075  -13.2075
-7.83078  -13.5171  -13.5171
-7.82206  -13.9126  -13.9126
-7.8133  -14.4063  -14.4063
-7.80452  -14.9841  -14.9841
-7.7957  -15.6099  -15.6099
-7.78686  -16.2369  -16.2369
-7.77798  -16.819  -16.819
-7.76907  -17.3217  -17.3217
-7.76014  -17.7289  -17.7289
-7.75117  -18.0457  -18.0457
-7.74218  -18.2952  -18.2952
-7.73315  -18.5097  -18.5097
-7.7241  -18.72  -18.72
-7.71501  -18.9475  -18.9475
-7.7059  -19.2025  -19.2025
-7.69675  -19.4885  -19.4885
-7.68758  -19.8059  -19.8059
-7.67837  -20.154  -20.154
-7.66914  -20.5285  -20.5285
-7.65988  -20.9203  -20.9203
-7.65059  -21.3168  -21.3168
-7.64126  -21.7034  -21.7034
-7.63191  -22.0663  -22.0663
-7.62253  -22.3935  -22.3935
-7.61312  -22.6787  -22.6787
-7.60368  -22.9267  -22.9267
-7.59421  -23.1594  -23.1594
-7.58472  -23.4136  -23.4136
-7.57519  -23.7291  -23.7291
-7.56563  -24.1299  -24.1299
-7.55605  -24.6089  -24.6089
-7.54643  -25.1259  -25.1259
-7.53679  -25.6218  -25.6218
-7.52711  -26.0426  -26.0426
-7.51741  -26.3634  -26.3634
-7.50768  -26.6023  -26.6023
-7.49792  -26.8182  -26.8182
-7.48813  -27.0921  -27.0921
-7.47831  -27.4952  -27.4952
-7.46847  -28.0575  -28.0575
-7.45859  -28.7496  -28.7496
-7.44869  -29.4896  -29.4896
-7.43876  -30.1757  -30.1757
-7.42879  -30.729  -30.729
-7.4188  -31.1251  -31.1251
-7.40878  -31.3991  -31.3991
-7.39874  -31.6234  -31.6234
-7.38866  -31.8725  -31.8725
-7.37856  -32.195  -32.195
-7.36842  -32.6018  -32.6018
-7.35826  -33.0714  -33.0714
-7.34807  -33.5612  -33.5612
-7.33786  -34.0195  -34.0195
-7.32761  -34.3972  -34.3972
-7.31734  -34.6599  -34.6599
-7.30703  -34.8006  -34.8006
-7.2967  -34.8476  -34.8476
-7.28634  -34.8599  -34.8599
-7.27596  -34.9111  -34.9111
-7.26554  -35.0671  -35.0671
-7.2551  -35.3673  -35.3673
-7.24463  -35.8143  -35.8143
-7.23413  -36.3735  -36.3735
-7.2236  -36.9806  -36.9806
-7.21305  -37.556  -37.556
-7.20246  -38.0276  -38.0276
-7.19185  -38.3558  -38.3558
-7.18122  -38.5507  -38.5507
-7.17055  -38.6708  -38.6708
-7.15986  -38.7997  -38.7997
-7.14914  -39.0095  -39.0095
-7.13839  -39.3302  -39.3302
-7.12761  -39.7424  -39.7424
-7.11681  -40.1954  -40.1954
-7.10598  -40.6392  -40.6392
-7.09512  -41.0515  -41.0515
-7.08423  -41.4448  -41.4448
-7.07332  -41.852  -41.852
-7.06238  -42.3019  -42.3019
-7.05141  -42.7995  -42.7995
-7.04042  -43.3197  -43.3197
-7.02939  -43.8163  -43.8163
-7.01835  -44.2397  -44.2397
-7.00727  -44.5521  -44.5521
-6.99617  -44.7361  -44.7361
-6.98504  -44.7949  -44.7949
-6.97388  -44.7472  -44.7472
-6.9627  -44.6226  -44.6226
-6.95149  -44.4619  -44.4619
-6.94025  -44.3198  -44.3198
-6.92898  -44.2651  -44.2651
-6.91769  -44.3726  -44.3726
-6.90638  -44.7046  -44.7046
-6.89503  -45.2875  -45.2875
-6.88366  -46.0959  -46.0959
-6.87226  -47.0517  -47.0517
-6.86084  -48.0399  -48.0399
-6.84939  -48.9373  -48.9373
-6.83791  -49.6435  -49.6435
-6.82641  -50.1068  -50.1068
-6.81488  -50.3386  -50.3386
-6.80332  -50.409  -50.409
-6.79174  -50.4225  -50.4225
-6.78013  -50.4775  -50.4775
-6.7685  -50.6263  -50.6263
-6.75684  -50.8531  -50.8531
-6.74515  -51.0845  -51.0845
-6.73344  -51.23  -51.23
-6.7217  -51.2312  -51.2312
-6.70994  -51.0974  -51.0974
-6.69815  -50.9061  -50.9061
-6.68633  -50.7719  -50.7719
-6.67449  -50.8007  -50.8007
-6.66262  -51.0581  -51.0581
-6.65073  -51.5624  -51.5624
-6.63881  -52.2996  -52.2996
-6.62687  -53.2368  -53.2368
-6.6149  -54.3187  -54.3187
-6.6029  -55.4491  -55.4491
-6.59088  -56.4817  -56.4817
-6.57883  -57.2439  -57.2439
-6.56676  -57.5954  -57.5954
-6.55467  -57.4933  -57.4933
-6.54254  -57.0238  -57.0238
-6.5304  -56.3776  -56.3776
-6.51822  -55.7816  -55.7816
-6.50603  -55.4233  -55.4233
-6.4938  -55.4053  -55.4053
-6.48156  -55.7434  -55.7434
-6.46928  -56.3927  -56.3927
-6.45698  -57.2771  -57.2771
-6.44466  -58.3029  -58.3029
-6.43231  -59.3599  -59.3599
-6.41994  -60.3254  -60.3254
-6.40755  -61.0841  -61.0841
-6.39512  -61.5638  -61.5638
-6.38268  -61.767  -61.767
-6.37021  -61.7747  -61.7747
-6.35771  -61.7109  -61.7109
-6.34519  -61.6833  -61.6833
-6.33265  -61.734  -61.734
-6.32008  -61.8315  -61.8315
-6.30748  -61.9095  -61.9095
-6.29487  -61.9252  -61.9252
-6.28222  -61.8985  -61.8985
-6.26956  -61.9055  -61.9055
-6.25687  -62.0329  -62.0329
-6.24415  -62.3218  -62.3218
-6.23141  -62.7334  -62.7334
-6.21865  -63.1598  -63.1598
-6.20586  -63.4744  -63.4744
-6.19305  -63.6034  -63.6034
-6.18022  -63.5824  -63.5824
-6.16736  -63.568  -63.568
-6.15448  -63.7895  -63.7895
-6.14157  -64.4565  -64.4565
-6.12865  -65.6615  -65.6615
-6.11569  -67.3254  -67.3254
-6.10272  -69.2101  -69.2101
-6.08972  -70.9922  -70.9922
-6.07669  -72.3614  -72.3614
-6.06364  -73.1052  -73.1052
-6.05057  -73.1536  -73.1536
-6.03748  -72.5789  -72.5789
-6.02436  -71.5613  -71.5613
-6.01122  -70.3342  -70.3342
-5.99806  -69.1245  -69.1245
-5.98487  -68.1014  -68.1014
-5.97166  -67.3483  -67.3483
-5.95843  -66.8634  -66.8634
-5.94518  -66.5866  -66.5866
-5.9319  -66.4404  -66.4404
-5.9186  -66.3645  -66.3645
-5.90527  -66.3346  -66.3346
-5.89193  -66.3603  -66.3603
-5.87856  -66.4675  -66.4675
-5.86516  -66.6759  -66.6759
-5.85175  -66.9813  -66.9813
-5.83831  -67.3536  -67.3536
-5.82485  -67.7525  -67.7525
-5.81137  -68.1546  -68.1546
-5.79786  -68.5717  -68.5717
-5.78434  -69.0438  -69.0438
-5.77079  -69.6062  -69.6062
-5.75722  -70.2506  -70.2506
-5.74362  -70.9097  -70.9097
-5.73001  -71.4814  -71.4814
-5.71637  -71.8809  -71.8809
-5.70271  -72.0892  -72.0892
-5.68902  -72.1673  -72.1673
-5.67532  -72.2297  -72.2297
-5.66159  -72.3939  -72.3939
-5.64785  -72.7365  -72.7365
-5.63408  -73.2715  -73.2715
-5.62029  -73.9556  -73.9556
-5.60647  -74.7082  -74.7082
-5.59264  -75.4391  -75.4391
-5.57878  -76.0762  -76.0762
-5.5649  -76.5922  -76.5922
-5.551  -77.0174  -77.0174
-5.53708  -77.4282  -77.4282
-5.52314  -77.9089  -77.9089
-5.50918  -78.5037  -78.5037
-5.49519  -79.1864  -79.1864
-5.48119  -79.8668  -79.8668
-5.46716  -80.4287  -80.4287
-5.45311  -80.7732  -80.7732
-5.43905  -80.8447  -80.8447
-5.42496  -80.6354  -80.6354
-5.41085  -80.1798  -80.1798
-5.39671  -79.5546  -79.5546
-5.38256  -78.8781  -78.8781
-5.36839  -78.298  -78.298
-5.35419  -77.9561  -77.9561
-5.33998  -77.9457  -77.9457
-5.32574  -78.2817  -78.2817
-5.31149  -78.9049  -78.9049
-5.29721  -79.7113  -79.7113
-5.28292  -80.5877  -80.5877
-5.2686  -81.4341  -81.4341
-5.25426  -82.1733  -82.1733
-5.2399  -82.7585  -82.7585
-5.22553  -83.1847  -83.1847
-5.21113  -83.496  -83.496
-5.19671  -83.7712  -83.7712
-5.18227  -84.083  -84.083
-5.16782  -84.4497  -84.4497
-5.15334  -84.8135  -84.8135
-5.13884  -85.0635  -85.0635
-5.12432  -85.0965  -85.0965
-5.10979  -84.8767  -84.8767
-5.09523  -84.4599  -84.4599
-5.08065  -83.9674  -83.9674
-5.06606  -83.5297  -83.5297
-5.05144  -83.2353  -83.2353
-5.0368  -83.11  -83.11
-5.02215  -83.1305  -83.1305
-5.00748  -83.257  -83.257
-4.99278  -83.4618  -83.4618
-4.97807  -83.742  -83.742
-4.96334  -84.1129  -84.1129
-4.94859  -84.5883  -84.5883
-4.93382  -85.1585  -85.1585
-4.91903  -85.7755  -85.7755
-4.90422  -86.3546  -86.3546
-4.88939  -86.7961  -86.7961
-4.87455  -87.0192  -87.0192
-4.85968  -86.9929  -86.9929
-4.8448  -86.7475  -86.7475
-4.8299  -86.3631  -86.3631
-4.81498  -85.9433  -85.9433
-4.80004  -85.5879  -85.5879
-4.78508  -85.3776  -85.3776
-4.77011  -85.3682  -85.3682
-4.75511  -85.5899  -85.5899
-4.7401  -86.0436  -86.0436
-4.72507  -86.6972  -86.6972
-4.71002  -87.483  -87.483
-4.69495  -88.3026  -88.3026
-4.67987  -89.0414  -89.0414
-4.66476  -89.5918  -89.5918
-4.64964  -89.8812  -89.8812
-4.6345  -89.8947  -89.8947
-4.61934  -89.6829  -89.6829
-4.60417  -89.3482  -89.3482
-4.58898  -89.0153  -89.0153
-4.57377  -88.7973  -88.7973
-4.55854  -88.771  -88.771
-4.54329  -88.9672  -88.9672
-4.52803  -89.3734  -89.3734
-4.51275  -89.9418  -89.9418
-4.49745  -90.601  -90.601
-4.48213  -91.2669  -91.2669
-4.4668  -91.8539  -91.8539
-4.45145  -92.2864  -92.2864
-4.43608  -92.51  -92.51
-4.4207  -92.504  -92.504
-4.4053  -92.2923  -92.2923
-4.38988  -91.9473  -91.9473
-4.37444  -91.5773  -91.5773
-4.35899  -91.2951  -91.2951
-4.34352  -91.1754  -91.1754
-4.32804  -91.2195  -91.2195
-4.31254  -91.3495  -91.3495
-4.29702  -91.44  -91.44
-4.28148  -91.3781  -91.3781
-4.26593  -91.1208  -91.1208
-4.25036  -90.7196  -90.7196
-4.23478  -90.2977  -90.2977
-4.21918  -89.9945  -89.9945
-4.20356  -89.912  -89.912
-4.18792  -90.0915  -90.0915
-4.17227  -90.5263  -90.5263
-4.15661  -91.1886  -91.1886
-4.14093  -92.046  -92.046
-4.12523  -93.0583  -93.0583
-4.10951  -94.164  -94.164
-4.09379  -95.2779  -95.2779
-4.07804  -96.3059  -96.3059
-4.06228  -97.1692  -97.1692
-4.0465  -97.8197  -97.8197
-4.03071  -98.2401  -98.2401
-4.0149  -98.4312  -98.4312
-3.99908  -98.4008  -98.4008
-3.98324  -98.163  -98.163
-3.96739  -97.7488  -97.7488
-3.95152  -97.2152  -97.2152
-3.93563  -96.6397  -96.6397
-3.91973  -96.0976  -96.0976
-3.90382  -95.6325  -95.6325
-3.88789  -95.2408  -95.2408
-3.87194  -94.8865  -94.8865
-3.85598  -94.5392  -94.5392
-3.84001  -94.2098  -94.2098
-3.82402  -93.9565  -93.9565
-3.80801  -93.8502  -93.8502
-3.79199  -93.9206  -93.9206
-3.77596  -94.1181  -94.1181
-3.75991  -94.3191  -94.3191
-3.74385  -94.3779  -94.3779
-3.72777  -94.2001  -94.2001
-3.71168  -93.7968  -93.7968
-3.69557  -93.2923  -93.2923
-3.67945  -92.8755  -92.8755
-3.66332  -92.7191  -92.7191
-3.64717  -92.9035  -92.9035
-3.63101  -93.3824  -93.3824
-3.61483  -94.0052  -94.0052
-3.59864  -94.5823  -94.5823
-3.58244  -94.9605  -94.9605
-3.56622  -95.0742  -95.0742
-3.54999  -94.9564  -94.9564
-3.53374  -94.7114  -94.7114
-3.51748  -94.4681  -94.4681
-3.50121  -94.3346  -94.3346
-3.48492  -94.3667  -94.3667
-3.46863  -94.5572  -94.5572
-3.45231  -94.8443  -94.8443
-3.43599  -95.1318  -95.1318
-3.41965  -95.3139  -95.3139
-3.40329  -95.298  -95.298
-3.38693  -95.023  -95.023
-3.37055  -94.4738  -94.4738
-3.35416  -93.6917  -93.6917
-3.33775  -92.7759  -92.7759
-3.32133  -91.8694  -91.8694
-3.3049  -91.1287  -91.1287
-3.28846  -90.6816  -90.6816
-3.272  -90.5898  -90.5898
-3.25554  -90.8306  -90.8306
-3.23906  -91.3044  -91.3044
-3.22256  -91.8651  -91.8651
-3.20606  -92.3583  -92.3583
-3.18954  -92.6552  -92.6552
-3.17301  -92.6763  -92.6763
-3.15646  -92.4021  -92.4021
-3.13991  -91.8762  -91.8762
-3.12334  -91.1947  -91.1947
-3.10676  -90.4817  -90.4817
-3.09017  -89.8503  -89.8503
-3.07357  -89.3628  -89.3628
-3.05695  -89.0096  -89.0096
-3.04033  -88.7186  -88.7186
-3.02369  -88.3928  -88.3928
-3.00704  -87.9534  -87.9534
-2.99038  -87.3657  -87.3657
-2.9737  -86.6375  -86.6375
-2.95702  -85.7989  -85.7989
-2.94032  -84.8844  -84.8844
-2.92361  -83.9293  -83.9293
-2.9069  -82.9774  -82.9774
-2.89017  -82.0841  -82.0841
-2.87343  -81.3058  -81.3058
-2.85667  -80.6754  -80.6754
-2.83991  -80.1803  -80.1803
-2.82314  -79.7584  -79.7584
-2.80635  -79.3176  -79.3176
-2.78955  -78.769  -78.769
-2.77275  -78.0573  -78.0573
-2.75593  -77.1744  -77.1744
-2.7391  -76.1526  -76.1526
-2.72226  -75.045  -75.045
-2.70542  -73.9038  -73.9038
-2.68856  -72.7653  -72.7653
-2.67169  -71.6461  -71.6461
-2.65481  -70.5503  -70.5503
-2.63792  -69.48  -69.48
-2.62102  -68.4437  -68.4437
-2.60411  -67.4567  -67.4567
-2.58719  -66.5325  -66.5325
-2.57025  -65.6719  -65.6719
-2.55331  -64.8565  -64.8565
-2.53636  -64.0514  -64.0514
-2.5194  -63.2163  -63.2163
-2.50243  -62.3199  -62.3199
-2.48545  -61.352  -61.352
-2.46847  -60.3265  -60.3265
-2.45147  -59.2762  -59.2762
-2.43446  -58.2419  -58.2419
-2.41744  -57.2609  -57.2609
-2.40041  -56.3605  -56.3605
-2.38338  -55.5575  -55.5575
-2.36633  -54.8604  -54.8604
-2.34928  -54.2711  -54.2711
-2.33222  -53.7833  -53.7833
-2.31514  -53.3776  -53.3776
-2.29806  -53.0198  -53.0198
-2.28097  -52.6643  -52.6643
-2.26387  -52.2643  -52.2643
-2.24677  -51.7869  -51.7869
-2.22965  -51.2255  -51.2255
-2.21252  -50.6047  -50.6047
-2.19539  -49.9718  -49.9718
-2.17825  -49.3765  -49.3765
-2.1611  -48.8465  -48.8465
-2.14394  -48.3699  -48.3699
-2.12677  -47.8962  -47.8962
-2.1096  -47.3576  -47.3576
-2.09242  -46.7017  -46.7017
-2.07522  -45.9191  -45.9191
-2.05803  -45.0518  -45.0518
-2.04082  -44.1763  -44.1763
-2.0236  -43.3701  -43.3701
-2.00638  -42.6799  -42.6799
-1.98915  -42.1048  -42.1048
-1.97191  -41.6015  -41.6015
-1.95467  -41.1037  -41.1037
-1.93741  -40.5425  -40.5425
-1.92015  -39.8611  -39.8611
-1.90288  -39.0232  -39.0232
-1.88561  -38.0224  -38.0224
-1.86832  -36.8933  -36.8933
-1.85103  -35.7173  -35.7173
-1.83374  -34.611  -34.611
-1.81643  -33.6892  -33.6892
-1.79912  -33.0167  -33.0167
-1.7818  -32.5726  -32.5726
-1.76448  -32.2535  -32.2535
-1.74715  -31.9185  -31.9185
-1.72981  -31.4521  -31.4521
-1.71246  -30.8124  -30.8124
-1.69511  -30.037  -30.037
-1.67775  -29.2099  -29.2099
-1.66039  -28.4132  -28.4132
-1.64302  -27.6925  -27.6925
-1.62564  -27.0501  -27.0501
-1.60825  -26.4598  -26.4598
-1.59086  -25.887  -25.887
-1.57347  -25.3009  -25.3009
-1.55607  -24.6774  -24.6774
-1.53866  -23.9997  -23.9997
-1.52124  -23.2604  -23.2604
-1.50382  -22.4679  -22.4679
-1.4864  -21.6471  -21.6471
-1.46897  -20.8321  -20.8321
-1.45153  -20.0508  -20.0508
-1.43408  -19.3116  -19.3116
-1.41664  -18.6006  -18.6006
-1.39918  -17.8914  -17.8914
-1.38172  -17.1595  -17.1595
-1.36426  -16.3929  -16.3929
-1.34679  -15.5913  -15.5913
-1.32931  -14.7579  -14.7579
-1.31183  -13.8937  -13.8937
-1.29435  -12.9993  -12.9993
-1.27686  -12.0835  -12.0835
-1.25936  -11.17  -11.17
-1.24186  -10.2926  -10.2926
-1.22436  -9.48232  -9.48232
-1.20685  -8.75057  -8.75057
-1.18933  -8.08148  -8.08148
-1.17182  -7.43694  -7.43694
-1.15429  -6.77183  -6.77183
-1.13676  -6.05128  -6.05128
-1.11923  -5.2626  -5.2626
-1.1017  -4.41871  -4.41871
-1.08416  -3.55424  -3.55424
-1.06661  -2.71706  -2.71706
-1.04906  -1.9574  -1.9574
-1.03151  -1.31671  -1.31671
-1.01395  -0.818663  -0.818663
-0.996391  -0.465037  -0.465037
-0.978826  -0.238055  -0.238055
-0.961257  -0.107939  -0.107939
-0.943685  -0.0423462  -0.0423462
-0.926109  -0.0138819  -0.0138819
-0.90853  -0.00359162  -0.00359162
-0.890947  -0.000668116  -0.000668116
-0.873361  -9.57677e-05  -9.57677e-05
-0.855771  -4.89937e-05  -4.89937e-05
-0.838178  -5.27233e-05  -5.27233e-05
-0.820582  -4.38694e-05  -4.38694e-05
-0.802982  -3.10325e-05  -3.10325e-05
-0.78538  -1.97612e-05  -1.97612e-05
-0.767774  -1.10765e-05  -1.10765e-05
-0.750166  -5.52463e-06  -5.52463e-06
-0.732554  -3.01378e-06  -3.01378e-06
-0.71494  -2.3298e-06  -2.3298e-06
-0.697323  -2.08445e-06  -2.08445e-06
-0.679703  -1.71385e-06  -1.71385e-06
-0.662081  -1.32639e-06  -1.32639e-06
-0.644456  -1.02494e-06  -1.02494e-06
-0.626829  -7.40275e-07  -7.40275e-07
-0.609199  -4.77738e-07  -4.77738e-07
-0.591567  -3.35643e-07  -3.35643e-07
-0.573933  -3.06088e-07  -3.06088e-07
-0.556296  -2.79427e-07  -2.79427e-07
-0.538657  -2.2218e-07  -2.2218e-07
-0.521017  -1.88701e-07  -1.88701e-07
-0.503374  -1.84379e-07  -1.84379e-07
-0.485729  -1.56607e-07  -1.56607e-07
-0.468082  -1.04111e-07  -1.04111e-07
-0.450434  -7.7987e-08  -7.7987e-08
-0.432784  -8.37834e-08  -8.37834e-08
-0.415132  -7.90272e-08  -7.90272e-08
-0.397478  -5.82099e-08  -5.82099e-08
-0.379824  -5.51162e-08  -5.51162e-08
-0.362167  -6.88367e-08  -6.88367e-08
-0.344509  -6.41868e-08  -6.41868e-08
-0.32685  -4.0331e-08  -4.0331e-08
-0.30919  -3.06815e-08  -3.06815e-08
-0.291528  -3.90589e-08  -3.90589e-08
-0.273865  -3.79415e-08  -3.79415e-08
-0.256202  -2.56802e-08  -2.56802e-08
-0.238537  -2.71702e-08  -2.71702e-08
-0.220871  -4.0869e-08  -4.0869e-08
-0.203205  -3.98516e-08  -3.98516e-08
-0.185537  -2.36768e-08  -2.36768e-08
-0.167869  -1.83488e-08  -1.83488e-08
-0.1502  -2.65472e-08  -2.65472e-08
-0.132531  -2.62588e-08  -2.62588e-08
-0.114861  -1.69165e-08  -1.69165e-08
-0.0971911  -1.96449e-08  -1.96449e-08
-0.0795205  -3.27045e-08  -3.27045e-08
-0.0618496  -3.25449e-08  -3.25449e-08
-0.0441785  -1.89928e-08  -1.89928e-08
-0.0265071  -1.52971e-08  -1.52971e-08
-0.00883573  -2.35649e-08  -2.35649e-08
0.00883573  -2.35545e-08  -2.35545e-08
0.0265071  -1.52743e-08  -1.52743e-08
0.0441785  -1.90133e-08  -1.90133e-08
0.0618496  -3.27027e-08  -3.27027e-08
0.0795205  -3.30054e-08  -3.30054e-08
0.0971911  -1.99363e-08  -1.99363e-08
0.114861  -1.70358e-08  -1.70358e-08
0.132531  -2.62227e-08  -2.62227e-08
0.1502  -2.65243e-08  -2.65243e-08
0.167869  -1.85178e-08  -1.85178e-08
0.185537  -2.42017e-08  -2.42017e-08
0.203205  -4.0841e-08  -4.0841e-08
0.220871  -4.21361e-08  -4.21361e-08
0.238537  -2.81604e-08  -2.81604e-08
0.256202  -2.59646e-08  -2.59646e-08
0.273865  -3.77686e-08  -3.77686e-08
0.291528  -3.91914e-08  -3.91914e-08
0.30919  -3.18506e-08  -3.18506e-08
0.32685  -4.30816e-08  -4.30816e-08
0.344509  -6.86872e-08  -6.86872e-08
0.362167  -7.40564e-08  -7.40564e-08
0.379824  -5.87446e-08  -5.87446e-08
0.397478  -5.87793e-08  -5.87793e-08
0.415132  -7.82227e-08  -7.82227e-08
0.432784  -8.57697e-08  -8.57697e-08
0.450434  -8.68414e-08  -8.68414e-08
0.468082  -1.22433e-07  -1.22433e-07
0.485729  -1.83909e-07  -1.83909e-07
0.503374  -2.13411e-07  -2.13411e-07
0.521017  -2.06205e-07  -2.06205e-07
0.538657  -2.21207e-07  -2.21207e-07
0.556296  -2.74535e-07  -2.74535e-07
0.573933  -3.34239e-07  -3.34239e-07
0.591567  -4.40124e-07  -4.40124e-07
0.609199  -6.84283e-07  -6.84283e-07
0.626829  -1.02852e-06  -1.02852e-06
0.644456  -1.30655e-06  -1.30655e-06
0.662081  -1.46965e-06  -1.46965e-06
0.679703  -1.6577e-06  -1.6577e-06
0.697323  -2.06301e-06  -2.06301e-06
0.71494  -3.16293e-06  -3.16293e-06
0.732554  -6.13647e-06  -6.13647e-06
0.750166  -1.2122e-05  -1.2122e-05
0.767774  -2.04329e-05  -2.04329e-05
0.78538  -2.86864e-05  -2.86864e-05
0.802982  -3.55147e-05  -3.55147e-05
0.820582  -4.18992e-05  -4.18992e-05
0.838178  -6.87862e-05  -6.87862e-05
0.855771  -0.000293478  -0.000293478
0.873361  -0.00153451  -0.00153451
0.890947  -0.00634761  -0.00634761
0.90853  -0.0207393  -0.0207393
0.926109  -0.0559197  -0.0559197
0.943685  -0.128914  -0.128914
0.961257  -0.260821  -0.260821
0.978826  -0.472433  -0.472433
0.996391  -0.778518  -0.778518
1.01395  -1.18332  -1.18332
1.03151  -1.67982  -1.67982
1.04906  -2.25367  -2.25367
1.06661  -2.89044  -2.89044
1.08416  -3.58304  -3.58304
1.1017  -4.33528  -4.33528
1.11923  -5.15904  -5.15904
1.13676  -6.06484  -6.06484
1.15429  -7.04939  -7.04939
1.17182  -8.08664  -8.08664
1.18933  -9.12858  -9.12858
1.20685  -10.1181  -10.1181
1.22436  -11.0094  -11.0094
1.24186  -11.7855  -11.7855
1.25936  -12.4636  -12.4636
1.27686  -13.0846  -13.0846
1.29435  -13.6923  -13.6923
1.31183  -14.3136  -14.3136
1.32931  -14.949  -14.949
1.34679  -15.5793  -15.5793
1.36426  -16.1808  -16.1808
1.38172  -16.7408  -16.7408
1.39918  -17.2657  -17.2657
1.41664  -17.7769  -17.7769
1.43408  -18.3002  -18.3002
1.45153  -18.8552  -18.8552
1.46897  -19.4502  -19.4502
1.4864  -20.0859  -20.0859
1.50382  -20.7604  -20.7604
1.52124  -21.4735  -21.4735
1.53866  -22.2249  -22.2249
1.55607  -23.0077  -23.0077
1.57347  -23.8045  -23.8045
1.59086  -24.5903  -24.5903
1.60825  -25.3445  -25.3445
1.62564  -26.0675  -26.0675
1.64302  -26.7908  -26.7908
1.66039  -27.5704  -27.5704
1.67775  -28.4623  -28.4623
1.69511  -29.4894  -29.4894
1.71246  -30.6188  -30.6188
1.72981  -31.764  -31.764
1.74715  -32.816  -32.816
1.76448  -33.6872  -33.6872
1.7818  -34.346  -34.346
1.79912  -34.8238  -34.8238
1.81643  -35.1942  -35.1942
1.83374  -35.5378  -35.5378
1.85103  -35.9116  -35.9116
1.86832  -36.3357  -36.3357
1.88561  -36.7987  -36.7987
1.90288  -37.2752  -37.2752
1.92015  -37.7454  -37.7454
1.93741  -38.2078  -38.2078
1.95467  -38.6818  -38.6818
1.97191  -39.1978  -39.1978
1.98915  -39.7815  -39.7815
2.00638  -40.4392  -40.4392
2.0236  -41.1524  -41.1524
2.04082  -41.8867  -41.8867
2.05803  -42.6094  -42.6094
2.07522  -43.3069  -43.3069
2.09242  -43.9905  -43.9905
2.1096  -44.688  -44.688
2.12677  -45.4229  -45.4229
2.14394  -46.1964  -46.1964
2.1611  -46.9831  -46.9831
2.17825  -47.7462  -47.7462
2.19539  -48.463  -48.463
2.21252  -49.1451  -49.1451
2.22965  -49.8356  -49.8356
2.24677  -50.5855  -50.5855
2.26387  -51.4217  -51.4217
2.28097  -52.328  -52.328
2.29806  -53.2502  -53.2502
2.31514  -54.122  -54.122
2.33222  -54.8942  -54.8942
2.34928  -55.555  -55.555
2.36633  -56.1367  -56.1367
2.38338  -56.7086  -56.7086
2.40041  -57.3604  -57.3604
2.41744  -58.1737  -58.1737
2.43446  -59.1892  -59.1892
2.45147  -60.3812  -60.3812
2.46847  -61.6602  -61.6602
2.48545  -62.9092  -62.9092
2.50243  -64.0371  -64.0371
2.5194  -65.0153  -65.0153
2.53636  -65.8732  -65.8732
2.55331  -66.6566  -66.6566
2.57025  -67.3846  -67.3846
2.58719  -68.04  -68.04
2.60411  -68.6025  -68.6025
2.62102  -69.0982  -69.0982
2.63792  -69.6207  -69.6207
2.65481  -70.3057  -70.3057
2.67169  -71.2702  -71.2702
2.68856  -72.558  -72.558
2.70542  -74.1224  -74.1224
2.72226  -75.8535  -75.8535
2.7391  -77.6248  -77.6248
2.75593  -79.3302  -79.3302
2.77275  -80.8932  -80.8932
2.78955  -82.2557  -82.2557
2.80635  -83.3649  -83.3649
2.82314  -84.1781  -84.1781
2.83991  -84.6858  -84.6858
2.85667  -84.9384  -84.9384
2.87343  -85.0549  -85.0549
2.89017  -85.1987  -85.1987
2.9069  -85.5274  -85.5274
2.92361  -86.1373  -86.1373
2.94032  -87.0299  -87.0299
2.95702  -88.1147  -88.1147
2.9737  -89.2457  -89.2457
2.99038  -90.2713  -90.2713
3.00704  -91.0763  -91.0763
3.02369  -91.6016  -91.6016
3.04033  -91.8415  -91.8415
3.05695  -91.8255  -91.8255
3.07357  -91.6002  -91.6002
3.09017  -91.2201  -91.2201
3.10676  -90.7493  -90.7493
3.12334  -90.268  -90.268
3.13991  -89.8724  -89.8724
3.15646  -89.6604  -89.6604
3.17301  -89.7067  -89.7067
3.18954  -90.0402  -90.0402
3.20606  -90.6354  -90.6354
3.22256  -91.4197  -91.4197
3.23906  -92.288  -92.288
3.25554  -93.1165  -93.1165
3.272  -93.7773  -93.7773
3.28846  -94.1627  -94.1627
3.3049  -94.2229  -94.2229
3.32133  -94.0028  -94.0028
3.33775  -93.6493  -93.6493
3.35416  -93.3691  -93.3691
3.37055  -93.3452  -93.3452
3.38693  -93.6508  -93.6508
3.40329  -94.2091  -94.2091
3.41965  -94.8258  -94.8258
3.43599  -95.2794  -95.2794
3.45231  -95.4218  -95.4218
3.46863  -95.2371  -95.2371
3.48492  -94.8365  -94.8365
3.50121  -94.4019  -94.4019
3.51748  -94.1168  -94.1168
3.53374  -94.1165  -94.1165
3.54999  -94.4685  -94.4685
3.56622  -95.1705  -95.1705
3.58244  -96.1537  -96.1537
3.59864  -97.2873  -97.2873
3.61483  -98.3938  -98.3938
3.63101  -99.2832  -99.2832
3.64717  -99.8013  -99.8013
3.66332  -99.8735  -99.8735
3.67945  -99.5226  -99.5226
3.69557  -98.8537  -98.8537
3.71168  -98.0116  -98.0116
3.72777  -97.1318  -97.1318
3.74385  -96.3059  -96.3059
3.75991  -95.571  -95.571
3.77596  -94.923  -94.923
3.79199  -94.3419  -94.3419
3.80801  -93.8152  -93.8152
3.82402  -93.3487  -93.3487
3.84001  -92.9617  -92.9617
3.85598  -92.6699  -92.6699
3.87194  -92.4697  -92.4697
3.88789  -92.3327  -92.3327
3.90382  -92.2165  -92.2165
3.91973  -92.085  -92.085
3.93563  -91.9251  -91.9251
3.95152  -91.75  -91.75
3.96739  -91.5894  -91.5894
3.98324  -91.4756  -91.4756
3.99908  -91.4353  -91.4353
4.0149  -91.4898  -91.4898
4.03071  -91.654  -91.654
4.0465  -91.9272  -91.9272
4.06228  -92.2783  -92.2783
4.07804  -92.6409  -92.6409
4.09379  -92.9336  -92.9336
4.10951  -93.1024  -93.1024
4.12523  -93.1594  -93.1594
4.14093  -93.1891  -93.1891
4.15661  -93.3086  -93.3086
4.17227  -93.6023  -93.6023
4.18792  -94.0675  -94.0675
4.20356  -94.6014  -94.6014
4.21918  -95.035  -95.035
4.23478  -95.1942  -95.1942
4.25036  -94.9625  -94.9625
4.26593  -94.3246  -94.3246
4.28148  -93.3795  -93.3795
4.29702  -92.3178  -92.3178
4.31254  -91.3671  -91.3671
4.32804  -90.7156  -90.7156
4.34352  -90.4442  -90.4442
4.35899  -90.4982  -90.4982
4.37444  -90.7187  -90.7187
4.38988  -90.925  -90.925
4.4053  -91.0056  -91.0056
4.4207  -90.9726  -90.9726
4.43608  -90.9464  -90.9464
4.45145  -91.0824  -91.0824
4.4668  -91.4786  -91.4786
4.48213  -92.1159  -92.1159
4.49745  -92.8569  -92.8569
4.51275  -93.5004  -93.5004
4.52803  -93.8601  -93.8601
4.54329  -93.8325  -93.8325
4.55854  -93.425  -93.425
4.57377  -92.7383  -92.7383
4.58898  -91.9115  -91.9115
4.60417  -91.0578  -91.0578
4.61934  -90.2238  -90.2238
4.6345  -89.3933  -89.3933
4.64964  -88.5324  -88.5324
4.66476  -87.6471  -87.6471
4.67987  -86.8125  -86.8125
4.69495  -86.154  -86.154
4.71002  -85.7883  -85.7883
4.72507  -85.759  -85.759
4.7401  -86.0044  -86.0044
4.75511  -86.3753  -86.3753
4.77011  -86.6937  -86.6937
4.78508  -86.8245  -86.8245
4.80004  -86.7256  -86.7256
4.81498  -86.4562  -86.4562
4.8299  -86.1381  -86.1381
4.8448  -85.8898  -85.8898
4.85968  -85.766  -85.766
4.87455  -85.7348  -85.7348
4.88939  -85.7039  -85.7039
4.90422  -85.5828  -85.5828
4.91903  -85.3429  -85.3429
4.93382  -85.0387  -85.0387
4.94859  -84.7798  -84.7798
4.96334  -84.6695  -84.6695
4.97807  -84.7478  -84.7478
4.99278  -84.9687  -84.9687
5.00748  -85.2226  -85.2226
5.02215  -85.3846  -85.3846
5.0368  -85.3616  -85.3616
5.05144  -85.1165  -85.1165
5.06606  -84.661  -84.661
5.08065  -84.0321  -84.0321
5.09523  -83.269  -83.269
5.10979  -82.4081  -82.4081
5.12432  -81.4933  -81.4933
5.13884  -80.5897  -80.5897
5.15334  -79.7831  -79.7831
5.16782  -79.1598  -79.1598
5.18227  -78.7761  -78.7761
5.19671  -78.6363  -78.6363
5.21113  -78.6919  -78.6919
5.22553  -78.863  -78.863
5.2399  -79.0679  -79.0679
5.25426  -79.2483  -79.2483
5.2686  -79.3815  -79.3815
5.28292  -79.4764  -79.4764
5.29721  -79.5588  -79.5588
5.31149  -79.6505  -79.6505
5.32574  -79.7534  -79.7534
5.33998  -79.8454  -79.8454
5.35419  -79.8929  -79.8929
5.36839  -79.8716  -79.8716
5.38256  -79.7835  -79.7835
5.39671  -79.6556  -79.6556
5.41085  -79.5228  -79.5228
5.42496  -79.4044  -79.4044
5.43905  -79.2923  -79.2923
5.45311  -79.1595  -79.1595
5.46716  -78.984  -78.984
5.48119  -78.7726  -78.7726
5.49519  -78.5677  -78.5677
5.50918  -78.4289  -78.4289
5.52314  -78.3972  -78.3972
5.53708  -78.462  -78.462
5.551  -78.5508  -78.5508
5.5649  -78.5511  -78.5511
5.57878  -78.3538  -78.3538
5.59264  -77.8953  -77.8953
5.60647  -77.1785  -77.1785
5.62029  -76.2669  -76.2669
5.63408  -75.26  -75.26
5.64785  -74.2697  -74.2697
5.66159  -73.4033  -73.4033
5.67532  -72.7499  -72.7499
5.68902  -72.363  -72.363
5.70271  -72.2395  -72.2395
5.71637  -72.3105  -72.3105
5.73001  -72.4597  -72.4597
5.74362  -72.5715  -72.5715
5.75722  -72.5853  -72.5853
5.77079  -72.5221  -72.5221
5.78434  -72.4613  -72.4613
5.79786  -72.4786  -72.4786
5.81137  -72.5831  -72.5831
5.82485  -72.6966  -72.6966
5.83831  -72.6887  -72.6887
5.85175  -72.4468  -72.4468
5.86516  -71.9377  -71.9377
5.87856  -71.2257  -71.2257
5.89193  -70.4408  -70.4408
5.90527  -69.7213  -69.7213
5.9186  -69.1634  -69.1634
5.9319  -68.8008  -68.8008
5.94518  -68.616  -68.616
5.95843  -68.5691  -68.5691
5.97166  -68.6243  -68.6243
5.98487  -68.7609  -68.7609
5.99806  -68.9638  -68.9638
6.01122  -69.2027  -69.2027
6.02436  -69.4147  -69.4147
6.03748  -69.5067  -69.5067
6.05057  -69.3825  -69.3825
6.06364  -68.9826  -68.9826
6.07669  -68.3143  -68.3143
6.08972  -67.4507  -67.4507
6.10272  -66.4977  -66.4977
6.11569  -65.5495  -65.5495
6.12865  -64.6586  -64.6586
6.14157  -63.8361  -63.8361
6.15448  -63.0742  -63.0742
6.16736  -62.3709  -62.3709
6.18022  -61.742  -61.742
6.19305  -61.219  -61.219
6.20586  -60.8412  -60.8412
6.21865  -60.6494  -60.6494
6.23141  -60.6768  -60.6768
6.24415  -60.9332  -60.9332
6.25687  -61.3848  -61.3848
6.26956  -61.9437  -61.9437
6.28222  -62.4818  -62.4818
6.29487  -62.8692  -62.8692
6.30748  -63.0175  -63.0175
6.32008  -62.9041  -62.9041
6.33265  -62.561  -62.561
6.34519  -62.0393  -62.0393
6.35771  -61.3739  -61.3739
6.37021  -60.5732  -60.5732
6.38268  -59.6365  -59.6365
6.39512  -58.5833  -58.5833
6.40755  -57.4742  -57.4742
6.41994  -56.4077  -56.4077
6.43231  -55.4989  -55.4989
6.44466  -54.8522  -54.8522
6.45698  -54.5375  -54.5375
6.46928  -54.5748  -54.5748
6.48156  -54.9245  -54.9245
6.4938  -55.4871  -55.4871
6.50603  -56.1185  -56.1185
6.51822  -56.6621  -56.6621
6.5304  -56.9923  -56.9923
6.54254  -57.0485  -57.0485
6.55467  -56.8438  -56.8438
6.56676  -56.4451  -56.4451
6.57883  -55.9373  -55.9373
6.59088  -55.3934  -55.3934
6.6029  -54.8625  -54.8625
6.6149  -54.3752  -54.3752
6.62687  -53.954  -53.954
6.63881  -53.6183  -53.6183
6.65073  -53.3834  -53.3834
6.66262  -53.2574  -53.2574
6.67449  -53.2383  -53.2383
6.68633  -53.3117  -53.3117
6.69815  -53.4466  -53.4466
6.70994  -53.5919  -53.5919
6.7217  -53.6813  -53.6813
6.73344  -53.6523  -53.6523
6.74515  -53.4713  -53.4713
6.75684  -53.1505  -53.1505
6.7685  -52.7411  -52.7411
6.78013  -52.3006  -52.3006
6.79174  -51.8526  -51.8526
6.80332  -51.3649  -51.3649
6.81488  -50.7643  -50.7643
6.82641  -49.9856  -49.9856
6.83791  -49.0276  -49.0276
6.84939  -47.9813  -47.9813
6.86084  -47.0092  -47.0092
6.87226  -46.2818  -46.2818
6.88366  -45.9034  -45.9034
6.89503  -45.8675  -45.8675
6.90638  -46.0634  -46.0634
6.91769  -46.3289  -46.3289
6.92898  -46.5186  -46.5186
6.94025  -46.5527  -46.5527
6.95149  -46.4257  -46.4257
6.9627  -46.1812  -46.1812
6.97388  -45.8712  -45.8712
6.98504  -45.5273  -45.5273
6.99617  -45.1523  -45.1523
7.00727  -44.733  -44.733
7.01835  -44.2586  -44.2586
7.02939  -43.7341  -43.7341
7.04042  -43.1821  -43.1821
7.05141  -42.6332  -42.6332
7.06238  -42.1142  -42.1142
7.07332  -41.6409  -41.6409
7.08423  -41.2184  -41.2184
7.09512  -40.8487  -40.8487
7.10598  -40.5393  -40.5393
7.11681  -40.3063  -40.3063
7.12761  -40.1665  -40.1665
7.13839  -40.1224  -40.1224
7.14914  -40.1455  -40.1455
7.15986  -40.1698  -40.1698
7.17055  -40.1009  -40.1009
7.18122  -39.8443  -39.8443
7.19185  -39.3397  -39.3397
7.20246  -38.5891  -38.5891
7.21305  -37.6619  -37.6619
7.2236  -36.675  -36.675
7.23413  -35.756  -35.756
7.24463  -35.0042  -35.0042
7.2551  -34.467  -34.467
7.26554  -34.1358  -34.1358
7.27596  -33.9597  -33.9597
7.28634  -33.8677  -33.8677
7.2967  -33.7906  -33.7906
7.30703  -33.6769  -33.6769
7.31734  -33.5008  -33.5008
7.32761  -33.2622  -33.2622
7.33786  -32.9794  -32.9794
7.34807  -32.6777  -32.6777
7.35826  -32.3776  -32.3776
7.36842  -32.0873  -32.0873
7.37856  -31.8019  -31.8019
7.38866  -31.5064  -31.5064
7.39874  -31.1835  -31.1835
7.40878  -30.821  -30.821
7.4188  -30.4187  -30.4187
7.42879  -29.9932  -29.9932
7.43876  -29.58  -29.58
7.44869  -29.2261  -29.2261
7.45859  -28.9762  -28.9762
7.46847  -28.8517  -28.8517
7.47831  -28.8339  -28.8339
7.48813  -28.8592  -28.8592
7.49792  -28.8318  -28.8318
7.50768  -28.6522  -28.6522
7.51741  -28.2507  -28.2507
7.52711  -27.6144  -27.6144
7.53679  -26.7953  -26.7953
7.54643  -25.8961  -25.8961
7.55605  -25.0373  -25.0373
7.56563  -24.3188  -24.3188
7.57519  -23.7909  -23.7909
7.58472  -23.4473  -23.4473
7.59421  -23.2389  -23.2389
7.60368  -23.1009  -23.1009
7.61312  -22.9769  -22.9769
7.62253  -22.8298  -22.8298
7.63191  -22.6392  -22.6392
7.64126  -22.393  -22.393
7.65059  -22.0827  -22.0827
7.65988  -21.7058  -21.7058
7.66914  -21.2718  -21.2718
7.67837  -20.8058  -20.8058
7.68758  -20.342  -20.342
7.69675  -19.9129  -19.9129
7.7059  -19.5377  -19.5377
7.71501  -19.2175  -19.2175
7.7241  -18.9399  -18.9399
7.73315  -18.6868  -18.6868
7.74218  -18.4409  -18.4409
7.75117  -18.1855  -18.1855
7.76014  -17.9003  -17.9003
7.76907  -17.5603  -17.5603
7.77798  -17.1419  -17.1419
7.78686  -16.6345  -16.6345
7.7957  -16.0514  -16.0514
7.80452  -15.4291  -15.4291
7.8133  -14.8142  -14.8142
7.82206  -14.2458  -14.2458
7.83078  -13.7417  -13.7417
7.83948  -13.297  -13.297
7.84814  -12.8927  -12.8927
7.85678  -12.507  -12.507
7.86538  -12.1233  -12.1233
7.87396  -11.7322  -11.7322
7.8825  -11.33  -11.33
7.89101  -10.9182  -10.9182
7.8995  -10.5018  -10.5018
7.90795  -10.0884  -10.0884
7.91637  -9.68557  -9.68557
7.92476  -9.29766  -9.29766
7.93312  -8.92296  -8.92296
7.94145  -8.55387  -8.55387
7.94975  -8.17953  -8.17953
7.95802  -7.79028  -7.79028
7.96626  -7.38198  -7.38198
7.97447  -6.95826  -6.95826
7.98264  -6.52929  -6.52929
7.99079  -6.10712  -6.10712
7.99891  -5.69971  -5.69971
8.00699  -5.30662  -5.30662
8.01504  -4.91874  -4.91874
8.02307  -4.52247  -4.52247
8.03106  -4.10604  -4.10604
8.03902  -3.66479  -3.66479
8.04695  -3.20301  -3.20301
8.05485  -2.73214  -2.73214
8.06271  -2.26709  -2.26709
8.07055  -1.82286  -1.82286
8.07836  -1.41283  -1.41283
8.08613  -1.04833  -1.04833
8.09387  -0.738354  -0.738354
8.10159  -0.488702  -0.488702
8.10927  -0.300535  -0.300535
8.11692  -0.169528  -0.169528
8.12454  -0.0864282  -0.0864282
8.13212  -0.0391222  -0.0391222
8.13968  -0.0153774  -0.0153774
8.1472  -0.00510105  -0.00510105
8.15469  -0.00138129  -0.00138129
8.16216  -0.000303317  -0.000303317
8.16959  -6.80931e-05  -6.80931e-05
8.17698  -3.07385e-05  -3.07385e-05
8.18435  -2.3528e-05  -2.3528e-05
8.19169  -1.86418e-05  -1.86418e-05
8.19899  -1.35961e-05  -1.35961e-05
8.20626  -8.64726e-06  -8.64726e-06
8.2135  -4.77327e-06  -4.77327e-06
8.22071  -2.53314e-06  -2.53314e-06
8.22789  -1.56332e-06  -1.56332e-06
8.23503  -1.18782e-06  -1.18782e-06
8.24215  -9.89935e-07  -9.89935e-07
8.24923  -8.27392e-07  -8.27392e-07
8.25628  -6.6064e-07  -6.6064e-07
8.2633  -4.88695e-07  -4.88695e-07
8.27028  -3.39858e-07  -3.39858e-07
8.27724  -2.38721e-07  -2.38721e-07
8.28416  -1.81917e-07  -1.81917e-07
8.29105  -1.50475e-07  -1.50475e-07
8.29791  -1.2979e-07  -1.2979e-07
8.30474  -1.1272e-07  -1.1272e-07
8.31153  -9.53113e-08  -9.53113e-08
8.31829  -7.67932e-08  -7.67932e-08
8.32502  -5.9868e-08  -5.9868e-08
8.33172  -4.72716e-08  -4.72716e-08
8.33839  -3.90386e-08  -3.90386e-08
8.34502  -3.36033e-08  -3.36033e-08
8.35162  -2.97064e-08  -2.97064e-08
8.35819  -2.65151e-08  -2.65151e-08
8.36473  -2.32779e-08  -2.32779e-08
8.37124  -1.97523e-08  -1.97523e-08
8.37771  -1.64082e-08  -1.64082e-08
8.38415  -1.377e-08  -1.377e-08
8.39056  -1.18753e-08  -1.18753e-08
8.39694  -1.04907e-08  -1.04907e-08
8.40328  -9.44814e-09  -9.44814e-09
8.40959  -8.59964e-09  -8.59964e-09
8.41587  -7.74435e-09  -7.74435e-09
8.42212  -6.7952e-09  -6.7952e-09
8.42833  -5.86888e-09  -5.86888e-09
8.43451  -5.10936e-09  -5.10936e-09
8.44066  -4.53089e-09  -4.53089e-09
8.44678  -4.07943e-09  -4.07943e-09
8.45286  -3.72646e-09  -3.72646e-09
8.45891  -3.44004e-09  -3.44004e-09
8.46493  -3.15411e-09  -3.15411e-09
8.47092  -2.8316e-09  -2.8316e-09
8.47687  -2.50865e-09  -2.50865e-09
8.48279  -2.2371e-09  -2.2371e-09
8.48868  -2.02336e-09  -2.02336e-09
8.49453  -1.84865e-09  -1.84865e-09
8.50036  -1.70688e-09  -1.70688e-09
8.50615  -1.59192e-09  -1.59192e-09
8.5119  -1.47905e-09  -1.47905e-09
8.51763  -1.34964e-09  -1.34964e-09
8.52332  -1.21632e-09  -1.21632e-09
8.52898  -1.10252e-09  -1.10252e-09
8.5346  -1.01207e-09  -1.01207e-09
8.54019  -9.35478e-10  -9.35478e-10
8.54575  -8.70504e-10  -8.70504e-10
8.55128  -8.1781e-10  -8.1781e-10
8.55677  -7.67595e-10  -7.67595e-10
8.56223  -7.08863e-10  -7.08863e-10
8.56766  -6.4606e-10  -6.4606e-10
8.57306  -5.92113e-10  -5.92113e-10
8.57842  -5.49899e-10  -5.49899e-10
8.58375  -5.13056e-10  -5.13056e-10
8.58904  -4.79878e-10  -4.79878e-10
8.59431  -4.53018e-10  -4.53018e-10
8.59953  -4.28716e-10  -4.28716e-10
8.60473  -3.99464e-10  -3.99464e-10
8.60989  -3.6647e-10  -3.6647e-10
8.61502  -3.38208e-10  -3.38208e-10
8.62012  -3.17131e-10  -3.17131e-10
8.62518  -2.98148e-10  -2.98148e-10
8.63021  -2.79536e-10  -2.79536e-10
8.63521  -2.64576e-10  -2.64576e-10
8.64017  -2.52185e-10  -2.52185e-10
8.6451  -2.36564e-10  -2.36564e-10
8.65  -2.17505e-10  -2.17505e-10
8.65486  -2.01398e-10  -2.01398e-10
8.65969  -1.90469e-10  -1.90469e-10
8.66449  -1.80209e-10  -1.80209e-10
8.66925  -1.68825e-10  -1.68825e-10
8.67398  -1.59831e-10  -1.59831e-10
8.67868  -1.53419e-10  -1.53419e-10
8.68334  -1.44647e-10  -1.44647e-10
8.68797  -1.32644e-10  -1.32644e-10
8.69257  -1.22768e-10  -1.22768e-10
8.69713  -1.17108e-10  -1.17108e-10
8.70166  -1.11411e-10  -1.11411e-10
8.70616  -1.03846e-10  -1.03846e-10
8.71062  -9.806e-11  -9.806e-11
8.71505  -9.48905e-11  -9.48905e-11
8.71944  -8.98101e-11  -8.98101e-11
8.7238  -8.16094e-11  -8.16094e-11
8.72813  -7.51481e-11  -7.51481e-11
8.73242  -7.24259e-11  -7.24259e-11
8.73668  -6.92638e-11  -6.92638e-11
8.74091  -6.38101e-11  -6.38101e-11
8.7451  -5.98533e-11  -5.98533e-11
8.74926  -5.85827e-11  -5.85827e-11
8.75339  -5.56164e-11  -5.56164e-11
8.75748  -4.95578e-11  -4.95578e-11
8.76154  -4.50761e-11  -4.50761e-11
8.76556  -4.41184e-11  -4.41184e-11
8.76955  -4.24425e-11  -4.24425e-11
8.77351  -3.81833e-11  -3.81833e-11
8.77743  -3.53247e-11  -3.53247e-11
8.78132  -3.52633e-11  -3.52633e-11
8.78517  -3.35782e-11  -3.35782e-11
8.789  -2.87532e-11  -2.87532e-11
8.79278  -2.54766e-11  -2.54766e-11
8.79654  -2.56728e-11  -2.56728e-11
8.80025  -2.49174e-11  -2.49174e-11
8.80394  -2.13261e-11  -2.13261e-11
8.80759  -1.91572e-11  -1.91572e-11
8.81121  -1.9948e-11  -1.9948e-11
8.81479  -1.90851e-11  -1.90851e-11
8.81834  -1.49594e-11  -1.49594e-11
8.82186  -1.2449e-11  -1.2449e-11
8.82534  -1.34841e-11  -1.34841e-11
8.82879  -1.33353e-11  -1.33353e-11
8.8322  -1.00839e-11  -1.00839e-11
8.83558  -8.36748e-12  -8.36748e-12
8.83893  -9.83803e-12  -9.83803e-12
8.84224  -9.53845e-12  -9.53845e-12
8.84551  -5.77e-12  -5.77e-12
8.84876  -3.76745e-12  -3.76745e-12
8.85197  -5.497e-12  -5.497e-12
8.85514  -5.78057e-12  -5.78057e-12
8.85828  -2.64243e-12  -2.64243e-12
8.86139  -1.2376e-12  -1.2376e-12
8.86446  -3.33156e-12  -3.33156e-12
8.8675  -3.45097e-12  -3.45097e-12
8.8705  2.04966e-13  2.04966e-13
8.87347  1.8548e-12  1.8548e-12
8.87641  -5.38233e-13  -5.38233e-13
8.87931  -1.16385e-12  -1.16385e-12
8.88218  2.04144e-12  2.04144e-12
8.88501  3.21663e-12  3.21663e-12
8.88781  4.66389e-13  4.66389e-13
8.89057  0  0
8.8933  0  0
8.896  0  0
8.89866  0  0
8.90129  0  0
8.90388  0  0
8.90644  0  0
8.90896  0  0
8.91145  0  0
8.91391  0  0
8.91633  0  0
8.91872  0  0
8.92107  0  0
8.92339  0  0
8.92567  0  0
8.92792  0  0
8.93014  0  0
8.93232  0  0
8.93446  0  0
8.93657  0  0
8.93865  0  0
8.94069  0  0
8.9427  0  0
8.94467  0  0
8.94661  0  0
8.94852  0  0
8.95039  0  0
8.95222  0  0
8.95403  0  0
8.95579  0  0
8.95752  0  0
8.95922  0  0
8.96088  0  0
8.96251  0  0
8.96411  0  0
8.96567  0  0
8.96719  0  0
8.96868  0  0
8.97014  0  0
8.97156  0  0
8.97294  0  0
8.9743  0  0
8.97561  0  0
8.9769  0  0
8.97814  0  0
8.97936  0  0
8.98054  0  0
8.98168  0  0
8.98279  0  0
8.98387  0  0
8.98491  0  0
8.98591  0  0
8.98688  0  0
8.98782  0  0
8.98872  0  0
8.98959  0  0
8.99042  0  0
8.99122  0  0
8.99198  0  0
8.99271  0  0
8.9934  0  0
8.99406  0  0
8.99469  0  0
8.99528  0  0
8.99583  0  0
8.99635  0  0
8.99684  0  0
8.99729  0  0
8.99771  0  0
8.99809  0  0
8.99843  0  0
8.99875  0  0
8.99902  0  0
8.99927  0  0
8.99948  0  0
8.99965  0  0
8.99979  0  0
8.99989  0  0
8.99996  0  0
9  0  0
