-22  2.05587e-11  2.05587e-11
-22  -2.811e-11  -2.811e-11
-21.9999  -2.92513e-11  -2.92513e-11
-21.9999  -2.92602e-11  -2.92602e-11
-21.9998  -2.9071e-11  -2.9071e-11
-21.9997  -2.88885e-11  -2.88885e-11
-21.9996  -2.8785e-11  -2.8785e-11
-21.9994  -2.8761e-11  -2.8761e-11
-21.9992  -2.87868e-11  -2.87868e-11
-21.999  -2.88285e-11  -2.88285e-11
-21.9988  -2.88591e-11  -2.88591e-11
-21.9986  -2.88631e-11  -2.88631e-11
-21.9983  -2.8844e-11  -2.8844e-11
-21.9981  -2.88205e-11  -2.88205e-11
-21.9978  -2.88099e-11  -2.88099e-11
-21.9975  -2.88178e-11  -2.88178e-11
-21.9971  -2.88383e-11  -2.88383e-11
-21.9968  -2.88596e-11  -2.88596e-11
-21.9964  -2.88725e-11  -2.88725e-11
-21.996  -2.8872e-11  -2.8872e-11
-21.9955  -2.88631e-11  -2.88631e-11
-21.9951  -2.88574e-11  -2.88574e-11
-21.9946  -2.8864e-11  -2.8864e-11
-21.9941  -2.88836e-11  -2.88836e-11
-21.9936  -2.89089e-11  -2.89089e-11
-21.9931  -2.89315e-11  -2.89315e-11
-21.9926  -2.89449e-11  -2.89449e-11
-21.992  -2.89484e-11  -2.89484e-11
-21.9914  -2.89484e-11  -2.89484e-11
-21.9908  -2.89546e-11  -2.89546e-11
-21.9901  -2.89737e-11  -2.89737e-11
-21.9895  -2.90039e-11  -2.90039e-11
-21.9888  -2.90381e-11  -2.90381e-11
-21.9881  -2.90674e-11  -2.90674e-11
-21.9874  -2.9087e-11  -2.9087e-11
-21.9866  -2.90981e-11  -2.90981e-11
-21.9859  -2.91083e-11  -2.91083e-11
-21.9851  -2.91274e-11  -2.91274e-11
-21.9843  -2.91602e-11  -2.91602e-11
-21.9835  -2.92033e-11  -2.92033e-11
-21.9826  -2.92486e-11  -2.92486e-11
-21.9817  -2.92881e-11  -2.92881e-11
-21.9809  -2.93174e-11  -2.93174e-11
-21.9799  -2.93397e-11  -2.93397e-11
-21.979  -2.93627e-11  -2.93627e-11
-21.9781  -2.93965e-11  -2.93965e-11
-21.9771  -2.94449e-11  -2.94449e-11
-21.9761  -2.95031e-11  -2.95031e-11
-21.9751  -2.95626e-11  -2.95626e-11
-21.974  -2.9615e-11  -2.9615e-11
-21.973  -2.96572e-11  -2.96572e-11
-21.9719  -2.96931e-11  -2.96931e-11
-21.9708  -2.97318e-11  -2.97318e-11
-21.9697  -2.97829e-11  -2.97829e-11
-21.9685  -2.98495e-11  -2.98495e-11
-21.9674  -2.99254e-11  -2.99254e-11
-21.9662  -3.00022e-11  -3.00022e-11
-21.965  -3.00706e-11  -3.00706e-11
-21.9637  -3.01284e-11  -3.01284e-11
-21.9625  -3.01812e-11  -3.01812e-11
-21.9612  -3.0238e-11  -3.0238e-11
-21.9599  -3.03091e-11  -3.03091e-11
-21.9586  -3.03961e-11  -3.03961e-11
-21.9573  -3.0493e-11  -3.0493e-11
-21.9559  -3.05898e-11  -3.05898e-11
-21.9545  -3.06772e-11  -3.06772e-11
-21.9531  -3.07541e-11  -3.07541e-11
-21.9517  -3.0826e-11  -3.0826e-11
-21.9503  -3.09046e-11  -3.09046e-11
-21.9488  -3.09983e-11  -3.09983e-11
-21.9473  -3.11089e-11  -3.11089e-11
-21.9458  -3.12297e-11  -3.12297e-11
-21.9443  -3.13487e-11  -3.13487e-11
-21.9427  -3.14584e-11  -3.14584e-11
-21.9412  -3.15574e-11  -3.15574e-11
-21.9396  -3.1652e-11  -3.1652e-11
-21.938  -3.17551e-11  -3.17551e-11
-21.9364  -3.18745e-11  -3.18745e-11
-21.9347  -3.20122e-11  -3.20122e-11
-21.933  -3.21596e-11  -3.21596e-11
-21.9313  -3.23048e-11  -3.23048e-11
-21.9296  -3.24398e-11  -3.24398e-11
-21.9279  -3.25637e-11  -3.25637e-11
-21.9261  -3.26845e-11  -3.26845e-11
-21.9243  -3.28147e-11  -3.28147e-11
-21.9225  -3.29634e-11  -3.29634e-11
-21.9207  -3.31308e-11  -3.31308e-11
-21.9189  -3.33085e-11  -3.33085e-11
-21.917  -3.34834e-11  -3.34834e-11
-21.9151  -3.36469e-11  -3.36469e-11
-21.9132  -3.37992e-11  -3.37992e-11
-21.9113  -3.39493e-11  -3.39493e-11
-21.9093  -3.41105e-11  -3.41105e-11
-21.9074  -3.42917e-11  -3.42917e-11
-21.9054  -3.44929e-11  -3.44929e-11
-21.9034  -3.47043e-11  -3.47043e-11
-21.9013  -3.49116e-11  -3.49116e-11
-21.8993  -3.51075e-11  -3.51075e-11
-21.8972  -3.52918e-11  -3.52918e-11
-21.8951  -3.54747e-11  -3.54747e-11
-21.893  -3.56706e-11  -3.56706e-11
-21.8909  -3.58877e-11  -3.58877e-11
-21.8887  -3.61262e-11  -3.61262e-11
-21.8865  -3.63749e-11  -3.63749e-11
-21.8843  -3.66192e-11  -3.66192e-11
-21.8821  -3.6851e-11  -3.6851e-11
-21.8799  -3.70708e-11  -3.70708e-11
-21.8776  -3.72906e-11  -3.72906e-11
-21.8753  -3.75247e-11  -3.75247e-11
-21.873  -3.77822e-11  -3.77822e-11
-21.8707  -3.8062e-11  -3.8062e-11
-21.8683  -3.83516e-11  -3.83516e-11
-21.866  -3.86367e-11  -3.86367e-11
-21.8636  -3.8908e-11  -3.8908e-11
-21.8611  -3.91678e-11  -3.91678e-11
-21.8587  -3.94285e-11  -3.94285e-11
-21.8563  -3.97047e-11  -3.97047e-11
-21.8538  -4.00067e-11  -4.00067e-11
-21.8513  -4.03317e-11  -4.03317e-11
-21.8488  -4.0667e-11  -4.0667e-11
-21.8462  -4.0997e-11  -4.0997e-11
-21.8437  -4.13123e-11  -4.13123e-11
-21.8411  -4.16165e-11  -4.16165e-11
-21.8385  -4.19216e-11  -4.19216e-11
-21.8359  -4.22449e-11  -4.22449e-11
-21.8332  -4.25953e-11  -4.25953e-11
-21.8306  -4.29705e-11  -4.29705e-11
-21.8279  -4.3356e-11  -4.3356e-11
-21.8252  -4.37352e-11  -4.37352e-11
-21.8224  -4.40994e-11  -4.40994e-11
-21.8197  -4.4452e-11  -4.4452e-11
-21.8169  -4.48068e-11  -4.48068e-11
-21.8141  -4.51812e-11  -4.51812e-11
-21.8113  -4.55853e-11  -4.55853e-11
-21.8085  -4.60156e-11  -4.60156e-11
-21.8056  -4.64562e-11  -4.64562e-11
-21.8028  -4.68896e-11  -4.68896e-11
-21.7999  -4.73075e-11  -4.73075e-11
-21.7969  -4.77134e-11  -4.77134e-11
-21.794  -4.81228e-11  -4.81228e-11
-21.791  -4.85541e-11  -4.85541e-11
-21.7881  -4.90168e-11  -4.90168e-11
-21.7851  -4.95066e-11  -4.95066e-11
-21.782  -5.00076e-11  -5.00076e-11
-21.779  -5.05009e-11  -5.05009e-11
-21.7759  -5.09775e-11  -5.09775e-11
-21.7728  -5.1442e-11  -5.1442e-11
-21.7697  -5.19114e-11  -5.19114e-11
-21.7666  -5.24043e-11  -5.24043e-11
-21.7635  -5.29314e-11  -5.29314e-11
-21.7603  -5.3487e-11  -5.3487e-11
-21.7571  -5.40541e-11  -5.40541e-11
-21.7539  -5.46128e-11  -5.46128e-11
-21.7507  -5.51537e-11  -5.51537e-11
-21.7474  -5.5683e-11  -5.5683e-11
-21.7441  -5.62177e-11  -5.62177e-11
-21.7408  -5.67786e-11  -5.67786e-11
-21.7375  -5.73759e-11  -5.73759e-11
-21.7342  -5.80034e-11  -5.80034e-11
-21.7308  -5.86424e-11  -5.86424e-11
-21.7275  -5.92726e-11  -5.92726e-11
-21.7241  -5.98846e-11  -5.98846e-11
-21.7206  -6.04841e-11  -6.04841e-11
-21.7172  -6.10907e-11  -6.10907e-11
-21.7137  -6.17257e-11  -6.17257e-11
-21.7102  -6.23999e-11  -6.23999e-11
-21.7067  -6.31055e-11  -6.31055e-11
-21.7032  -6.38236e-11  -6.38236e-11
-21.6997  -6.45324e-11  -6.45324e-11
-21.6961  -6.52212e-11  -6.52212e-11
-21.6925  -6.58984e-11  -6.58984e-11
-21.6889  -6.65836e-11  -6.65836e-11
-21.6853  -6.73e-11  -6.73e-11
-21.6816  -6.80576e-11  -6.80576e-11
-21.678  -6.88494e-11  -6.88494e-11
-21.6743  -6.96532e-11  -6.96532e-11
-21.6705  -7.04472e-11  -7.04472e-11
-21.6668  -7.12208e-11  -7.12208e-11
-21.6631  -7.19824e-11  -7.19824e-11
-21.6593  -7.27543e-11  -7.27543e-11
-21.6555  -7.35589e-11  -7.35589e-11
-21.6517  -7.4408e-11  -7.4408e-11
-21.6478  -7.52931e-11  -7.52931e-11
-21.644  -7.61915e-11  -7.61915e-11
-21.6401  -7.70788e-11  -7.70788e-11
-21.6362  -7.79448e-11  -7.79448e-11
-21.6323  -7.87992e-11  -7.87992e-11
-21.6283  -7.96647e-11  -7.96647e-11
-21.6244  -8.05662e-11  -8.05662e-11
-21.6204  -8.15157e-11  -8.15157e-11
-21.6164  -8.25025e-11  -8.25025e-11
-21.6123  -8.35034e-11  -8.35034e-11
-21.6083  -8.44929e-11  -8.44929e-11
-21.6042  -8.54601e-11  -8.54601e-11
-21.6001  -8.64153e-11  -8.64153e-11
-21.596  -8.73839e-11  -8.73839e-11
-21.5919  -8.83915e-11  -8.83915e-11
-21.5877  -8.94498e-11  -8.94498e-11
-21.5836  -9.0548e-11  -9.0548e-11
-21.5794  -9.16609e-11  -9.16609e-11
-21.5752  -9.27618e-11  -9.27618e-11
-21.5709  -9.38396e-11  -9.38396e-11
-21.5667  -9.49059e-11  -9.49059e-11
-21.5624  -9.59868e-11  -9.59868e-11
-21.5581  -9.71099e-11  -9.71099e-11
-21.5538  -9.82872e-11  -9.82872e-11
-21.5494  -9.95071e-11  -9.95071e-11
-21.5451  -1.00742e-10  -1.00742e-10
-21.5407  -1.01965e-10  -1.01965e-10
-21.5363  -1.03164e-10  -1.03164e-10
-21.5319  -1.04351e-10  -1.04351e-10
-21.5274  -1.05555e-10  -1.05555e-10
-21.523  -1.06804e-10  -1.06804e-10
-21.5185  -1.08112e-10  -1.08112e-10
-21.514  -1.09464e-10  -1.09464e-10
-21.5095  -1.10833e-10  -1.10833e-10
-21.5049  -1.12189e-10  -1.12189e-10
-21.5004  -1.1352e-10  -1.1352e-10
-21.4958  -1.14839e-10  -1.14839e-10
-21.4912  -1.16178e-10  -1.16178e-10
-21.4865  -1.17566e-10  -1.17566e-10
-21.4819  -1.19015e-10  -1.19015e-10
-21.4772  -1.20513e-10  -1.20513e-10
-21.4725  -1.22028e-10  -1.22028e-10
-21.4678  -1.23529e-10  -1.23529e-10
-21.4631  -1.25004e-10  -1.25004e-10
-21.4583  -1.26469e-10  -1.26469e-10
-21.4536  -1.27955e-10  -1.27955e-10
-21.4488  -1.29493e-10  -1.29493e-10
-21.4439  -1.31098e-10  -1.31098e-10
-21.4391  -1.32755e-10  -1.32755e-10
-21.4343  -1.34429e-10  -1.34429e-10
-21.4294  -1.36089e-10  -1.36089e-10
-21.4245  -1.37723e-10  -1.37723e-10
-21.4196  -1.39346e-10  -1.39346e-10
-21.4146  -1.40993e-10  -1.40993e-10
-21.4097  -1.42697e-10  -1.42697e-10
-21.4047  -1.44472e-10  -1.44472e-10
-21.3997  -1.46302e-10  -1.46302e-10
-21.3947  -1.48151e-10  -1.48151e-10
-21.3896  -1.49986e-10  -1.49986e-10
-21.3846  -1.51793e-10  -1.51793e-10
-21.3795  -1.5359e-10  -1.5359e-10
-21.3744  -1.55413e-10  -1.55413e-10
-21.3692  -1.57299e-10  -1.57299e-10
-21.3641  -1.5926e-10  -1.5926e-10
-21.3589  -1.61279e-10  -1.61279e-10
-21.3537  -1.6332e-10  -1.6332e-10
-21.3485  -1.65345e-10  -1.65345e-10
-21.3433  -1.67342e-10  -1.67342e-10
-21.3381  -1.6933e-10  -1.6933e-10
-21.3328  -1.71347e-10  -1.71347e-10
-21.3275  -1.7343e-10  -1.7343e-10
-21.3222  -1.75595e-10  -1.75595e-10
-21.3169  -1.77823e-10  -1.77823e-10
-21.3115  -1.80073e-10  -1.80073e-10
-21.3061  -1.82307e-10  -1.82307e-10
-21.3007  -1.84513e-10  -1.84513e-10
-21.2953  -1.86709e-10  -1.86709e-10
-21.2899  -1.88939e-10  -1.88939e-10
-21.2845  -1.9124e-10  -1.9124e-10
-21.279  -1.93629e-10  -1.93629e-10
-21.2735  -1.96084e-10  -1.96084e-10
-21.268  -1.98564e-10  -1.98564e-10
-21.2624  -2.01028e-10  -2.01028e-10
-21.2569  -2.03462e-10  -2.03462e-10
-21.2513  -2.05889e-10  -2.05889e-10
-21.2457  -2.08351e-10  -2.08351e-10
-21.2401  -2.10891e-10  -2.10891e-10
-21.2344  -2.13525e-10  -2.13525e-10
-21.2288  -2.16231e-10  -2.16231e-10
-21.2231  -2.18963e-10  -2.18963e-10
-21.2174  -2.21679e-10  -2.21679e-10
-21.2117  -2.24365e-10  -2.24365e-10
-21.206  -2.27043e-10  -2.27043e-10
-21.2002  -2.29762e-10  -2.29762e-10
-21.1944  -2.32565e-10  -2.32565e-10
-21.1886  -2.35469e-10  -2.35469e-10
-21.1828  -2.38449e-10  -2.38449e-10
-21.1769  -2.41458e-10  -2.41458e-10
-21.1711  -2.44451e-10  -2.44451e-10
-21.1652  -2.47414e-10  -2.47414e-10
-21.1593  -2.5037e-10  -2.5037e-10
-21.1534  -2.53371e-10  -2.53371e-10
-21.1474  -2.56463e-10  -2.56463e-10
-21.1415  -2.59663e-10  -2.59663e-10
-21.1355  -2.62946e-10  -2.62946e-10
-21.1295  -2.66259e-10  -2.66259e-10
-21.1234  -2.69557e-10  -2.69557e-10
-21.1174  -2.72824e-10  -2.72824e-10
-21.1113  -2.76087e-10  -2.76087e-10
-21.1052  -2.79398e-10  -2.79398e-10
-21.0991  -2.82808e-10  -2.82808e-10
-21.093  -2.86335e-10  -2.86335e-10
-21.0869  -2.89951e-10  -2.89951e-10
-21.0807  -2.93601e-10  -2.93601e-10
-21.0745  -2.97235e-10  -2.97235e-10
-21.0683  -3.00837e-10  -3.00837e-10
-21.0621  -3.04437e-10  -3.04437e-10
-21.0558  -3.08091e-10  -3.08091e-10
-21.0496  -3.11853e-10  -3.11853e-10
-21.0433  -3.15739e-10  -3.15739e-10
-21.0369  -3.19722e-10  -3.19722e-10
-21.0306  -3.23742e-10  -3.23742e-10
-21.0243  -3.27747e-10  -3.27747e-10
-21.0179  -3.3172e-10  -3.3172e-10
-21.0115  -3.35693e-10  -3.35693e-10
-21.0051  -3.39726e-10  -3.39726e-10
-20.9987  -3.43875e-10  -3.43875e-10
-20.9922  -3.48159e-10  -3.48159e-10
-20.9857  -3.52547e-10  -3.52547e-10
-20.9792  -3.56977e-10  -3.56977e-10
-20.9727  -3.61391e-10  -3.61391e-10
-20.9662  -3.65774e-10  -3.65774e-10
-20.9596  -3.70159e-10  -3.70159e-10
-20.9531  -3.74611e-10  -3.74611e-10
-20.9465  -3.79188e-10  -3.79188e-10
-20.9399  -3.83912e-10  -3.83912e-10
-20.9332  -3.88748e-10  -3.88748e-10
-20.9266  -3.9363e-10  -3.9363e-10
-20.9199  -3.98498e-10  -3.98498e-10
-20.9132  -4.03335e-10  -4.03335e-10
-20.9065  -4.08177e-10  -4.08177e-10
-20.8998  -4.13092e-10  -4.13092e-10
-20.893  -4.18145e-10  -4.18145e-10
-20.8862  -4.23355e-10  -4.23355e-10
-20.8794  -4.28688e-10  -4.28688e-10
-20.8726  -4.34071e-10  -4.34071e-10
-20.8658  -4.39441e-10  -4.39441e-10
-20.8589  -4.44782e-10  -4.44782e-10
-20.8521  -4.5013e-10  -4.5013e-10
-20.8452  -4.5556e-10  -4.5556e-10
-20.8382  -4.6114e-10  -4.6114e-10
-20.8313  -4.6689e-10  -4.6689e-10
-20.8243  -4.72773e-10  -4.72773e-10
-20.8174  -4.78713e-10  -4.78713e-10
-20.8104  -4.84641e-10  -4.84641e-10
-20.8034  -4.90541e-10  -4.90541e-10
-20.7963  -4.96452e-10  -4.96452e-10
-20.7893  -5.02455e-10  -5.02455e-10
-20.7822  -5.08619e-10  -5.08619e-10
-20.7751  -5.1497e-10  -5.1497e-10
-20.768  -5.21466e-10  -5.21466e-10
-20.7608  -5.28024e-10  -5.28024e-10
-20.7537  -5.34573e-10  -5.34573e-10
-20.7465  -5.41094e-10  -5.41094e-10
-20.7393  -5.47633e-10  -5.47633e-10
-20.7321  -5.54273e-10  -5.54273e-10
-20.7249  -5.6109e-10  -5.6109e-10
-20.7176  -5.68109e-10  -5.68109e-10
-20.7103  -5.75286e-10  -5.75286e-10
-20.703  -5.82533e-10  -5.82533e-10
-20.6957  -5.89774e-10  -5.89774e-10
-20.6884  -5.96989e-10  -5.96989e-10
-20.681  -6.04228e-10  -6.04228e-10
-20.6736  -6.11579e-10  -6.11579e-10
-20.6663  -6.19123e-10  -6.19123e-10
-20.6588  -6.26888e-10  -6.26888e-10
-20.6514  -6.34826e-10  -6.34826e-10
-20.6439  -6.42842e-10  -6.42842e-10
-20.6365  -6.50855e-10  -6.50855e-10
-20.629  -6.58846e-10  -6.58846e-10
-20.6215  -6.66867e-10  -6.66867e-10
-20.6139  -6.75013e-10  -6.75013e-10
-20.6064  -6.83372e-10  -6.83372e-10
-20.5988  -6.91971e-10  -6.91971e-10
-20.5912  -7.00759e-10  -7.00759e-10
-20.5836  -7.09636e-10  -7.09636e-10
-20.5759  -7.18514e-10  -7.18514e-10
-20.5683  -7.27373e-10  -7.27373e-10
-20.5606  -7.36271e-10  -7.36271e-10
-20.5529  -7.4531e-10  -7.4531e-10
-20.5452  -7.54581e-10  -7.54581e-10
-20.5375  -7.64115e-10  -7.64115e-10
-20.5297  -7.73857e-10  -7.73857e-10
-20.522  -7.83698e-10  -7.83698e-10
-20.5142  -7.93547e-10  -7.93547e-10
-20.5063  -8.03381e-10  -8.03381e-10
-20.4985  -8.13265e-10  -8.13265e-10
-20.4907  -8.23306e-10  -8.23306e-10
-20.4828  -8.33603e-10  -8.33603e-10
-20.4749  -8.44187e-10  -8.44187e-10
-20.467  -8.55001e-10  -8.55001e-10
-20.4591  -8.65928e-10  -8.65928e-10
-20.4511  -8.76867e-10  -8.76867e-10
-20.4431  -8.878e-10  -8.878e-10
-20.4351  -8.98794e-10  -8.98794e-10
-20.4271  -9.09965e-10  -9.09965e-10
-20.4191  -9.21419e-10  -9.21419e-10
-20.4111  -9.33187e-10  -9.33187e-10
-20.403  -9.45209e-10  -9.45209e-10
-20.3949  -9.5736e-10  -9.5736e-10
-20.3868  -9.69531e-10  -9.69531e-10
-20.3787  -9.81704e-10  -9.81704e-10
-20.3705  -9.93953e-10  -9.93953e-10
-20.3623  -1.0064e-09  -1.0064e-09
-20.3542  -1.01916e-09  -1.01916e-09
-20.346  -1.03227e-09  -1.03227e-09
-20.3377  -1.04566e-09  -1.04566e-09
-20.3295  -1.05919e-09  -1.05919e-09
-20.3212  -1.07276e-09  -1.07276e-09
-20.3129  -1.08634e-09  -1.08634e-09
-20.3046  -1.10001e-09  -1.10001e-09
-20.2963  -1.11391e-09  -1.11391e-09
-20.288  -1.12815e-09  -1.12815e-09
-20.2796  -1.14278e-09  -1.14278e-09
-20.2712  -1.15772e-09  -1.15772e-09
-20.2628  -1.17282e-09  -1.17282e-09
-20.2544  -1.18797e-09  -1.18797e-09
-20.2459  -1.20315e-09  -1.20315e-09
-20.2375  -1.21844e-09  -1.21844e-09
-20.229  -1.23399e-09  -1.23399e-09
-20.2205  -1.24993e-09  -1.24993e-09
-20.212  -1.26628e-09  -1.26628e-09
-20.2034  -1.28299e-09  -1.28299e-09
-20.1949  -1.29988e-09  -1.29988e-09
-20.1863  -1.31684e-09  -1.31684e-09
-20.1777  -1.33383e-09  -1.33383e-09
-20.1691  -1.35098e-09  -1.35098e-09
-20.1605  -1.36842e-09  -1.36842e-09
-20.1518  -1.38629e-09  -1.38629e-09
-20.1431  -1.40462e-09  -1.40462e-09
-20.1344  -1.42335e-09  -1.42335e-09
-20.1257  -1.44229e-09  -1.44229e-09
-20.117  -1.46131e-09  -1.46131e-09
-20.1082  -1.48039e-09  -1.48039e-09
-20.0995  -1.49966e-09  -1.49966e-09
-20.0907  -1.51929e-09  -1.51929e-09
-20.0819  -1.53937e-09  -1.53937e-09
-20.073  -1.55998e-09  -1.55998e-09
-20.0642  -1.58102e-09  -1.58102e-09
-20.0553  -1.60233e-09  -1.60233e-09
-20.0464  -1.62372e-09  -1.62372e-09
-20.0375  -1.6452e-09  -1.6452e-09
-20.0286  -1.66693e-09  -1.66693e-09
-20.0196  -1.68908e-09  -1.68908e-09
-20.0107  -1.71173e-09  -1.71173e-09
-20.0017  -1.73496e-09  -1.73496e-09
-19.9927  -1.75869e-09  -1.75869e-09
-19.9837  -1.78272e-09  -1.78272e-09
-19.9746  -1.80686e-09  -1.80686e-09
-19.9656  -1.83111e-09  -1.83111e-09
-19.9565  -1.8557e-09  -1.8557e-09
-19.9474  -1.88078e-09  -1.88078e-09
-19.9383  -1.90643e-09  -1.90643e-09
-19.9291  -1.9327e-09  -1.9327e-09
-19.92  -1.95956e-09  -1.95956e-09
-19.9108  -1.98677e-09  -1.98677e-09
-19.9016  -2.01409e-09  -2.01409e-09
-19.8924  -2.04157e-09  -2.04157e-09
-19.8831  -2.0695e-09  -2.0695e-09
-19.8739  -2.09804e-09  -2.09804e-09
-19.8646  -2.1272e-09  -2.1272e-09
-19.8553  -2.15703e-09  -2.15703e-09
-19.846  -2.18755e-09  -2.18755e-09
-19.8367  -2.2185e-09  -2.2185e-09
-19.8273  -2.24955e-09  -2.24955e-09
-19.818  -2.28079e-09  -2.28079e-09
-19.8086  -2.31267e-09  -2.31267e-09
-19.7992  -2.34533e-09  -2.34533e-09
-19.7897  -2.37865e-09  -2.37865e-09
-19.7803  -2.41268e-09  -2.41268e-09
-19.7708  -2.44754e-09  -2.44754e-09
-19.7614  -2.48293e-09  -2.48293e-09
-19.7519  -2.51835e-09  -2.51835e-09
-19.7423  -2.55401e-09  -2.55401e-09
-19.7328  -2.59059e-09  -2.59059e-09
-19.7232  -2.62824e-09  -2.62824e-09
-19.7137  -2.66655e-09  -2.66655e-09
-19.7041  -2.70556e-09  -2.70556e-09
-19.6944  -2.74564e-09  -2.74564e-09
-19.6848  -2.78639e-09  -2.78639e-09
-19.6752  -2.827e-09  -2.827e-09
-19.6655  -2.86781e-09  -2.86781e-09
-19.6558  -2.91007e-09  -2.91007e-09
-19.6461  -2.95389e-09  -2.95389e-09
-19.6363  -2.99829e-09  -2.99829e-09
-19.6266  -3.04328e-09  -3.04328e-09
-19.6168  -3.08974e-09  -3.08974e-09
-19.607  -3.13712e-09  -3.13712e-09
-19.5972  -3.18389e-09  -3.18389e-09
-19.5874  -3.23066e-09  -3.23066e-09
-19.5776  -3.27984e-09  -3.27984e-09
-19.5677  -3.33153e-09  -3.33153e-09
-19.5578  -3.38352e-09  -3.38352e-09
-19.5479  -3.43569e-09  -3.43569e-09
-19.538  -3.49016e-09  -3.49016e-09
-19.5281  -3.54611e-09  -3.54611e-09
-19.5181  -3.60023e-09  -3.60023e-09
-19.5081  -3.65355e-09  -3.65355e-09
-19.4981  -3.71119e-09  -3.71119e-09
-19.4881  -3.77343e-09  -3.77343e-09
-19.4781  -3.83503e-09  -3.83503e-09
-19.4681  -3.8956e-09  -3.8956e-09
-19.458  -3.96051e-09  -3.96051e-09
-19.4479  -4.02851e-09  -4.02851e-09
-19.4378  -4.09143e-09  -4.09143e-09
-19.4277  -4.15065e-09  -4.15065e-09
-19.4175  -4.21832e-09  -4.21832e-09
-19.4074  -4.29558e-09  -4.29558e-09
-19.3972  -4.36908e-09  -4.36908e-09
-19.387  -4.43752e-09  -4.43752e-09
-19.3768  -4.51636e-09  -4.51636e-09
-19.3665  -4.6044e-09  -4.6044e-09
-19.3563  -4.6782e-09  -4.6782e-09
-19.346  -4.73738e-09  -4.73738e-09
-19.3357  -4.8143e-09  -4.8143e-09
-19.3254  -4.91367e-09  -4.91367e-09
-19.3151  -4.99595e-09  -4.99595e-09
-19.3047  -5.05625e-09  -5.05625e-09
-19.2943  -5.14937e-09  -5.14937e-09
-19.2839  -5.28242e-09  -5.28242e-09
-19.2735  -5.37478e-09  -5.37478e-09
-19.2631  -5.40388e-09  -5.40388e-09
-19.2527  -5.46767e-09  -5.46767e-09
-19.2422  -5.58341e-09  -5.58341e-09
-19.2317  -5.59596e-09  -5.59596e-09
-19.2212  -5.47953e-09  -5.47953e-09
-19.2107  -5.50404e-09  -5.50404e-09
-19.2002  -5.78911e-09  -5.78911e-09
-19.1896  -5.97586e-09  -5.97586e-09
-19.1791  -5.80192e-09  -5.80192e-09
-19.1685  -5.57039e-09  -5.57039e-09
-19.1579  -5.25927e-09  -5.25927e-09
-19.1472  -3.83054e-09  -3.83054e-09
-19.1366  -9.9073e-10  -9.9073e-10
-19.1259  1.01261e-09  1.01261e-09
-19.1152  7.38391e-11  7.38391e-11
-19.1045  -1.5029e-09  -1.5029e-09
-19.0938  9.53495e-10  9.53495e-10
-19.0831  9.92943e-09  9.92943e-09
-19.0723  3.24855e-08  3.24855e-08
-19.0616  8.99012e-08  8.99012e-08
-19.0508  1.9542e-07  1.9542e-07
-19.0399  3.05807e-07  3.05807e-07
-19.0291  3.31714e-07  3.31714e-07
-19.0183  2.80409e-07  2.80409e-07
-19.0074  6.30392e-07  6.30392e-07
-18.9965  3.74492e-06  3.74492e-06
-18.9856  1.89275e-05  1.89275e-05
-18.9747  7.51675e-05  7.51675e-05
-18.9638  0.000243116  0.000243116
-18.9528  0.000658752  0.000658752
-18.9418  0.00152895  0.00152895
-18.9308  0.00309424  0.00309424
-18.9198  0.00553714  0.00553714
-18.9088  0.00885435  0.00885435
-18.8977  0.0127421  0.0127421
-18.8867  0.0165521  0.0165521
-18.8756  0.0193535  0.0193535
-18.8645  0.0200932  0.0200932
-18.8534  0.0178162  0.0178162
-18.8422  0.0119025  0.0119025
-18.8311  0.00229987  0.00229987
-18.8199  -0.0102609  -0.0102609
-18.8087  -0.024116  -0.024116
-18.7975  -0.0367089  -0.0367089
-18.7862  -0.0449928  -0.0449928
-18.775  -0.0462869  -0.0462869
-18.7637  -0.0394182  -0.0394182
-18.7524  -0.0256593  -0.0256593
-18.7411  -0.00883565  -0.00883565
-18.7298  0.00574392  0.00574392
-18.7185  0.0132208  0.0132208
-18.7071  0.0110371  0.0110371
-18.6957  -0.000340513  -0.000340513
-18.6843  -0.0182119  -0.0182119
-18.6729  -0.0393201  -0.0393201
-18.6615  -0.0611941  -0.0611941
-18.6501  -0.0823108  -0.0823108
-18.6386  -0.101329  -0.101329
-18.6271  -0.116524  -0.116524
-18.6156  -0.126354  -0.126354
-18.6041  -0.130883  -0.130883
-18.5926  -0.132627  -0.132627
-18.581  -0.135499  -0.135499
-18.5694  -0.141971  -0.141971
-18.5578  -0.150338  -0.150338
-18.5462  -0.154382  -0.154382
-18.5346  -0.146311  -0.146311
-18.523  -0.121524  -0.121524
-18.5113  -0.0822973  -0.0822973
-18.4996  -0.0379669  -0.0379669
-18.4879  -0.00132529  -0.00132529
-18.4762  0.016807  0.016807
-18.4645  0.0118886  0.0118886
-18.4527  -0.0132952  -0.0132952
-18.4409  -0.0509974  -0.0509974
-18.4292  -0.0924979  -0.0924979
-18.4174  -0.13117  -0.13117
-18.4055  -0.162981  -0.162981
-18.3937  -0.184777  -0.184777
-18.3818  -0.192477  -0.192477
-18.37  -0.181359  -0.181359
-18.3581  -0.148914  -0.148914
-18.3462  -0.0983203  -0.0983203
-18.3342  -0.039659  -0.039659
-18.3223  0.0126495  0.0126495
-18.3103  0.0449857  0.0449857
-18.2983  0.0492412  0.0492412
-18.2863  0.0246667  0.0246667
-18.2743  -0.0233035  -0.0233035
-18.2623  -0.085558  -0.085558
-18.2502  -0.1515  -0.1515
-18.2382  -0.210703  -0.210703
-18.2261  -0.254778  -0.254778
-18.214  -0.279689  -0.279689
-18.2018  -0.287386  -0.287386
-18.1897  -0.285242  -0.285242
-18.1775  -0.282959  -0.282959
-18.1654  -0.288397  -0.288397
-18.1532  -0.304556  -0.304556
-18.141  -0.329034  -0.329034
-18.1287  -0.355604  -0.355604
-18.1165  -0.376504  -0.376504
-18.1042  -0.384191  -0.384191
-18.0919  -0.37219  -0.37219
-18.0797  -0.335542  -0.335542
-18.0673  -0.271581  -0.271581
-18.055  -0.181455  -0.181455
-18.0427  -0.0719916  -0.0719916
-18.0303  0.043398  0.043398
-18.0179  0.146419  0.146419
-18.0055  0.219003  0.219003
-17.9931  0.250565  0.250565
-17.9806  0.244092  0.244092
-17.9682  0.217342  0.217342
-17.9557  0.197458  0.197458
-17.9432  0.210767  0.210767
-17.9307  0.272236  0.272236
-17.9182  0.379246  0.379246
-17.9057  0.512146  0.512146
-17.8931  0.640996  0.640996
-17.8805  0.735656  0.735656
-17.8679  0.775548  0.775548
-17.8553  0.755669  0.755669
-17.8427  0.686564  0.686564
-17.8301  0.588195  0.588195
-17.8174  0.48062  0.48062
-17.8047  0.376607  0.376607
-17.792  0.280539  0.280539
-17.7793  0.193875  0.193875
-17.7666  0.122397  0.122397
-17.7538  0.0787772  0.0787772
-17.7411  0.0774214  0.0774214
-17.7283  0.124912  0.124912
-17.7155  0.213317  0.213317
-17.7027  0.321753  0.321753
-17.6898  0.425349  0.425349
-17.677  0.505493  0.505493
-17.6641  0.555152  0.555152
-17.6512  0.577565  0.577565
-17.6383  0.581294  0.581294
-17.6254  0.575507  0.575507
-17.6125  0.566839  0.566839
-17.5995  0.556824  0.556824
-17.5866  0.539482  0.539482
-17.5736  0.501058  0.501058
-17.5606  0.424491  0.424491
-17.5476  0.298179  0.298179
-17.5345  0.124335  0.124335
-17.5215  -0.0788415  -0.0788415
-17.5084  -0.283103  -0.283103
-17.4953  -0.460383  -0.460383
-17.4822  -0.591028  -0.591028
-17.4691  -0.666457  -0.666457
-17.456  -0.68755  -0.68755
-17.4428  -0.662218  -0.662218
-17.4296  -0.603601  -0.603601
-17.4165  -0.527325  -0.527325
-17.4032  -0.446395  -0.446395
-17.39  -0.365899  -0.365899
-17.3768  -0.28242  -0.28242
-17.3635  -0.190772  -0.190772
-17.3503  -0.0944165  -0.0944165
-17.337  -0.0112036  -0.0112036
-17.3237  0.0316621  0.0316621
-17.3103  0.0114851  0.0114851
-17.297  -0.076608  -0.076608
-17.2837  -0.216452  -0.216452
-17.2703  -0.379848  -0.379848
-17.2569  -0.540977  -0.540977
-17.2435  -0.686084  -0.686084
-17.2301  -0.812765  -0.812765
-17.2166  -0.921129  -0.921129
-17.2032  -1.0043  -1.0043
-17.1897  -1.04497  -1.04497
-17.1762  -1.02001  -1.02001
-17.1627  -0.910517  -0.910517
-17.1492  -0.712598  -0.712598
-17.1357  -0.444667  -0.444667
-17.1221  -0.147756  -0.147756
-17.1085  0.122833  0.122833
-17.0949  0.313452  0.313452
-17.0813  0.390448  0.390448
-17.0677  0.353054  0.353054
-17.0541  0.234092  0.234092
-17.0404  0.0873113  0.0873113
-17.0268  -0.032911  -0.032911
-17.0131  -0.0899522  -0.0899522
-16.9994  -0.0734427  -0.0734427
-16.9857  0.00425243  0.00425243
-16.9719  0.119386  0.119386
-16.9582  0.248546  0.248546
-16.9444  0.374454  0.374454
-16.9306  0.484247  0.484247
-16.9168  0.563853  0.563853
-16.903  0.594769  0.594769
-16.8892  0.557685  0.557685
-16.8753  0.442044  0.442044
-16.8615  0.255417  0.255417
-16.8476  0.0253951  0.0253951
-16.8337  -0.209175  -0.209175
-16.8198  -0.414003  -0.414003
-16.8058  -0.57369  -0.57369
-16.7919  -0.696315  -0.696315
-16.7779  -0.805225  -0.805225
-16.7639  -0.922064  -0.922064
-16.75  -1.05009  -1.05009
-16.7359  -1.16706  -1.16706
-16.7219  -1.23214  -1.23214
-16.7079  -1.20391  -1.20391
-16.6938  -1.06048  -1.06048
-16.6797  -0.811655  -0.811655
-16.6656  -0.49768  -0.49768
-16.6515  -0.176237  -0.176237
-16.6374  0.095485  0.095485
-16.6233  0.276193  0.276193
-16.6091  0.349064  0.349064
-16.5949  0.322759  0.322759
-16.5808  0.22594  0.22594
-16.5666  0.0968682  0.0968682
-16.5523  -0.029308  -0.029308
-16.5381  -0.131311  -0.131311
-16.5239  -0.205828  -0.205828
-16.5096  -0.263057  -0.263057
-16.4953  -0.316876  -0.316876
-16.481  -0.376237  -0.376237
-16.4667  -0.443045  -0.443045
-16.4524  -0.516215  -0.516215
-16.438  -0.596577  -0.596577
-16.4236  -0.687082  -0.687082
-16.4093  -0.787603  -0.787603
-16.3949  -0.888979  -0.888979
-16.3805  -0.972072  -0.972072
-16.366  -1.0136  -1.0136
-16.3516  -0.995195  -0.995195
-16.3371  -0.910072  -0.910072
-16.3227  -0.764555  -0.764555
-16.3082  -0.575482  -0.575482
-16.2937  -0.366624  -0.366624
-16.2792  -0.165692  -0.165692
-16.2646  -0.00130772  -0.00130772
-16.2501  0.101301  0.101301
-16.2355  0.125847  0.125847
-16.2209  0.070561  0.070561
-16.2063  -0.0475594  -0.0475594
-16.1917  -0.191116  -0.191116
-16.1771  -0.305367  -0.305367
-16.1624  -0.328679  -0.328679
-16.1478  -0.210971  -0.210971
-16.1331  0.0646705  0.0646705
-16.1184  0.467447  0.467447
-16.1037  0.921594  0.921594
-16.089  1.32912  1.32912
-16.0742  1.60402  1.60402
-16.0595  1.7023  1.7023
-16.0447  1.63399  1.63399
-16.0299  1.45331  1.45331
-16.0151  1.23431  1.23431
-16.0003  1.04485  1.04485
-15.9855  0.929413  0.929413
-15.9706  0.904089  0.904089
-15.9558  0.960615  0.960615
-15.9409  1.07359  1.07359
-15.926  1.20692  1.20692
-15.9111  1.31915  1.31915
-15.8962  1.36957  1.36957
-15.8812  1.32724  1.32724
-15.8663  1.18159  1.18159
-15.8513  0.950249  0.950249
-15.8363  0.678421  0.678421
-15.8213  0.426779  0.426779
-15.8063  0.251147  0.251147
-15.7913  0.182412  0.182412
-15.7762  0.215896  0.215896
-15.7612  0.314669  0.314669
-15.7461  0.424105  0.424105
-15.731  0.490242  0.490242
-15.7159  0.474651  0.474651
-15.7008  0.362219  0.362219
-15.6856  0.162131  0.162131
-15.6705  -0.0958836  -0.0958836
-15.6553  -0.368102  -0.368102
-15.6401  -0.604994  -0.604994
-15.6249  -0.760262  -0.760262
-15.6097  -0.800016  -0.800016
-15.5945  -0.711085  -0.711085
-15.5792  -0.506656  -0.506656
-15.564  -0.22646  -0.22646
-15.5487  0.0710529  0.0710529
-15.5334  0.324227  0.324227
-15.5181  0.486338  0.486338
-15.5028  0.538048  0.538048
-15.4875  0.487811  0.487811
-15.4721  0.360977  0.360977
-15.4568  0.185681  0.185681
-15.4414  -0.0150022  -0.0150022
-15.426  -0.221381  -0.221381
-15.4106  -0.411509  -0.411509
-15.3952  -0.560588  -0.560588
-15.3797  -0.649072  -0.649072
-15.3643  -0.67358  -0.67358
-15.3488  -0.649822  -0.649822
-15.3333  -0.601886  -0.601886
-15.3178  -0.543757  -0.543757
-15.3023  -0.467298  -0.467298
-15.2868  -0.348197  -0.348197
-15.2713  -0.168286  -0.168286
-15.2557  0.0612444  0.0612444
-15.2401  0.294761  0.294761
-15.2246  0.473083  0.473083
-15.209  0.55924  0.55924
-15.1933  0.564931  0.564931
-15.1777  0.547246  0.547246
-15.1621  0.574535  0.574535
-15.1464  0.681855  0.681855
-15.1307  0.844452  0.844452
-15.1151  0.985971  0.985971
-15.0994  1.01549  1.01549
-15.0836  0.870567  0.870567
-15.0679  0.543258  0.543258
-15.0522  0.0802222  0.0802222
-15.0364  -0.436428  -0.436428
-15.0206  -0.914353  -0.914353
-15.0048  -1.2731  -1.2731
-14.989  -1.46065  -1.46065
-14.9732  -1.46435  -1.46435
-14.9574  -1.31364  -1.31364
-14.9415  -1.07099  -1.07099
-14.9257  -0.811  -0.811
-14.9098  -0.595598  -0.595598
-14.8939  -0.456929  -0.456929
-14.878  -0.39588  -0.39588
-14.8621  -0.394336  -0.394336
-14.8462  -0.431219  -0.431219
-14.8302  -0.491895  -0.491895
-14.8143  -0.567398  -0.567398
-14.7983  -0.648054  -0.648054
-14.7823  -0.719384  -0.719384
-14.7663  -0.765044  -0.765044
-14.7503  -0.775335  -0.775335
-14.7342  -0.755192  -0.755192
-14.7182  -0.725329  -0.725329
-14.7021  -0.714107  -0.714107
-14.6861  -0.743332  -0.743332
-14.67  -0.815603  -0.815603
-14.6539  -0.911041  -0.911041
-14.6378  -0.99659  -0.99659
-14.6216  -1.04352  -1.04352
-14.6055  -1.04322  -1.04322
-14.5893  -1.01181  -1.01181
-14.5731  -0.98059  -0.98059
-14.557  -0.977918  -0.977918
-14.5408  -1.01299  -1.01299
-14.5245  -1.07022  -1.07022
-14.5083  -1.11644  -1.11644
-14.4921  -1.1164  -1.1164
-14.4758  -1.04809  -1.04809
-14.4595  -0.91109  -0.91109
-14.4433  -0.725469  -0.725469
-14.427  -0.523679  -0.523679
-14.4106  -0.340362  -0.340362
-14.3943  -0.203871  -0.203871
-14.378  -0.130507  -0.130507
-14.3616  -0.120729  -0.120729
-14.3453  -0.15735  -0.15735
-14.3289  -0.207586  -0.207586
-14.3125  -0.230862  -0.230862
-14.2961  -0.191273  -0.191273
-14.2796  -0.0697433  -0.0697433
-14.2632  0.130034  0.130034
-14.2468  0.384483  0.384483
-14.2303  0.659113  0.659113
-14.2138  0.917914  0.917914
-14.1973  1.12911  1.12911
-14.1808  1.26765  1.26765
-14.1643  1.3178  1.3178
-14.1478  1.27807  1.27807
-14.1312  1.16632  1.16632
-14.1147  1.01949  1.01949
-14.0981  0.88399  0.88399
-14.0815  0.798814  0.798814
-14.0649  0.779903  0.779903
-14.0483  0.815473  0.815473
-14.0316  0.875465  0.875465
-14.015  0.928783  0.928783
-13.9983  0.956589  0.956589
-13.9817  0.953423  0.953423
-13.965  0.917871  0.917871
-13.9483  0.843018  0.843018
-13.9316  0.717041  0.717041
-13.9149  0.535622  0.535622
-13.8981  0.317076  0.317076
-13.8814  0.106487  0.106487
-13.8646  -0.0391801  -0.0391801
-13.8478  -0.0802949  -0.0802949
-13.8311  -0.0219739  -0.0219739
-13.8143  0.0785641  0.0785641
-13.7974  0.133161  0.133161
-13.7806  0.0642657  0.0642657
-13.7638  -0.154606  -0.154606
-13.7469  -0.482141  -0.482141
-13.73  -0.826369  -0.826369
-13.7132  -1.08691  -1.08691
-13.6963  -1.19979  -1.19979
-13.6794  -1.16168  -1.16168
-13.6624  -1.02306  -1.02306
-13.6455  -0.856951  -0.856951
-13.6285  -0.721984  -0.721984
-13.6116  -0.639  -0.639
-13.5946  -0.590383  -0.590383
-13.5776  -0.537792  -0.537792
-13.5606  -0.445245  -0.445245
-13.5436  -0.294868  -0.294868
-13.5266  -0.0901864  -0.0901864
-13.5095  0.149764  0.149764
-13.4925  0.3988  0.3988
-13.4754  0.630022  0.630022
-13.4583  0.820089  0.820089
-13.4412  0.95269  0.95269
-13.4241  1.02082  1.02082
-13.407  1.02579  1.02579
-13.3899  0.972332  0.972332
-13.3728  0.86327  0.86327
-13.3556  0.699237  0.699237
-13.3384  0.48623  0.48623
-13.3212  0.246548  0.246548
-13.304  0.0236439  0.0236439
-13.2868  -0.126776  -0.126776
-13.2696  -0.158179  -0.158179
-13.2524  -0.056084  -0.056084
-13.2351  0.151872  0.151872
-13.2179  0.40624  0.40624
-13.2006  0.641608  0.641608
-13.1833  0.813316  0.813316
-13.166  0.909886  0.909886
-13.1487  0.945043  0.945043
-13.1314  0.93585  0.93585
-13.1141  0.881742  0.881742
-13.0967  0.758491  0.758491
-13.0793  0.532064  0.532064
-13.062  0.185211  0.185211
-13.0446  -0.258835  -0.258835
-13.0272  -0.731038  -0.731038
-13.0098  -1.13585  -1.13585
-12.9924  -1.38744  -1.38744
-12.9749  -1.44468  -1.44468
-12.9575  -1.32621  -1.32621
-12.94  -1.09816  -1.09816
-12.9225  -0.842784  -0.842784
-12.9051  -0.626875  -0.626875
-12.8876  -0.48681  -0.48681
-12.87  -0.433957  -0.433957
-12.8525  -0.469832  -0.469832
-12.835  -0.595268  -0.595268
-12.8174  -0.80548  -0.80548
-12.7999  -1.07684  -1.07684
-12.7823  -1.35974  -1.35974
-12.7647  -1.58826  -1.58826
-12.7471  -1.70435  -1.70435
-12.7295  -1.68273  -1.68273
-12.7119  -1.54132  -1.54132
-12.6943  -1.33222  -1.33222
-12.6766  -1.11993  -1.11993
-12.6589  -0.959986  -0.959986
-12.6413  -0.887081  -0.887081
-12.6236  -0.913645  -0.913645
-12.6059  -1.03351  -1.03351
-12.5882  -1.22535  -1.22535
-12.5705  -1.45485  -1.45485
-12.5527  -1.67817  -1.67817
-12.535  -1.84995  -1.84995
-12.5172  -1.93521  -1.93521
-12.4995  -1.92049  -1.92049
-12.4817  -1.81802  -1.81802
-12.4639  -1.65946  -1.65946
-12.4461  -1.48196  -1.48196
-12.4283  -1.31375  -1.31375
-12.4105  -1.16701  -1.16701
-12.3926  -1.04068  -1.04068
-12.3748  -0.929103  -0.929103
-12.3569  -0.829334  -0.829334
-12.339  -0.741925  -0.741925
-12.3211  -0.666486  -0.666486
-12.3032  -0.597726  -0.597726
-12.2853  -0.527179  -0.527179
-12.2674  -0.450419  -0.450419
-12.2495  -0.374093  -0.374093
-12.2315  -0.31609  -0.31609
-12.2136  -0.296855  -0.296855
-12.1956  -0.326656  -0.326656
-12.1776  -0.39725  -0.39725
-12.1596  -0.483986  -0.483986
-12.1416  -0.557615  -0.557615
-12.1236  -0.598748  -0.598748
-12.1056  -0.606524  -0.606524
-12.0875  -0.597049  -0.597049
-12.0695  -0.593589  -0.593589
-12.0514  -0.614785  -0.614785
-12.0333  -0.66711  -0.66711
-12.0152  -0.744246  -0.744246
-11.9971  -0.831982  -0.831982
-11.979  -0.915004  -0.915004
-11.9609  -0.982253  -0.982253
-11.9428  -1.02919  -1.02919
-11.9246  -1.05709  -1.05709
-11.9065  -1.07046  -1.07046
-11.8883  -1.07424  -1.07424
-11.8701  -1.07191  -1.07191
-11.8519  -1.06518  -1.06518
-11.8337  -1.0549  -1.0549
-11.8155  -1.0422  -1.0422
-11.7973  -1.02895  -1.02895
-11.7791  -1.01735  -1.01735
-11.7608  -1.00897  -1.00897
-11.7426  -1.00419  -1.00419
-11.7243  -1.00231  -1.00231
-11.706  -1.00212  -1.00212
-11.6877  -1.00255  -1.00255
-11.6694  -1.003  -1.003
-11.6511  -1.00327  -1.00327
-11.6328  -1.0034  -1.0034
-11.6144  -1.00347  -1.00347
-11.5961  -1.00353  -1.00353
-11.5777  -1.00358  -1.00358
-11.5594  -1.00363  -1.00363
-11.541  -1.00368  -1.00368
-11.5226  -1.00371  -1.00371
-11.5042  -1.00374  -1.00374
-11.4858  -1.00375  -1.00375
-11.4673  -1.00377  -1.00377
-11.4489  -1.00378  -1.00378
-11.4304  -1.00379  -1.00379
-11.412  -1.0038  -1.0038
-11.3935  -1.00382  -1.00382
-11.375  -1.00382  -1.00382
-11.3565  -1.00383  -1.00383
-11.338  -1.00384  -1.00384
-11.3195  -1.00384  -1.00384
-11.301  -1.00385  -1.00385
-11.2825  -1.00385  -1.00385
-11.2639  -1.00386  -1.00386
-11.2454  -1.00386  -1.00386
-11.2268  -1.00386  -1.00386
-11.2082  -1.00387  -1.00387
-11.1896  -1.00387  -1.00387
-11.171  -1.00387  -1.00387
-11.1524  -1.00387  -1.00387
-11.1338  -1.00387  -1.00387
-11.1151  -1.00388  -1.00388
-11.0965  -1.00388  -1.00388
-11.0778  -1.00388  -1.00388
-11.0592  -1.00388  -1.00388
-11.0405  -1.00388  -1.00388
-11.0218  -1.00388  -1.00388
-11.0031  -1.00388  -1.00388
-10.9844  -1.00388  -1.00388
-10.9657  -1.00388  -1.00388
-10.947  -1.00389  -1.00389
-10.9282  -1.00389  -1.00389
-10.9095  -1.00389  -1.00389
-10.8907  -1.00389  -1.00389
-10.8719  -1.00389  -1.00389
-10.8532  -1.00389  -1.00389
-10.8344  -1.00389  -1.00389
-10.8156  -1.00389  -1.00389
-10.7967  -1.00389  -1.00389
-10.7779  -1.00389  -1.00389
-10.7591  -1.00389  -1.00389
-10.7402  -1.00389  -1.00389
-10.7214  -1.00388  -1.00388
-10.7025  -1.00388  -1.00388
-10.6836  -1.00388  -1.00388
-10.6648  -1.00388  -1.00388
-10.6459  -1.00388  -1.00388
-10.627  -1.00388  -1.00388
-10.608  -1.00388  -1.00388
-10.5891  -1.00388  -1.00388
-10.5702  -1.00388  -1.00388
-10.5512  -1.00388  -1.00388
-10.5323  -1.00387  -1.00387
-10.5133  -1.00387  -1.00387
-10.4943  -1.00387  -1.00387
-10.4753  -1.00387  -1.00387
-10.4563  -1.00386  -1.00386
-10.4373  -1.00386  -1.00386
-10.4183  -1.00386  -1.00386
-10.3993  -1.00386  -1.00386
-10.3803  -1.00385  -1.00385
-10.3612  -1.00385  -1.00385
-10.3421  -1.00384  -1.00384
-10.3231  -1.00384  -1.00384
-10.304  -1.00383  -1.00383
-10.2849  -1.00383  -1.00383
-10.2658  -1.00382  -1.00382
-10.2467  -1.00381  -1.00381
-10.2276  -1.0038  -1.0038
-10.2085  -1.00379  -1.00379
-10.1893  -1.00378  -1.00378
-10.1702  -1.00376  -1.00376
-10.151  -1.00375  -1.00375
-10.1319  -1.00374  -1.00374
-10.1127  -1.00372  -1.00372
-10.0935  -1.00369  -1.00369
-10.0743  -1.00365  -1.00365
-10.0551  -1.0036  -1.0036
-10.0359  -1.00355  -1.00355
-10.0166  -1.00349  -1.00349
-9.99741  -1.00343  -1.00343
-9.97817  -1.00336  -1.00336
-9.95891  -1.00323  -1.00323
-9.93965  -1.00296  -1.00296
-9.92038  -1.00227  -1.00227
-9.90109  -1.00054  -1.00054
-9.8818  -0.996635  -0.996635
-9.8625  -0.9889  -0.9889
-9.84319  -0.975553  -0.975553
-9.82387  -0.955338  -0.955338
-9.80454  -0.928176  -0.928176
-9.7852  -0.895432  -0.895432
-9.76585  -0.85964  -0.85964
-9.74649  -0.823933  -0.823933
-9.72712  -0.791623  -0.791623
-9.70775  -0.766223  -0.766223
-9.68836  -0.751699  -0.751699
-9.66896  -0.75232  -0.75232
-9.64956  -0.77155  -0.77155
-9.63014  -0.809958  -0.809958
-9.61072  -0.863015  -0.863015
-9.59129  -0.920268  -0.920268
-9.57184  -0.967369  -0.967369
-9.55239  -0.991255  -0.991255
-9.53293  -0.986863  -0.986863
-9.51346  -0.961845  -0.961845
-9.49398  -0.935638  -0.935638
-9.47449  -0.931586  -0.931586
-9.455  -0.965145  -0.965145
-9.43549  -1.03452  -1.03452
-9.41597  -1.11979  -1.11979
-9.39645  -1.19179  -1.19179
-9.37691  -1.22593  -1.22593
-9.35737  -1.21272  -1.21272
-9.33782  -1.15917  -1.15917
-9.31826  -1.08152  -1.08152
-9.29869  -0.994918  -0.994918
-9.27911  -0.90687  -0.90687
-9.25952  -0.816966  -0.816966
-9.23993  -0.720826  -0.720826
-9.22032  -0.614314  -0.614314
-9.20071  -0.495876  -0.495876
-9.18108  -0.367643  -0.367643
-9.16145  -0.236772  -0.236772
-9.14181  -0.116838  -0.116838
-9.12216  -0.0272122  -0.0272122
-9.1025  0.0113336  0.0113336
-9.08283  -0.0160027  -0.0160027
-9.06316  -0.110994  -0.110994
-9.04347  -0.25917  -0.25917
-9.02378  -0.431839  -0.431839
-9.00408  -0.592217  -0.592217
-8.98437  -0.70356  -0.70356
-8.96465  -0.737856  -0.737856
-8.94492  -0.684231  -0.684231
-8.92518  -0.555329  -0.555329
-8.90544  -0.388272  -0.388272
-8.88568  -0.236663  -0.236663
-8.86592  -0.153502  -0.153502
-8.84615  -0.170613  -0.170613
-8.82637  -0.284342  -0.284342
-8.80658  -0.455838  -0.455838
-8.78678  -0.626746  -0.626746
-8.76698  -0.742224  -0.742224
-8.74716  -0.7693  -0.7693
-8.72734  -0.702875  -0.702875
-8.70751  -0.560796  -0.560796
-8.68767  -0.375826  -0.375826
-8.66782  -0.190891  -0.190891
-8.64797  -0.0565435  -0.0565435
-8.62811  -0.0239483  -0.0239483
-8.60823  -0.129237  -0.129237
-8.58835  -0.374385  -0.374385
-8.56846  -0.717399  -0.717399
-8.54857  -1.0823  -1.0823
-8.52866  -1.38728  -1.38728
-8.50875  -1.57626  -1.57626
-8.48883  -1.63596  -1.63596
-8.4689  -1.5898  -1.5898
-8.44896  -1.47568  -1.47568
-8.42901  -1.32419  -1.32419
-8.40906  -1.15071  -1.15071
-8.38909  -0.962732  -0.962732
-8.36912  -0.772027  -0.772027
-8.34915  -0.598991  -0.598991
-8.32916  -0.464896  -0.464896
-8.30916  -0.378655  -0.378655
-8.28916  -0.329825  -0.329825
-8.26915  -0.294546  -0.294546
-8.24913  -0.250628  -0.250628
-8.22911  -0.190595  -0.190595
-8.20907  -0.123057  -0.123057
-8.18903  -0.062091  -0.062091
-8.16898  -0.013666  -0.013666
-8.14892  0.0296613  0.0296613
-8.12885  0.0813491  0.0813491
-8.10878  0.146782  0.146782
-8.0887  0.214481  0.214481
-8.06861  0.261297  0.261297
-8.04851  0.269698  0.269698
-8.02841  0.245106  0.245106
-8.00829  0.219274  0.219274
-7.98817  0.23427  0.23427
-7.96804  0.315328  0.315328
-7.94791  0.449981  0.449981
-7.92777  0.588341  0.588341
-7.90761  0.6663  0.6663
-7.88746  0.638645  0.638645
-7.86729  0.502826  0.502826
-7.84712  0.300417  0.300417
-7.82693  0.0970482  0.0970482
-7.80674  -0.0466978  -0.0466978
-7.78655  -0.0982468  -0.0982468
-7.76634  -0.0607881  -0.0607881
-7.74613  0.0338807  0.0338807
-7.72591  0.140605  0.140605
-7.70569  0.216321  0.216321
-7.68545  0.230827  0.230827
-7.66521  0.172037  0.172037
-7.64496  0.0471148  0.0471148
-7.62471  -0.119345  -0.119345
-7.60444  -0.290548  -0.290548
-7.58417  -0.427169  -0.427169
-7.56389  -0.500521  -0.500521
-7.54361  -0.504786  -0.504786
-7.52332  -0.461766  -0.461766
-7.50302  -0.413735  -0.413735
-7.48271  -0.40583  -0.40583
-7.46239  -0.465563  -0.465563
-7.44207  -0.589288  -0.589288
-7.42174  -0.742227  -0.742227
-7.40141  -0.871919  -0.871919
-7.38106  -0.928511  -0.928511
-7.36071  -0.882471  -0.882471
-7.34036  -0.73221  -0.73221
-7.31999  -0.499504  -0.499504
-7.29962  -0.216717  -0.216717
-7.27924  0.0865958  0.0865958
-7.25886  0.390867  0.390867
-7.23847  0.685169  0.685169
-7.21807  0.960441  0.960441
-7.19766  1.20341  1.20341
-7.17725  1.39609  1.39609
-7.15683  1.52156  1.52156
-7.1364  1.57186  1.57186
-7.11597  1.55233  1.55233
-7.09552  1.47871  1.47871
-7.07508  1.36836  1.36836
-7.05462  1.23105  1.23105
-7.03416  1.06572  1.06572
-7.01369  0.865677  0.865677
-6.99322  0.629185  0.629185
-6.97274  0.369103  0.369103
-6.95225  0.11554  0.11554
-6.93175  -0.090404  -0.090404
-6.91125  -0.209399  -0.209399
-6.89074  -0.218098  -0.218098
-6.87023  -0.119505  -0.119505
-6.84971  0.0545998  0.0545998
-6.82918  0.250969  0.250969
-6.80864  0.410575  0.410575
-6.7881  0.487677  0.487677
-6.76755  0.464923  0.464923
-6.747  0.357957  0.357957
-6.72644  0.207376  0.207376
-6.70587  0.0617971  0.0617971
-6.6853  -0.0401458  -0.0401458
-6.66472  -0.0812536  -0.0812536
-6.64413  -0.0671275  -0.0671275
-6.62354  -0.0192409  -0.0192409
-6.60294  0.035158  0.035158
-6.58233  0.0713692  0.0713692
-6.56172  0.0715995  0.0715995
-6.5411  0.0260851  0.0260851
-6.52048  -0.0671745  -0.0671745
-6.49985  -0.203048  -0.203048
-6.47921  -0.370575  -0.370575
-6.45856  -0.555469  -0.555469
-6.43791  -0.743233  -0.743233
-6.41726  -0.92096  -0.92096
-6.3966  -1.07614  -1.07614
-6.37593  -1.19292  -1.19292
-6.35525  -1.24925  -1.24925
-6.33457  -1.21926  -1.21926
-6.31389  -1.08283  -1.08283
-6.29319  -0.839316  -0.839316
-6.27249  -0.517544  -0.517544
-6.25179  -0.174421  -0.174421
-6.23108  0.120331  0.120331
-6.21036  0.307763  0.307763
-6.18964  0.360495  0.360495
-6.16891  0.290366  0.290366
-6.14817  0.139325  0.139325
-6.12743  -0.0412123  -0.0412123
-6.10669  -0.211621  -0.211621
-6.08593  -0.355351  -0.355351
-6.06518  -0.475701  -0.475701
-6.04441  -0.581767  -0.581767
-6.02364  -0.673245  -0.673245
-6.00286  -0.734049  -0.734049
-5.98208  -0.739022  -0.739022
-5.9613  -0.669581  -0.669581
-5.9405  -0.528136  -0.528136
-5.9197  -0.341592  -0.341592
-5.8989  -0.151  -0.151
-5.87809  0.00683791  0.00683791
-5.85727  0.115045  0.115045
-5.83645  0.180823  0.180823
-5.81562  0.226647  0.226647
-5.79479  0.274709  0.274709
-5.77395  0.333994  0.333994
-5.75311  0.396452  0.396452
-5.73226  0.442562  0.442562
-5.7114  0.451519  0.451519
-5.69054  0.410306  0.410306
-5.66968  0.318399  0.318399
-5.6488  0.188044  0.188044
-5.62793  0.0415465  0.0415465
-5.60704  -0.0932187  -0.0932187
-5.58616  -0.188224  -0.188224
-5.56526  -0.220503  -0.220503
-5.54436  -0.175746  -0.175746
-5.52346  -0.049805  -0.049805
-5.50255  0.150743  0.150743
-5.48164  0.407406  0.407406
-5.46072  0.688327  0.688327
-5.43979  0.949743  0.949743
-5.41886  1.14383  1.14383
-5.39793  1.23268  1.23268
-5.37698  1.20279  1.20279
-5.35604  1.07168  1.07168
-5.33509  0.881837  0.881837
-5.31413  0.683993  0.683993
-5.29317  0.518262  0.518262
-5.2722  0.402187  0.402187
-5.25123  0.330341  0.330341
-5.23026  0.283563  0.283563
-5.20927  0.241697  0.241697
-5.18829  0.19344  0.19344
-5.16729  0.139585  0.139585
-5.1463  0.0894623  0.0894623
-5.1253  0.0530997  0.0530997
-5.10429  0.0332052  0.0332052
-5.08328  0.0211697  0.0211697
-5.06226  -0.000292958  -0.000292958
-5.04124  -0.048436  -0.048436
-5.02021  -0.1298  -0.1298
-4.99918  -0.233436  -0.233436
-4.97815  -0.332433  -0.332433
-4.95711  -0.393896  -0.393896
-4.93606  -0.392933  -0.392933
-4.91501  -0.323971  -0.323971
-4.89396  -0.203996  -0.203996
-4.8729  -0.066226  -0.066226
-4.85183  0.0527859  0.0527859
-4.83076  0.126708  0.126708
-4.80969  0.147534  0.147534
-4.78861  0.124941  0.124941
-4.76753  0.0781601  0.0781601
-4.74644  0.0255477  0.0255477
-4.72535  -0.0221449  -0.0221449
-4.70425  -0.0619102  -0.0619102
-4.68315  -0.0939478  -0.0939478
-4.66205  -0.117243  -0.117243
-4.64094  -0.12878  -0.12878
-4.61982  -0.125883  -0.125883
-4.5987  -0.108259  -0.108259
-4.57758  -0.077158  -0.077158
-4.55645  -0.032642  -0.032642
-4.53532  0.0275109  0.0275109
-4.51418  0.104987  0.104987
-4.49304  0.195828  0.195828
-4.47189  0.287513  0.287513
-4.45075  0.361681  0.361681
-4.42959  0.401771  0.401771
-4.40843  0.40108  0.40108
-4.38727  0.366257  0.366257
-4.3661  0.314232  0.314232
-4.34493  0.264588  0.264588
-4.32376  0.231697  0.231697
-4.30258  0.220471  0.220471
-4.28139  0.227134  0.227134
-4.26021  0.243574  0.243574
-4.23902  0.2622  0.2622
-4.21782  0.278467  0.278467
-4.19662  0.290173  0.290173
-4.17542  0.294971  0.294971
-4.15421  0.288737  0.288737
-4.133  0.266566  0.266566
-4.11178  0.225828  0.225828
-4.09056  0.168739  0.168739
-4.06934  0.10199  0.10199
-4.04811  0.0332136  0.0332136
-4.02688  -0.0331947  -0.0331947
-4.00564  -0.0974961  -0.0974961
-3.9844  -0.161711  -0.161711
-3.96316  -0.224285  -0.224285
-3.94191  -0.27655  -0.27655
-3.92066  -0.304536  -0.304536
-3.89941  -0.296113  -0.296113
-3.87815  -0.249438  -0.249438
-3.85689  -0.177084  -0.177084
-3.83562  -0.102462  -0.102462
-3.81435  -0.0498538  -0.0498538
-3.79308  -0.033528  -0.033528
-3.7718  -0.052056  -0.052056
-3.75052  -0.0907357  -0.0907357
-3.72924  -0.130064  -0.130064
-3.70795  -0.154918  -0.154918
-3.68666  -0.159526  -0.159526
-3.66536  -0.146694  -0.146694
-3.64406  -0.123482  -0.123482
-3.62276  -0.0969205  -0.0969205
-3.60146  -0.0720572  -0.0720572
-3.58015  -0.0521916  -0.0521916
-3.55884  -0.0396681  -0.0396681
-3.53752  -0.03595  -0.03595
-3.5162  -0.0410037  -0.0410037
-3.49488  -0.0528883  -0.0528883
-3.47355  -0.0681745  -0.0681745
-3.45222  -0.0829129  -0.0829129
-3.43089  -0.0933674  -0.0933674
-3.40956  -0.0961135  -0.0961135
-3.38822  -0.0879297  -0.0879297
-3.36687  -0.0663078  -0.0663078
-3.34553  -0.0308966  -0.0308966
-3.32418  0.0148228  0.0148228
-3.30283  0.0629745  0.0629745
-3.28147  0.102828  0.102828
-3.26011  0.124243  0.124243
-3.23875  0.121568  0.121568
-3.21739  0.0961143  0.0961143
-3.19602  0.0558897  0.0558897
-3.17465  0.0126283  0.0126283
-3.15328  -0.0225641  -0.0225641
-3.1319  -0.0429915  -0.0429915
-3.11052  -0.0479518  -0.0479518
-3.08914  -0.0416395  -0.0416395
-3.06775  -0.0302263  -0.0302263
-3.04636  -0.0188004  -0.0188004
-3.02497  -0.00968061  -0.00968061
-3.00357  -0.00261814  -0.00261814
-2.98218  0.00375598  0.00375598
-2.96078  0.0104256  0.0104256
-2.93937  0.0173023  0.0173023
-2.91797  0.0234487  0.0234487
-2.89656  0.0277155  0.0277155
-2.87515  0.0292525  0.0292525
-2.85373  0.0277125  0.0277125
-2.83231  0.023277  0.023277
-2.81089  0.0166555  0.0166555
-2.78947  0.00903433  0.00903433
-2.76804  0.00185517  0.00185517
-2.74662  -0.00359577  -0.00359577
-2.72519  -0.00661086  -0.00661086
-2.70375  -0.00725471  -0.00725471
-2.68232  -0.00621651  -0.00621651
-2.66088  -0.00442604  -0.00442604
-2.63944  -0.00266404  -0.00266404
-2.61799  -0.00135365  -0.00135365
-2.59655  -0.00057231  -0.00057231
-2.5751  -0.000195683  -0.000195683
-2.55365  -5.15185e-05  -5.15185e-05
-2.53219  -9.51299e-06  -9.51299e-06
-2.51074  -8.65542e-07  -8.65542e-07
-2.48928  1.96333e-07  1.96333e-07
-2.46782  9.08947e-08  9.08947e-08
-2.44635  -1.58016e-07  -1.58016e-07
-2.42489  -2.96543e-07  -2.96543e-07
-2.40342  -2.53378e-07  -2.53378e-07
-2.38195  -1.35117e-07  -1.35117e-07
-2.36048  -5.34466e-08  -5.34466e-08
-2.339  -2.58751e-08  -2.58751e-08
-2.31753  -2.26482e-08  -2.26482e-08
-2.29605  -2.55555e-08  -2.55555e-08
-2.27456  -3.10836e-08  -3.10836e-08
-2.25308  -3.54267e-08  -3.54267e-08
-2.23159  -3.46882e-08  -3.46882e-08
-2.21011  -3.03683e-08  -3.03683e-08
-2.18862  -2.66494e-08  -2.66494e-08
-2.16712  -2.50435e-08  -2.50435e-08
-2.14563  -2.444e-08  -2.444e-08
-2.12413  -2.40078e-08  -2.40078e-08
-2.10263  -2.37979e-08  -2.37979e-08
-2.08113  -2.36386e-08  -2.36386e-08
-2.05963  -2.30849e-08  -2.30849e-08
-2.03813  -2.21657e-08  -2.21657e-08
-2.01662  -2.132e-08  -2.132e-08
-1.99511  -2.07392e-08  -2.07392e-08
-1.9736  -2.02636e-08  -2.02636e-08
-1.95209  -1.97782e-08  -1.97782e-08
-1.93057  -1.93293e-08  -1.93293e-08
-1.90906  -1.8919e-08  -1.8919e-08
-1.88754  -1.84656e-08  -1.84656e-08
-1.86602  -1.79592e-08  -1.79592e-08
-1.8445  -1.74807e-08  -1.74807e-08
-1.82298  -1.70669e-08  -1.70669e-08
-1.80145  -1.66762e-08  -1.66762e-08
-1.77992  -1.62797e-08  -1.62797e-08
-1.7584  -1.5895e-08  -1.5895e-08
-1.73687  -1.55298e-08  -1.55298e-08
-1.71533  -1.51636e-08  -1.51636e-08
-1.6938  -1.47914e-08  -1.47914e-08
-1.67227  -1.44345e-08  -1.44345e-08
-1.65073  -1.41021e-08  -1.41021e-08
-1.62919  -1.37796e-08  -1.37796e-08
-1.60765  -1.3457e-08  -1.3457e-08
-1.58611  -1.31408e-08  -1.31408e-08
-1.56457  -1.28353e-08  -1.28353e-08
-1.54302  -1.25344e-08  -1.25344e-08
-1.52148  -1.22361e-08  -1.22361e-08
-1.49993  -1.19475e-08  -1.19475e-08
-1.47838  -1.16714e-08  -1.16714e-08
-1.45683  -1.14017e-08  -1.14017e-08
-1.43528  -1.11337e-08  -1.11337e-08
-1.41372  -1.08702e-08  -1.08702e-08
-1.39217  -1.06132e-08  -1.06132e-08
-1.37061  -1.03607e-08  -1.03607e-08
-1.34906  -1.0112e-08  -1.0112e-08
-1.3275  -9.87021e-09  -9.87021e-09
-1.30594  -9.63613e-09  -9.63613e-09
-1.28438  -9.40667e-09  -9.40667e-09
-1.26281  -9.17942e-09  -9.17942e-09
-1.24125  -8.95534e-09  -8.95534e-09
-1.21969  -8.73554e-09  -8.73554e-09
-1.19812  -8.51936e-09  -8.51936e-09
-1.17655  -8.30675e-09  -8.30675e-09
-1.15499  -8.09916e-09  -8.09916e-09
-1.13342  -7.89695e-09  -7.89695e-09
-1.11185  -7.69827e-09  -7.69827e-09
-1.09027  -7.50163e-09  -7.50163e-09
-1.0687  -7.30729e-09  -7.30729e-09
-1.04713  -7.11582e-09  -7.11582e-09
-1.02555  -6.92711e-09  -6.92711e-09
-1.00398  -6.74139e-09  -6.74139e-09
-0.982403  -6.55951e-09  -6.55951e-09
-0.960825  -6.38157e-09  -6.38157e-09
-0.939247  -6.2064e-09  -6.2064e-09
-0.917668  -6.03289e-09  -6.03289e-09
-0.896088  -5.861e-09  -5.861e-09
-0.874507  -5.69104e-09  -5.69104e-09
-0.852925  -5.52313e-09  -5.52313e-09
-0.831342  -5.35761e-09  -5.35761e-09
-0.809759  -5.19508e-09  -5.19508e-09
-0.788175  -5.03554e-09  -5.03554e-09
-0.76659  -4.87814e-09  -4.87814e-09
-0.745004  -4.72201e-09  -4.72201e-09
-0.723418  -4.56694e-09  -4.56694e-09
-0.701831  -4.41312e-09  -4.41312e-09
-0.680243  -4.26076e-09  -4.26076e-09
-0.658654  -4.11026e-09  -4.11026e-09
-0.637065  -3.96209e-09  -3.96209e-09
-0.615475  -3.81622e-09  -3.81622e-09
-0.593885  -3.67198e-09  -3.67198e-09
-0.572294  -3.52861e-09  -3.52861e-09
-0.550703  -3.38586e-09  -3.38586e-09
-0.529111  -3.24381e-09  -3.24381e-09
-0.507519  -3.10272e-09  -3.10272e-09
-0.485926  -2.96303e-09  -2.96303e-09
-0.464332  -2.82513e-09  -2.82513e-09
-0.442738  -2.689e-09  -2.689e-09
-0.421144  -2.55404e-09  -2.55404e-09
-0.399549  -2.41961e-09  -2.41961e-09
-0.377954  -2.28538e-09  -2.28538e-09
-0.356359  -2.1514e-09  -2.1514e-09
-0.334763  -2.01796e-09  -2.01796e-09
-0.313167  -1.8855e-09  -1.8855e-09
-0.291571  -1.75438e-09  -1.75438e-09
-0.269974  -1.62457e-09  -1.62457e-09
-0.248377  -1.49555e-09  -1.49555e-09
-0.22678  -1.36671e-09  -1.36671e-09
-0.205182  -1.2377e-09  -1.2377e-09
-0.183585  -1.10854e-09  -1.10854e-09
-0.161987  -9.79531e-10  -9.79531e-10
-0.140389  -8.51114e-10  -8.51114e-10
-0.118791  -7.23643e-10  -7.23643e-10
-0.0971927  -5.97082e-10  -5.97082e-10
-0.0755944  -4.70952e-10  -4.70952e-10
-0.0539961  -3.44654e-10  -3.44654e-10
-0.0323977  -2.1783e-10  -2.1783e-10
-0.0107992  -9.04854e-11  -9.04854e-11
0.0107992  3.70797e-11  3.70797e-11
0.0323977  1.64418e-10  1.64418e-10
0.0539961  2.91181e-10  2.91181e-10
0.0755944  4.17402e-10  4.17402e-10
0.0971927  5.43545e-10  5.43545e-10
0.118791  6.7021e-10  6.7021e-10
0.140389  7.97764e-10  7.97764e-10
0.161987  9.2621e-10  9.2621e-10
0.183585  1.05525e-09  1.05525e-09
0.205182  1.18442e-09  1.18442e-09
0.22678  1.31337e-09  1.31337e-09
0.248377  1.44214e-09  1.44214e-09
0.269974  1.5712e-09  1.5712e-09
0.291571  1.70117e-09  1.70117e-09
0.313167  1.83241e-09  1.83241e-09
0.334763  1.96493e-09  1.96493e-09
0.356359  2.09843e-09  2.09843e-09
0.377954  2.23244e-09  2.23244e-09
0.399549  2.36659e-09  2.36659e-09
0.421144  2.50093e-09  2.50093e-09
0.442738  2.63596e-09  2.63596e-09
0.464332  2.77232e-09  2.77232e-09
0.485926  2.91041e-09  2.91041e-09
0.507519  3.0502e-09  3.0502e-09
0.529111  3.19139e-09  3.19139e-09
0.550703  3.33349e-09  3.33349e-09
0.572294  3.47612e-09  3.47612e-09
0.593885  3.61932e-09  3.61932e-09
0.615475  3.76368e-09  3.76368e-09
0.637065  3.9099e-09  3.9099e-09
0.658654  4.05836e-09  4.05836e-09
0.680243  4.20902e-09  4.20902e-09
0.701831  4.36156e-09  4.36156e-09
0.723418  4.51545e-09  4.51545e-09
0.745004  4.67027e-09  4.67027e-09
0.76659  4.82611e-09  4.82611e-09
0.788175  4.98367e-09  4.98367e-09
0.809759  5.14376e-09  5.14376e-09
0.831342  5.30675e-09  5.30675e-09
0.852925  5.47251e-09  5.47251e-09
0.874507  5.64071e-09  5.64071e-09
0.896088  5.81079e-09  5.81079e-09
0.917668  5.98221e-09  5.98221e-09
0.939247  6.15512e-09  6.15512e-09
0.960825  6.33052e-09  6.33052e-09
0.982403  6.50939e-09  6.50939e-09
1.00398  6.69198e-09  6.69198e-09
1.02555  6.87808e-09  6.87808e-09
1.04713  7.06731e-09  7.06731e-09
1.0687  7.25899e-09  7.25899e-09
1.09027  7.45238e-09  7.45238e-09
1.11185  7.64781e-09  7.64781e-09
1.13342  7.84681e-09  7.84681e-09
1.15499  8.05066e-09  8.05066e-09
1.17655  8.25939e-09  8.25939e-09
1.19812  8.47255e-09  8.47255e-09
1.21969  8.68977e-09  8.68977e-09
1.24125  8.91006e-09  8.91006e-09
1.26281  9.13219e-09  9.13219e-09
1.28438  9.35684e-09  9.35684e-09
1.30594  9.58682e-09  9.58682e-09
1.3275  9.82394e-09  9.82394e-09
1.34906  1.00676e-08  1.00676e-08
1.37061  1.0317e-08  1.0317e-08
1.39217  1.05718e-08  1.05718e-08
1.41372  1.08302e-08  1.08302e-08
1.43528  1.10897e-08  1.10897e-08
1.45683  1.13518e-08  1.13518e-08
1.47838  1.16224e-08  1.16224e-08
1.49993  1.19045e-08  1.19045e-08
1.52148  1.21956e-08  1.21956e-08
1.54302  1.24945e-08  1.24945e-08
1.56457  1.28015e-08  1.28015e-08
1.58611  1.31122e-08  1.31122e-08
1.60765  1.34195e-08  1.34195e-08
1.62919  1.37281e-08  1.37281e-08
1.65073  1.40524e-08  1.40524e-08
1.67227  1.43972e-08  1.43972e-08
1.6938  1.4755e-08  1.4755e-08
1.71533  1.51247e-08  1.51247e-08
1.73687  1.55105e-08  1.55105e-08
1.7584  1.58978e-08  1.58978e-08
1.77992  1.62641e-08  1.62641e-08
1.80145  1.66231e-08  1.66231e-08
1.82298  1.70179e-08  1.70179e-08
1.8445  1.74568e-08  1.74568e-08
1.86602  1.79124e-08  1.79124e-08
1.88754  1.8393e-08  1.8393e-08
1.90906  1.89253e-08  1.89253e-08
1.93057  1.94514e-08  1.94514e-08
1.95209  1.98751e-08  1.98751e-08
1.9736  2.02489e-08  2.02489e-08
1.99511  2.07356e-08  2.07356e-08
2.01662  2.13372e-08  2.13372e-08
2.03813  2.19299e-08  2.19299e-08
2.05963  2.26168e-08  2.26168e-08
2.08113  2.35989e-08  2.35989e-08
2.10263  2.45737e-08  2.45737e-08
2.12413  2.49725e-08  2.49725e-08
2.14563  2.50506e-08  2.50506e-08
2.16712  2.56736e-08  2.56736e-08
2.18862  2.66355e-08  2.66355e-08
2.21011  2.7051e-08  2.7051e-08
2.23159  2.81756e-08  2.81756e-08
2.25308  3.24115e-08  3.24115e-08
2.27456  3.75315e-08  3.75315e-08
2.29605  3.7708e-08  3.7708e-08
2.31753  3.45374e-08  3.45374e-08
2.339  3.63017e-08  3.63017e-08
2.36048  3.68754e-08  3.68754e-08
2.38195  1.90128e-08  1.90128e-08
2.40342  9.07255e-09  9.07255e-09
2.42489  8.51985e-08  8.51985e-08
2.44635  2.40033e-07  2.40033e-07
2.46782  3.02171e-07  3.02171e-07
2.48928  2.62406e-07  2.62406e-07
2.51074  5.55514e-07  5.55514e-07
2.53219  6.3104e-07  6.3104e-07
2.55365  -4.98698e-06  -4.98698e-06
2.5751  -2.92037e-05  -2.92037e-05
2.59655  -8.40371e-05  -8.40371e-05
2.61799  -0.000153819  -0.000153819
2.63944  -0.000155687  -0.000155687
2.66088  8.89189e-05  8.89189e-05
2.68232  0.000842316  0.000842316
2.70375  0.00238627  0.00238627
2.72519  0.00492641  0.00492641
2.74662  0.00851033  0.00851033
2.76804  0.0129968  0.0129968
2.78947  0.0180732  0.0180732
2.81089  0.0232684  0.0232684
2.83231  0.0278951  0.0278951
2.85373  0.0309092  0.0309092
2.87515  0.0307956  0.0307956
2.89656  0.0257019  0.0257019
2.91797  0.0140154  0.0140154
2.93937  -0.00466316  -0.00466316
2.96078  -0.028585  -0.028585
2.98218  -0.0536488  -0.0536488
3.00357  -0.0744399  -0.0744399
3.02497  -0.0863586  -0.0863586
3.04636  -0.0878674  -0.0878674
3.06775  -0.0815225  -0.0815225
3.08914  -0.0729586  -0.0729586
3.11052  -0.0681763  -0.0681763
3.1319  -0.0706013  -0.0706013
3.15328  -0.0796118  -0.0796118
3.17465  -0.0913214  -0.0913214
3.19602  -0.100968  -0.100968
3.21739  -0.10531  -0.10531
3.23875  -0.103637  -0.103637
3.26011  -0.0970771  -0.0970771
3.28147  -0.0870475  -0.0870475
3.30283  -0.0739912  -0.0739912
3.32418  -0.0570797  -0.0570797
3.34553  -0.0347737  -0.0347737
3.36687  -0.00569396  -0.00569396
3.38822  0.0307175  0.0307175
3.40956  0.0740076  0.0740076
3.43089  0.123003  0.123003
3.45222  0.176349  0.176349
3.47355  0.232825  0.232825
3.49488  0.290944  0.290944
3.5162  0.347804  0.347804
3.53752  0.397991  0.397991
3.55884  0.43384  0.43384
3.58015  0.447835  0.447835
3.60146  0.436387  0.436387
3.62276  0.402772  0.402772
3.64406  0.356892  0.356892
3.66536  0.311312  0.311312
3.68666  0.275473  0.275473
3.70795  0.251446  0.251446
3.72924  0.233835  0.233835
3.75052  0.21389  0.21389
3.7718  0.185335  0.185335
3.79308  0.148412  0.148412
3.81435  0.109855  0.109855
3.83562  0.078984  0.078984
3.85689  0.0623539  0.0623539
3.87815  0.0601721  0.0601721
3.89941  0.0665465  0.0665465
3.92066  0.0732849  0.0732849
3.94191  0.0747967  0.0747967
3.96316  0.0710569  0.0710569
3.9844  0.0670109  0.0670109
4.00564  0.0692343  0.0692343
4.02688  0.082271  0.082271
4.04811  0.106681  0.106681
4.06934  0.139026  0.139026
4.09056  0.172644  0.172644
4.11178  0.19848  0.19848
4.133  0.206635  0.206635
4.15421  0.189823  0.189823
4.17542  0.14821  0.14821
4.19662  0.0926724  0.0926724
4.21782  0.0429682  0.0429682
4.23902  0.0201237  0.0201237
4.26021  0.0366912  0.0366912
4.28139  0.0907948  0.0907948
4.30258  0.167794  0.167794
4.32376  0.248391  0.248391
4.34493  0.317965  0.317965
4.3661  0.371729  0.371729
4.38727  0.413663  0.413663
4.40843  0.451035  0.451035
4.42959  0.48815  0.48815
4.45075  0.522341  0.522341
4.47189  0.543636  0.543636
4.49304  0.53825  0.53825
4.51418  0.494972  0.494972
4.53532  0.41205  0.41205
4.55645  0.301018  0.301018
4.57758  0.184343  0.184343
4.5987  0.0868737  0.0868737
4.61982  0.0251647  0.0251647
4.64094  0.000681917  0.000681917
4.66205  0.000747959  0.000747959
4.68315  0.00605596  0.00605596
4.70425  -0.000378035  -0.000378035
4.72535  -0.0278568  -0.0278568
4.74644  -0.0776351  -0.0776351
4.76753  -0.145224  -0.145224
4.78861  -0.222301  -0.222301
4.80969  -0.297298  -0.297298
4.83076  -0.3561  -0.3561
4.85183  -0.384428  -0.384428
4.8729  -0.371697  -0.371697
4.89396  -0.314426  -0.314426
4.91501  -0.217393  -0.217393
4.93606  -0.0922551  -0.0922551
4.95711  0.0452121  0.0452121
4.97815  0.177818  0.177818
4.99918  0.288846  0.288846
5.02021  0.363164  0.363164
5.04124  0.388107  0.388107
5.06226  0.354865  0.354865
5.08328  0.260803  0.260803
5.10429  0.112136  0.112136
5.1253  -0.0747598  -0.0747598
5.1463  -0.275376  -0.275376
5.16729  -0.462787  -0.462787
5.18829  -0.614806  -0.614806
5.20927  -0.71891  -0.71891
5.23026  -0.772552  -0.772552
5.25123  -0.779748  -0.779748
5.2722  -0.747234  -0.747234
5.29317  -0.683023  -0.683023
5.31413  -0.597299  -0.597299
5.33509  -0.503157  -0.503157
5.35604  -0.414873  -0.414873
5.37698  -0.344031  -0.344031
5.39793  -0.296276  -0.296276
5.41886  -0.271576  -0.271576
5.43979  -0.268295  -0.268295
5.46072  -0.288127  -0.288127
5.48164  -0.337588  -0.337588
5.50255  -0.423599  -0.423599
5.52346  -0.544924  -0.544924
5.54436  -0.685072  -0.685072
5.56526  -0.812623  -0.812623
5.58616  -0.890823  -0.890823
5.60704  -0.891994  -0.891994
5.62793  -0.808398  -0.808398
5.6488  -0.653047  -0.653047
5.66968  -0.450526  -0.450526
5.69054  -0.22437  -0.22437
5.7114  0.0109499  0.0109499
5.73226  0.249585  0.249585
5.75311  0.487774  0.487774
5.77395  0.717083  0.717083
5.79479  0.922142  0.922142
5.81562  1.08382  1.08382
5.83645  1.18549  1.18549
5.85727  1.2191  1.2191
5.87809  1.18878  1.18878
5.8989  1.11101  1.11101
5.9197  1.01144  1.01144
5.9405  0.91888  0.91888
5.9613  0.858007  0.858007
5.98208  0.842945  0.842945
6.00286  0.874389  0.874389
6.02364  0.941961  0.941961
6.04441  1.03105  1.03105
6.06518  1.13048  1.13048
6.08593  1.23625  1.23625
6.10669  1.34851  1.34851
6.12743  1.46366  1.46366
6.14817  1.56767  1.56767
6.16891  1.63649  1.63649
6.18964  1.645  1.645
6.21036  1.57943  1.57943
6.23108  1.4451  1.4451
6.25179  1.26411  1.26411
6.27249  1.06425  1.06425
6.29319  0.865863  0.865863
6.31389  0.674543  0.674543
6.33457  0.483034  0.483034
6.35525  0.280303  0.280303
6.37593  0.0619873  0.0619873
6.3966  -0.163369  -0.163369
6.41726  -0.375022  -0.375022
6.43791  -0.54698  -0.54698
6.45856  -0.658095  -0.658095
6.47921  -0.701339  -0.701339
6.49985  -0.68868  -0.68868
6.52048  -0.649295  -0.649295
6.5411  -0.620913  -0.620913
6.56172  -0.636547  -0.636547
6.58233  -0.711328  -0.711328
6.60294  -0.835176  -0.835176
6.62354  -0.975525  -0.975525
6.64413  -1.09002  -1.09002
6.66472  -1.14382  -1.14382
6.6853  -1.12337  -1.12337
6.70587  -1.03995  -1.03995
6.72644  -0.92224  -0.92224
6.747  -0.80233  -0.80233
6.76755  -0.702058  -0.702058
6.7881  -0.624972  -0.624972
6.80864  -0.556125  -0.556125
6.82918  -0.469695  -0.469695
6.84971  -0.342619  -0.342619
6.87023  -0.169779  -0.169779
6.89074  0.026618  0.026618
6.91125  0.200683  0.200683
6.93175  0.301044  0.301044
6.95225  0.296037  0.296037
6.97274  0.192147  0.192147
6.99322  0.0341284  0.0341284
7.01369  -0.114565  -0.114565
7.03416  -0.200703  -0.200703
7.05462  -0.203527  -0.203527
7.07508  -0.138132  -0.138132
7.09552  -0.0387881  -0.0387881
7.11597  0.0672495  0.0672495
7.1364  0.178894  0.178894
7.15683  0.320468  0.320468
7.17725  0.52006  0.52006
7.19766  0.779753  0.779753
7.21807  1.05731  1.05731
7.23847  1.27361  1.27361
7.25886  1.34488  1.34488
7.27924  1.22328  1.22328
7.29962  0.923412  0.923412
7.31999  0.519795  0.519795
7.34036  0.116787  0.116787
7.36071  -0.193144  -0.193144
7.38106  -0.361894  -0.361894
7.40141  -0.394852  -0.394852
7.42174  -0.335988  -0.335988
7.44207  -0.240243  -0.240243
7.46239  -0.149006  -0.149006
7.48271  -0.0798197  -0.0798197
7.50302  -0.0316068  -0.0316068
7.52332  0.00208406  0.00208406
7.54361  0.0222345  0.0222345
7.56389  0.022587  0.022587
7.58417  -0.00339098  -0.00339098
7.60444  -0.0528163  -0.0528163
7.62471  -0.108352  -0.108352
7.64496  -0.142249  -0.142249
7.66521  -0.128586  -0.128586
7.68545  -0.0577659  -0.0577659
7.70569  0.0550825  0.0550825
7.72591  0.174194  0.174194
7.74613  0.259718  0.259718
7.76634  0.28876  0.28876
7.78655  0.268569  0.268569
7.80674  0.232693  0.232693
7.82693  0.221005  0.221005
7.84712  0.254999  0.254999
7.86729  0.323287  0.323287
7.88746  0.385804  0.385804
7.90761  0.393404  0.393404
7.92777  0.310667  0.310667
7.94791  0.129748  0.129748
7.96804  -0.129221  -0.129221
7.98817  -0.426924  -0.426924
8.00829  -0.715266  -0.715266
8.02841  -0.945107  -0.945107
8.04851  -1.07274  -1.07274
8.06861  -1.06875  -1.06875
8.0887  -0.929625  -0.929625
8.10878  -0.686764  -0.686764
8.12885  -0.404989  -0.404989
8.14892  -0.166251  -0.166251
8.16898  -0.0424278  -0.0424278
8.18903  -0.0682139  -0.0682139
8.20907  -0.226499  -0.226499
8.22911  -0.453425  -0.453425
8.24913  -0.661468  -0.661468
8.26915  -0.771063  -0.771063
8.28916  -0.737925  -0.737925
8.30916  -0.565543  -0.565543
8.32916  -0.299064  -0.299064
8.34915  -0.00483097  -0.00483097
8.36912  0.254607  0.254607
8.38909  0.439643  0.439643
8.40906  0.54081  0.54081
8.42901  0.573996  0.573996
8.44896  0.568192  0.568192
8.4689  0.551721  0.551721
8.48883  0.54195  0.54195
8.50875  0.54143  0.54143
8.52866  0.54096  0.54096
8.54857  0.527453  0.527453
8.56846  0.492375  0.492375
8.58835  0.436443  0.436443
8.60823  0.368598  0.368598
8.62811  0.300861  0.300861
8.64797  0.242751  0.242751
8.66782  0.198343  0.198343
8.68767  0.166532  0.166532
8.70751  0.143068  0.143068
8.72734  0.122797  0.122797
8.74716  0.10162  0.10162
8.76698  0.0784119  0.0784119
8.78678  0.056605  0.056605
8.80658  0.0441544  0.0441544
8.82637  0.0506012  0.0506012
8.84615  0.0815709  0.0815709
8.86592  0.133448  0.133448
8.88568  0.192198  0.192198
8.90544  0.238809  0.238809
8.92518  0.259822  0.259822
8.94492  0.257248  0.257248
8.96465  0.250991  0.250991
8.98437  0.270485  0.270485
9.00408  0.338825  0.338825
9.02378  0.458041  0.458041
9.04347  0.604323  0.604323
9.06316  0.736501  0.736501
9.08283  0.813555  0.813555
9.1025  0.812167  0.812167
9.12216  0.735976  0.735976
9.14181  0.613057  0.613057
9.16145  0.483869  0.483869
9.18108  0.385611  0.385611
9.20071  0.339503  0.339503
9.22032  0.345486  0.345486
9.23993  0.385354  0.385354
9.25952  0.431711  0.431711
9.27911  0.458099  0.458099
9.29869  0.446217  0.446217
9.31826  0.38885  0.38885
9.33782  0.289865  0.289865
9.35737  0.163238  0.163238
9.37691  0.0314792  0.0314792
9.39645  -0.0779111  -0.0779111
9.41597  -0.138892  -0.138892
9.43549  -0.134735  -0.134735
9.455  -0.0636493  -0.0636493
9.47449  0.0609743  0.0609743
9.49398  0.215786  0.215786
9.51346  0.375271  0.375271
9.53293  0.518464  0.518464
9.55239  0.632634  0.632634
9.57184  0.714123  0.714123
9.59129  0.767366  0.767366
9.61072  0.802569  0.802569
9.63014  0.832122  0.832122
9.64956  0.866218  0.866218
9.66896  0.90923  0.90923
9.68836  0.958557  0.958557
9.70775  1.0066  1.0066
9.72712  1.04473  1.04473
9.74649  1.06722  1.06722
9.76585  1.07313  1.07313
9.7852  1.06592  1.06592
9.80454  1.05132  1.05132
9.82387  1.03501  1.03501
9.84319  1.02097  1.02097
9.8625  1.01101  1.01101
9.8818  1.0051  1.0051
9.90109  1.00225  1.00225
9.92038  1.00122  1.00122
9.93965  1.00101  1.00101
9.95891  1.00107  1.00107
9.97817  1.00116  1.00116
9.99741  1.00122  1.00122
10.0166  1.00128  1.00128
10.0359  1.00134  1.00134
10.0551  1.00139  1.00139
10.0743  1.00144  1.00144
10.0935  1.00148  1.00148
10.1127  1.00151  1.00151
10.1319  1.00152  1.00152
10.151  1.00154  1.00154
10.1702  1.00155  1.00155
10.1893  1.00156  1.00156
10.2085  1.00158  1.00158
10.2276  1.00159  1.00159
10.2467  1.0016  1.0016
10.2658  1.00161  1.00161
10.2849  1.00161  1.00161
10.304  1.00162  1.00162
10.3231  1.00162  1.00162
10.3421  1.00163  1.00163
10.3612  1.00163  1.00163
10.3803  1.00164  1.00164
10.3993  1.00164  1.00164
10.4183  1.00165  1.00165
10.4373  1.00165  1.00165
10.4563  1.00165  1.00165
10.4753  1.00165  1.00165
10.4943  1.00166  1.00166
10.5133  1.00166  1.00166
10.5323  1.00166  1.00166
10.5512  1.00166  1.00166
10.5702  1.00166  1.00166
10.5891  1.00167  1.00167
10.608  1.00167  1.00167
10.627  1.00167  1.00167
10.6459  1.00167  1.00167
10.6648  1.00167  1.00167
10.6836  1.00167  1.00167
10.7025  1.00167  1.00167
10.7214  1.00167  1.00167
10.7402  1.00167  1.00167
10.7591  1.00167  1.00167
10.7779  1.00167  1.00167
10.7967  1.00167  1.00167
10.8156  1.00167  1.00167
10.8344  1.00167  1.00167
10.8532  1.00167  1.00167
10.8719  1.00167  1.00167
10.8907  1.00167  1.00167
10.9095  1.00167  1.00167
10.9282  1.00167  1.00167
10.947  1.00167  1.00167
10.9657  1.00167  1.00167
10.9844  1.00167  1.00167
11.0031  1.00167  1.00167
11.0218  1.00167  1.00167
11.0405  1.00167  1.00167
11.0592  1.00167  1.00167
11.0778  1.00167  1.00167
11.0965  1.00167  1.00167
11.1151  1.00166  1.00166
11.1338  1.00166  1.00166
11.1524  1.00166  1.00166
11.171  1.00166  1.00166
11.1896  1.00166  1.00166
11.2082  1.00165  1.00165
11.2268  1.00165  1.00165
11.2454  1.00165  1.00165
11.2639  1.00164  1.00164
11.2825  1.00164  1.00164
11.301  1.00163  1.00163
11.3195  1.00163  1.00163
11.338  1.00163  1.00163
11.3565  1.00162  1.00162
11.375  1.00161  1.00161
11.3935  1.0016  1.0016
11.412  1.00159  1.00159
11.4304  1.00158  1.00158
11.4489  1.00157  1.00157
11.4673  1.00156  1.00156
11.4858  1.00154  1.00154
11.5042  1.00153  1.00153
11.5226  1.0015  1.0015
11.541  1.00146  1.00146
11.5594  1.00142  1.00142
11.5777  1.00137  1.00137
11.5961  1.00131  1.00131
11.6144  1.00126  1.00126
11.6328  1.00118  1.00118
11.6511  1.001  1.001
11.6694  1.00046  1.00046
11.6877  0.998975  0.998975
11.706  0.995435  0.995435
11.7243  0.988184  0.988184
11.7426  0.975207  0.975207
11.7608  0.954652  0.954652
11.7791  0.925561  0.925561
11.7973  0.88864  0.88864
11.8155  0.846843  0.846843
11.8337  0.805502  0.805502
11.8519  0.771621  0.771621
11.8701  0.752045  0.752045
11.8883  0.750681  0.750681
11.9065  0.765909  0.765909
11.9246  0.789948  0.789948
11.9428  0.811504  0.811504
11.9609  0.82121  0.82121
11.979  0.817202  0.817202
11.9971  0.80745  0.80745
12.0152  0.807065  0.807065
12.0333  0.831839  0.831839
12.0514  0.891406  0.891406
12.0695  0.985275  0.985275
12.0875  1.10276  1.10276
12.1056  1.22578  1.22578
12.1236  1.33292  1.33292
12.1416  1.40391  1.40391
12.1596  1.42433  1.42433
12.1776  1.38972  1.38972
12.1956  1.30744  1.30744
12.2136  1.19461  1.19461
12.2315  1.07239  1.07239
12.2495  0.958934  0.958934
12.2674  0.864611  0.864611
12.2853  0.79131  0.79131
12.3032  0.735363  0.735363
12.3211  0.691571  0.691571
12.339  0.656055  0.656055
12.3569  0.627182  0.627182
12.3748  0.605245  0.605245
12.3926  0.591707  0.591707
12.4105  0.588155  0.588155
12.4283  0.594808  0.594808
12.4461  0.609119  0.609119
12.4639  0.625724  0.625724
12.4817  0.638485  0.638485
12.4995  0.643611  0.643611
12.5172  0.641458  0.641458
12.535  0.635378  0.635378
12.5527  0.628632  0.628632
12.5705  0.622364  0.622364
12.5882  0.616647  0.616647
12.6059  0.613238  0.613238
12.6236  0.616421  0.616421
12.6413  0.629767  0.629767
12.6589  0.650944  0.650944
12.6766  0.669511  0.669511
12.6943  0.670894  0.670894
12.7119  0.644641  0.644641
12.7295  0.59142  0.59142
12.7471  0.524126  0.524126
12.7647  0.46284  0.46284
12.7823  0.426958  0.426958
12.7999  0.428226  0.428226
12.8174  0.466848  0.466848
12.835  0.531643  0.531643
12.8525  0.60492  0.60492
12.87  0.671219  0.671219
12.8876  0.725904  0.725904
12.9051  0.7775  0.7775
12.9225  0.840336  0.840336
12.94  0.921202  0.921202
12.9575  1.00972  1.00972
12.9749  1.08083  1.08083
12.9924  1.10897  1.10897
13.0098  1.08394  1.08394
13.0272  1.01665  1.01665
13.0446  0.930706  0.930706
13.062  0.846783  0.846783
13.0793  0.771739  0.771739
13.0967  0.699805  0.699805
13.1141  0.622895  0.622895
13.1314  0.540454  0.540454
13.1487  0.461213  0.461213
13.166  0.397222  0.397222
13.1833  0.3571  0.3571
13.2006  0.344777  0.344777
13.2179  0.363569  0.363569
13.2351  0.419651  0.419651
13.2524  0.51944  0.51944
13.2696  0.661497  0.661497
13.2868  0.829402  0.829402
13.304  0.992314  0.992314
13.3212  1.11458  1.11458
13.3384  1.16951  1.16951
13.3556  1.15016  1.15016
13.3728  1.07219  1.07219
13.3899  0.968167  0.968167
13.407  0.876026  0.876026
13.4241  0.826227  0.826227
13.4412  0.832677  0.832677
13.4583  0.891506  0.891506
13.4754  0.988124  0.988124
13.4925  1.10781  1.10781
13.5095  1.24205  1.24205
13.5266  1.38547  1.38547
13.5436  1.52569  1.52569
13.5606  1.63525  1.63525
13.5776  1.67438  1.67438
13.5946  1.60611  1.60611
13.6116  1.41585  1.41585
13.6285  1.12387  1.12387
13.6455  0.783384  0.783384
13.6624  0.464833  0.464833
13.6794  0.23334  0.23334
13.6963  0.127757  0.127757
13.7132  0.147929  0.147929
13.73  0.254318  0.254318
13.7469  0.381159  0.381159
13.7638  0.460049  0.460049
13.7806  0.445785  0.445785
13.7974  0.333606  0.333606
13.8143  0.15987  0.15987
13.8311  -0.0140386  -0.0140386
13.8478  -0.12674  -0.12674
13.8646  -0.139804  -0.139804
13.8814  -0.0503678  -0.0503678
13.8981  0.109128  0.109128
13.9149  0.282012  0.282012
13.9316  0.405314  0.405314
13.9483  0.430126  0.430126
13.965  0.339383  0.339383
13.9817  0.157358  0.157358
13.9983  -0.0540169  -0.0540169
14.015  -0.213238  -0.213238
14.0316  -0.246976  -0.246976
14.0483  -0.117125  -0.117125
14.0649  0.164818  0.164818
14.0815  0.54327  0.54327
14.0981  0.941397  0.941397
14.1147  1.28926  1.28926
14.1312  1.54283  1.54283
14.1478  1.68648  1.68648
14.1643  1.72293  1.72293
14.1808  1.66196  1.66196
14.1973  1.51628  1.51628
14.2138  1.30388  1.30388
14.2303  1.04973  1.04973
14.2468  0.781509  0.781509
14.2632  0.522086  0.522086
14.2796  0.286046  0.286046
14.2961  0.0844132  0.0844132
14.3125  -0.0668783  -0.0668783
14.3289  -0.144122  -0.144122
14.3453  -0.124377  -0.124377
14.3616  -0.00169811  -0.00169811
14.378  0.200112  0.200112
14.3943  0.428871  0.428871
14.4106  0.621779  0.621779
14.427  0.731292  0.731292
14.4433  0.745058  0.745058
14.4595  0.688869  0.688869
14.4758  0.611676  0.611676
14.4921  0.562597  0.562597
14.5083  0.573661  0.573661
14.5245  0.65605  0.65605
14.5408  0.806333  0.806333
14.557  1.01223  1.01223
14.5731  1.25064  1.25064
14.5893  1.48148  1.48148
14.6055  1.64857  1.64857
14.6216  1.69596  1.69596
14.6378  1.59524  1.59524
14.6539  1.36732  1.36732
14.67  1.08133  1.08133
14.6861  0.826405  0.826405
14.7021  0.669838  0.669838
14.7182  0.624823  0.624823
14.7342  0.645978  0.645978
14.7503  0.654141  0.654141
14.7663  0.575759  0.575759
14.7823  0.376364  0.376364
14.7983  0.0739853  0.0739853
14.8143  -0.269505  -0.269505
14.8302  -0.571517  -0.571517
14.8462  -0.755667  -0.755667
14.8621  -0.773669  -0.773669
14.878  -0.616826  -0.616826
14.8939  -0.31527  -0.31527
14.9098  0.0731233  0.0731233
14.9257  0.478797  0.478797
14.9415  0.835033  0.835033
14.9574  1.08695  1.08695
14.9732  1.19564  1.19564
14.989  1.14104  1.14104
15.0048  0.92617  0.92617
15.0206  0.581  0.581
15.0364  0.160999  0.160999
15.0522  -0.263794  -0.263794
15.0679  -0.628211  -0.628211
15.0836  -0.892569  -0.892569
15.0994  -1.05408  -1.05408
15.1151  -1.14178  -1.14178
15.1307  -1.19604  -1.19604
15.1464  -1.24346  -1.24346
15.1621  -1.28148  -1.28148
15.1777  -1.28267  -1.28267
15.1933  -1.21667  -1.21667
15.209  -1.07653  -1.07653
15.2246  -0.893288  -0.893288
15.2401  -0.729488  -0.729488
15.2557  -0.654972  -0.654972
15.2713  -0.71765  -0.71765
15.2868  -0.923182  -0.923182
15.3023  -1.23116  -1.23116
15.3178  -1.56692  -1.56692
15.3333  -1.84267  -1.84267
15.3488  -1.98053  -1.98053
15.3643  -1.93161  -1.93161
15.3797  -1.68688  -1.68688
15.3952  -1.27713  -1.27713
15.4106  -0.762028  -0.762028
15.426  -0.212111  -0.212111
15.4414  0.308923  0.308923
15.4568  0.755113  0.755113
15.4721  1.10075  1.10075
15.4875  1.33876  1.33876
15.5028  1.48025  1.48025
15.5181  1.55562  1.55562
15.5334  1.61093  1.61093
15.5487  1.69305  1.69305
15.564  1.82522  1.82522
15.5792  1.98601  1.98601
15.5945  2.10798  2.10798
15.6097  2.10291  2.10291
15.6249  1.90313  1.90313
15.6401  1.49676  1.49676
15.6553  0.937135  0.937135
15.6705  0.32277  0.32277
15.6856  -0.238899  -0.238899
15.7008  -0.663999  -0.663999
15.7159  -0.907693  -0.907693
15.731  -0.962713  -0.962713
15.7461  -0.850103  -0.850103
15.7612  -0.610918  -0.610918
15.7762  -0.300865  -0.300865
15.7913  0.0158681  0.0158681
15.8063  0.276876  0.276876
15.8213  0.434184  0.434184
15.8363  0.463556  0.463556
15.8513  0.365936  0.365936
15.8663  0.161802  0.161802
15.8812  -0.116482  -0.116482
15.8962  -0.429739  -0.429739
15.9111  -0.734387  -0.734387
15.926  -0.985837  -0.985837
15.9409  -1.14579  -1.14579
15.9558  -1.19176  -1.19176
15.9706  -1.12319  -1.12319
15.9855  -0.959646  -0.959646
16.0003  -0.731725  -0.731725
16.0151  -0.471205  -0.471205
16.0299  -0.207206  -0.207206
16.0447  0.0302117  0.0302117
16.0595  0.2052  0.2052
16.0742  0.279391  0.279391
16.089  0.227702  0.227702
16.1037  0.0603981  0.0603981
16.1184  -0.163819  -0.163819
16.1331  -0.348221  -0.348221
16.1478  -0.394118  -0.394118
16.1624  -0.247398  -0.247398
16.1771  0.0701227  0.0701227
16.1917  0.464943  0.464943
16.2063  0.812581  0.812581
16.2209  1.01384  1.01384
16.2355  1.03635  1.03635
16.2501  0.920481  0.920481
16.2646  0.750627  0.750627
16.2792  0.611463  0.611463
16.2937  0.553846  0.553846
16.3082  0.584373  0.584373
16.3227  0.676742  0.676742
16.3371  0.792429  0.792429
16.3516  0.897635  0.897635
16.366  0.970074  0.970074
16.3805  0.996904  0.996904
16.3949  0.969483  0.969483
16.4093  0.880559  0.880559
16.4236  0.726086  0.726086
16.438  0.509415  0.509415
16.4524  0.243142  0.243142
16.4667  -0.0544099  -0.0544099
16.481  -0.366059  -0.366059
16.4953  -0.679788  -0.679788
16.5096  -0.984939  -0.984939
16.5239  -1.26235  -1.26235
16.5381  -1.47708  -1.47708
16.5523  -1.58288  -1.58288
16.5666  -1.53968  -1.53968
16.5808  -1.33532  -1.33532
16.5949  -0.997851  -0.997851
16.6091  -0.58969  -0.58969
16.6233  -0.186191  -0.186191
16.6374  0.149825  0.149825
16.6515  0.384854  0.384854
16.6656  0.516933  0.516933
16.6797  0.566412  0.566412
16.6938  0.563255  0.563255
16.7079  0.537387  0.537387
16.7219  0.513656  0.513656
16.7359  0.509227  0.509227
16.75  0.531219  0.531219
16.7639  0.574833  0.574833
16.7779  0.623898  0.623898
16.7919  0.655166  0.655166
16.8058  0.64558  0.64558
16.8198  0.580246  0.580246
16.8337  0.458612  0.458612
16.8476  0.2968  0.2968
16.8615  0.124649  0.124649
16.8753  -0.0227533  -0.0227533
16.8892  -0.116722  -0.116722
16.903  -0.144867  -0.144867
16.9168  -0.114075  -0.114075
16.9306  -0.0449349  -0.0449349
16.9444  0.0388548  0.0388548
16.9582  0.119645  0.119645
16.9719  0.18896  0.18896
16.9857  0.244902  0.244902
16.9994  0.288008  0.288008
17.0131  0.319654  0.319654
17.0268  0.343751  0.343751
17.0404  0.368937  0.368937
17.0541  0.407457  0.407457
17.0677  0.469036  0.469036
17.0813  0.551921  0.551921
17.0949  0.636712  0.636712
17.1085  0.689061  0.689061
17.1221  0.673373  0.673373
17.1357  0.572338  0.572338
17.1492  0.401078  0.401078
17.1627  0.205201  0.205201
17.1762  0.04084  0.04084
17.1897  -0.0533396  -0.0533396
17.2032  -0.0755815  -0.0755815
17.2166  -0.0597868  -0.0597868
17.2301  -0.0542079  -0.0542079
17.2435  -0.0930921  -0.0930921
17.2569  -0.177917  -0.177917
17.2703  -0.278093  -0.278093
17.2837  -0.349111  -0.349111
17.297  -0.356798  -0.356798
17.3103  -0.294424  -0.294424
17.3237  -0.184893  -0.184893
17.337  -0.0690396  -0.0690396
17.3503  0.0119459  0.0119459
17.3635  0.0305656  0.0305656
17.3768  -0.0216462  -0.0216462
17.39  -0.136249  -0.136249
17.4032  -0.292634  -0.292634
17.4165  -0.461985  -0.461985
17.4296  -0.611265  -0.611265
17.4428  -0.710103  -0.710103
17.456  -0.740653  -0.740653
17.4691  -0.705603  -0.705603
17.4822  -0.627821  -0.627821
17.4953  -0.539712  -0.539712
17.5084  -0.467752  -0.467752
17.5215  -0.421694  -0.421694
17.5345  -0.394733  -0.394733
17.5476  -0.373229  -0.373229
17.5606  -0.348488  -0.348488
17.5736  -0.322955  -0.322955
17.5866  -0.307823  -0.307823
17.5995  -0.314567  -0.314567
17.6125  -0.345744  -0.345744
17.6254  -0.390297  -0.390297
17.6383  -0.426371  -0.426371
17.6512  -0.431249  -0.431249
17.6641  -0.394003  -0.394003
17.677  -0.323636  -0.323636
17.6898  -0.246615  -0.246615
17.7027  -0.193543  -0.193543
17.7155  -0.182234  -0.182234
17.7283  -0.208009  -0.208009
17.7411  -0.247945  -0.247945
17.7538  -0.276129  -0.276129
17.7666  -0.278953  -0.278953
17.7793  -0.259432  -0.259432
17.792  -0.228079  -0.228079
17.8047  -0.188442  -0.188442
17.8174  -0.129694  -0.129694
17.8301  -0.0331996  -0.0331996
17.8427  0.11099  0.11099
17.8553  0.289685  0.289685
17.8679  0.465094  0.465094
17.8805  0.588451  0.588451
17.8931  0.620949  0.620949
17.9057  0.55011  0.55011
17.9182  0.393401  0.393401
17.9307  0.188895  0.188895
17.9432  -0.0203275  -0.0203275
17.9557  -0.199413  -0.199413
17.9682  -0.327173  -0.327173
17.9806  -0.394173  -0.394173
17.9931  -0.398432  -0.398432
18.0055  -0.344148  -0.344148
18.0179  -0.244793  -0.244793
18.0303  -0.126593  -0.126593
18.0427  -0.0261377  -0.0261377
18.055  0.0207403  0.0207403
18.0673  -0.00533567  -0.00533567
18.0797  -0.0962394  -0.0962394
18.0919  -0.217899  -0.217899
18.1042  -0.325053  -0.325053
18.1165  -0.381621  -0.381621
18.1287  -0.37587  -0.37587
18.141  -0.323209  -0.323209
18.1532  -0.256738  -0.256738
18.1654  -0.211563  -0.211563
18.1775  -0.210334  -0.210334
18.1897  -0.255138  -0.255138
18.2018  -0.327519  -0.327519
18.214  -0.395873  -0.395873
18.2261  -0.427831  -0.427831
18.2382  -0.403708  -0.403708
18.2502  -0.325847  -0.325847
18.2623  -0.219103  -0.219103
18.2743  -0.121005  -0.121005
18.2863  -0.0653674  -0.0653674
18.2983  -0.0672643  -0.0672643
18.3103  -0.117163  -0.117163
18.3223  -0.18703  -0.18703
18.3342  -0.244376  -0.244376
18.3462  -0.265991  -0.265991
18.3581  -0.244374  -0.244374
18.37  -0.185326  -0.185326
18.3818  -0.100728  -0.100728
18.3937  -0.00229839  -0.00229839
18.4055  0.100412  0.100412
18.4174  0.198714  0.198714
18.4292  0.283346  0.283346
18.4409  0.345188  0.345188
18.4527  0.377744  0.377744
18.4645  0.379272  0.379272
18.4762  0.352911  0.352911
18.4879  0.305005  0.305005
18.4996  0.243186  0.243186
18.5113  0.175478  0.175478
18.523  0.110329  0.110329
18.5346  0.0563705  0.0563705
18.5462  0.0209078  0.0209078
18.5578  0.00738326  0.00738326
18.5694  0.0132499  0.0132499
18.581  0.0298528  0.0298528
18.5926  0.0449586  0.0449586
18.6041  0.047135  0.047135
18.6156  0.0301487  0.0301487
18.6271  -0.00455558  -0.00455558
18.6386  -0.0484106  -0.0484106
18.6501  -0.0890995  -0.0890995
18.6615  -0.115288  -0.115288
18.6729  -0.120676  -0.120676
18.6843  -0.10572  -0.10572
18.6957  -0.076532  -0.076532
18.7071  -0.0418041  -0.0418041
18.7185  -0.00941942  -0.00941942
18.7298  0.015753  0.015753
18.7411  0.0322268  0.0322268
18.7524  0.0408086  0.0408086
18.7637  0.0430222  0.0430222
18.775  0.0399965  0.0399965
18.7862  0.0322695  0.0322695
18.7975  0.0203572  0.0203572
18.8087  0.00551292  0.00551292
18.8199  -0.00994542  -0.00994542
18.8311  -0.0230589  -0.0230589
18.8422  -0.0312309  -0.0312309
18.8534  -0.0332521  -0.0332521
18.8645  -0.0297489  -0.0297489
18.8756  -0.0228021  -0.0228021
18.8867  -0.0149766  -0.0149766
18.8977  -0.00831251  -0.00831251
18.9088  -0.00377434  -0.00377434
18.9198  -0.00130585  -0.00130585
18.9308  -0.000281546  -0.000281546
18.9418  -1.87089e-06  -1.87089e-06
18.9528  1.6578e-05  1.6578e-05
18.9638  -3.97787e-06  -3.97787e-06
18.9747  -8.97968e-06  -8.97968e-06
18.9856  -4.95296e-06  -4.95296e-06
18.9965  -1.89358e-06  -1.89358e-06
19.0074  -1.14835e-06  -1.14835e-06
19.0183  -8.95562e-07  -8.95562e-07
19.0291  -4.23622e-07  -4.23622e-07
19.0399  -3.69935e-08  -3.69935e-08
19.0508  7.53185e-08  7.53185e-08
19.0616  4.52599e-08  4.52599e-08
19.0723  1.11538e-08  1.11538e-08
19.0831  -6.46501e-09  -6.46501e-09
19.0938  -1.99804e-08  -1.99804e-08
19.1045  -2.23882e-08  -2.23882e-08
19.1152  -1.01046e-08  -1.01046e-08
19.1259  4.31319e-09  4.31319e-09
19.1366  1.02404e-08  1.02404e-08
19.1472  9.43939e-09  9.43939e-09
19.1579  7.37921e-09  7.37921e-09
19.1685  5.59769e-09  5.59769e-09
19.1791  3.9154e-09  3.9154e-09
19.1896  3.28604e-09  3.28604e-09
19.2002  4.25775e-09  4.25775e-09
19.2107  5.69058e-09  5.69058e-09
19.2212  6.32691e-09  6.32691e-09
19.2317  6.171e-09  6.171e-09
19.2422  5.80017e-09  5.80017e-09
19.2527  5.41817e-09  5.41817e-09
19.2631  5.03109e-09  5.03109e-09
19.2735  4.81904e-09  4.81904e-09
19.2839  4.90052e-09  4.90052e-09
19.2943  5.09058e-09  5.09058e-09
19.3047  5.14858e-09  5.14858e-09
19.3151  5.05448e-09  5.05448e-09
19.3254  4.91119e-09  4.91119e-09
19.3357  4.75954e-09  4.75954e-09
19.346  4.60451e-09  4.60451e-09
19.3563  4.49222e-09  4.49222e-09
19.3665  4.45523e-09  4.45523e-09
19.3768  4.45021e-09  4.45021e-09
19.387  4.41487e-09  4.41487e-09
19.3972  4.34094e-09  4.34094e-09
19.4074  4.25362e-09  4.25362e-09
19.4175  4.16328e-09  4.16328e-09
19.4277  4.07189e-09  4.07189e-09
19.4378  3.9942e-09  3.9942e-09
19.4479  3.9409e-09  3.9409e-09
19.458  3.89901e-09  3.89901e-09
19.4681  3.84885e-09  3.84885e-09
19.4781  3.78737e-09  3.78737e-09
19.4881  3.72215e-09  3.72215e-09
19.4981  3.65613e-09  3.65613e-09
19.5081  3.59001e-09  3.59001e-09
19.5181  3.52928e-09  3.52928e-09
19.5281  3.47796e-09  3.47796e-09
19.538  3.43144e-09  3.43144e-09
19.5479  3.38263e-09  3.38263e-09
19.5578  3.33043e-09  3.33043e-09
19.5677  3.27749e-09  3.27749e-09
19.5776  3.22462e-09  3.22462e-09
19.5874  3.17198e-09  3.17198e-09
19.5972  3.12185e-09  3.12185e-09
19.607  3.07589e-09  3.07589e-09
19.6168  3.03226e-09  3.03226e-09
19.6266  2.9882e-09  2.9882e-09
19.6363  2.94337e-09  2.94337e-09
19.6461  2.89878e-09  2.89878e-09
19.6558  2.85458e-09  2.85458e-09
19.6655  2.81073e-09  2.81073e-09
19.6752  2.76822e-09  2.76822e-09
19.6848  2.72778e-09  2.72778e-09
19.6944  2.68864e-09  2.68864e-09
19.7041  2.64967e-09  2.64967e-09
19.7137  2.61084e-09  2.61084e-09
19.7232  2.57257e-09  2.57257e-09
19.7328  2.53479e-09  2.53479e-09
19.7423  2.49739e-09  2.49739e-09
19.7519  2.46079e-09  2.46079e-09
19.7614  2.42532e-09  2.42532e-09
19.7708  2.39065e-09  2.39065e-09
19.7803  2.35634e-09  2.35634e-09
19.7897  2.32249e-09  2.32249e-09
19.7992  2.28927e-09  2.28927e-09
19.8086  2.25656e-09  2.25656e-09
19.818  2.22421e-09  2.22421e-09
19.8273  2.19239e-09  2.19239e-09
19.8367  2.16123e-09  2.16123e-09
19.846  2.13061e-09  2.13061e-09
19.8553  2.1004e-09  2.1004e-09
19.8646  2.07072e-09  2.07072e-09
19.8739  2.04167e-09  2.04167e-09
19.8831  2.01311e-09  2.01311e-09
19.8924  1.98487e-09  1.98487e-09
19.9016  1.957e-09  1.957e-09
19.9108  1.92956e-09  1.92956e-09
19.92  1.9025e-09  1.9025e-09
19.9291  1.87583e-09  1.87583e-09
19.9383  1.8497e-09  1.8497e-09
19.9474  1.82415e-09  1.82415e-09
19.9565  1.79904e-09  1.79904e-09
19.9656  1.77424e-09  1.77424e-09
19.9746  1.7497e-09  1.7497e-09
19.9837  1.72545e-09  1.72545e-09
19.9927  1.70149e-09  1.70149e-09
20.0017  1.67789e-09  1.67789e-09
20.0107  1.65478e-09  1.65478e-09
20.0196  1.63221e-09  1.63221e-09
20.0286  1.61004e-09  1.61004e-09
20.0375  1.58814e-09  1.58814e-09
20.0464  1.56645e-09  1.56645e-09
20.0553  1.54495e-09  1.54495e-09
20.0642  1.52367e-09  1.52367e-09
20.073  1.50273e-09  1.50273e-09
20.0819  1.48223e-09  1.48223e-09
20.0907  1.46221e-09  1.46221e-09
20.0995  1.44256e-09  1.44256e-09
20.1082  1.42315e-09  1.42315e-09
20.117  1.4039e-09  1.4039e-09
20.1257  1.38479e-09  1.38479e-09
20.1344  1.36586e-09  1.36586e-09
20.1431  1.34721e-09  1.34721e-09
20.1518  1.32898e-09  1.32898e-09
20.1605  1.31117e-09  1.31117e-09
20.1691  1.29369e-09  1.29369e-09
20.1777  1.27643e-09  1.27643e-09
20.1863  1.25929e-09  1.25929e-09
20.1949  1.24226e-09  1.24226e-09
20.2034  1.22537e-09  1.22537e-09
20.212  1.20873e-09  1.20873e-09
20.2205  1.19247e-09  1.19247e-09
20.229  1.17658e-09  1.17658e-09
20.2375  1.161e-09  1.161e-09
20.2459  1.1456e-09  1.1456e-09
20.2544  1.13031e-09  1.13031e-09
20.2628  1.11509e-09  1.11509e-09
20.2712  1.09998e-09  1.09998e-09
20.2796  1.08511e-09  1.08511e-09
20.288  1.07056e-09  1.07056e-09
20.2963  1.05636e-09  1.05636e-09
20.3046  1.04243e-09  1.04243e-09
20.3129  1.02867e-09  1.02867e-09
20.3212  1.01498e-09  1.01498e-09
20.3295  1.00135e-09  1.00135e-09
20.3377  9.8782e-10  9.8782e-10
20.346  9.7449e-10  9.7449e-10
20.3542  9.61454e-10  9.61454e-10
20.3623  9.4873e-10  9.4873e-10
20.3705  9.36252e-10  9.36252e-10
20.3787  9.2392e-10  9.2392e-10
20.3868  9.11653e-10  9.11653e-10
20.3949  8.99424e-10  8.99424e-10
20.403  8.87277e-10  8.87277e-10
20.4111  8.7531e-10  8.7531e-10
20.4191  8.63607e-10  8.63607e-10
20.4271  8.52185e-10  8.52185e-10
20.4351  8.40986e-10  8.40986e-10
20.4431  8.29916e-10  8.29916e-10
20.4511  8.18899e-10  8.18899e-10
20.4591  8.07908e-10  8.07908e-10
20.467  7.96986e-10  7.96986e-10
20.4749  7.86224e-10  7.86224e-10
20.4828  7.757e-10  7.757e-10
20.4907  7.6543e-10  7.6543e-10
20.4985  7.55362e-10  7.55362e-10
20.5063  7.45409e-10  7.45409e-10
20.5142  7.35498e-10  7.35498e-10
20.522  7.25605e-10  7.25605e-10
20.5297  7.15769e-10  7.15769e-10
20.5375  7.06075e-10  7.06075e-10
20.5452  6.96597e-10  6.96597e-10
20.5529  6.8735e-10  6.8735e-10
20.5606  6.78286e-10  6.78286e-10
20.5683  6.69324e-10  6.69324e-10
20.5759  6.60395e-10  6.60395e-10
20.5836  6.51477e-10  6.51477e-10
20.5912  6.42607e-10  6.42607e-10
20.5988  6.33864e-10  6.33864e-10
20.6064  6.25317e-10  6.25317e-10
20.6139  6.1698e-10  6.1698e-10
20.6215  6.08808e-10  6.08808e-10
20.629  6.00728e-10  6.00728e-10
20.6365  5.92674e-10  5.92674e-10
20.6439  5.84625e-10  5.84625e-10
20.6514  5.76616e-10  5.76616e-10
20.6588  5.68722e-10  5.68722e-10
20.6663  5.61005e-10  5.61005e-10
20.6736  5.53479e-10  5.53479e-10
20.681  5.46104e-10  5.46104e-10
20.6884  5.38811e-10  5.38811e-10
20.6957  5.31537e-10  5.31537e-10
20.703  5.24264e-10  5.24264e-10
20.7103  5.17026e-10  5.17026e-10
20.7176  5.09889e-10  5.09889e-10
20.7249  5.02915e-10  5.02915e-10
20.7321  4.96115e-10  4.96115e-10
20.7393  4.89453e-10  4.89453e-10
20.7465  4.82863e-10  4.82863e-10
20.7537  4.76288e-10  4.76288e-10
20.7608  4.6971e-10  4.6971e-10
20.768  4.63161e-10  4.63161e-10
20.7751  4.56704e-10  4.56704e-10
20.7822  4.50394e-10  4.50394e-10
20.7893  4.44245e-10  4.44245e-10
20.7963  4.38221e-10  4.38221e-10
20.8034  4.32262e-10  4.32262e-10
20.8104  4.26313e-10  4.26313e-10
20.8174  4.20359e-10  4.20359e-10
20.8243  4.14428e-10  4.14428e-10
20.8313  4.08581e-10  4.08581e-10
20.8382  4.02869e-10  4.02869e-10
20.8452  3.97304e-10  3.97304e-10
20.8521  3.91854e-10  3.91854e-10
20.8589  3.86461e-10  3.86461e-10
20.8658  3.81075e-10  3.81075e-10
20.8726  3.75681e-10  3.75681e-10
20.8794  3.70308e-10  3.70308e-10
20.8862  3.65009e-10  3.65009e-10
20.893  3.59835e-10  3.59835e-10
20.8998  3.54795e-10  3.54795e-10
20.9065  3.4986e-10  3.4986e-10
20.9132  3.44977e-10  3.44977e-10
20.9199  3.40098e-10  3.40098e-10
20.9266  3.35209e-10  3.35209e-10
20.9332  3.30337e-10  3.30337e-10
20.9399  3.25533e-10  3.25533e-10
20.9465  3.20843e-10  3.20843e-10
20.9531  3.16277e-10  3.16277e-10
20.9596  3.11807e-10  3.11807e-10
20.9662  3.07383e-10  3.07383e-10
20.9727  3.02961e-10  3.02961e-10
20.9792  2.98528e-10  2.98528e-10
20.9857  2.94108e-10  2.94108e-10
20.9922  2.89751e-10  2.89751e-10
20.9987  2.85498e-10  2.85498e-10
21.0051  2.8136e-10  2.8136e-10
21.0115  2.77309e-10  2.77309e-10
21.0179  2.733e-10  2.733e-10
21.0243  2.69291e-10  2.69291e-10
21.0306  2.65269e-10  2.65269e-10
21.0369  2.61258e-10  2.61258e-10
21.0433  2.57305e-10  2.57305e-10
21.0496  2.53447e-10  2.53447e-10
21.0558  2.49696e-10  2.49696e-10
21.0621  2.46025e-10  2.46025e-10
21.0683  2.42391e-10  2.42391e-10
21.0745  2.38755e-10  2.38755e-10
21.0807  2.35105e-10  2.35105e-10
21.0869  2.31465e-10  2.31465e-10
21.093  2.27877e-10  2.27877e-10
21.0991  2.24378e-10  2.24378e-10
21.1052  2.20976e-10  2.20976e-10
21.1113  2.17649e-10  2.17649e-10
21.1174  2.14355e-10  2.14355e-10
21.1234  2.11057e-10  2.11057e-10
21.1295  2.07745e-10  2.07745e-10
21.1355  2.0444e-10  2.0444e-10
21.1415  2.01183e-10  2.01183e-10
21.1474  1.98009e-10  1.98009e-10
21.1534  1.94925e-10  1.94925e-10
21.1593  1.91909e-10  1.91909e-10
21.1652  1.88923e-10  1.88923e-10
21.1711  1.85932e-10  1.85932e-10
21.1769  1.82926e-10  1.82926e-10
21.1828  1.79926e-10  1.79926e-10
21.1886  1.76971e-10  1.76971e-10
21.1944  1.74091e-10  1.74091e-10
21.2002  1.71295e-10  1.71295e-10
21.206  1.68562e-10  1.68562e-10
21.2117  1.65856e-10  1.65856e-10
21.2174  1.63143e-10  1.63143e-10
21.2231  1.60416e-10  1.60416e-10
21.2288  1.57693e-10  1.57693e-10
21.2344  1.5501e-10  1.5501e-10
21.2401  1.52399e-10  1.52399e-10
21.2457  1.49865e-10  1.49865e-10
21.2513  1.47389e-10  1.47389e-10
21.2569  1.44937e-10  1.44937e-10
21.2624  1.42478e-10  1.42478e-10
21.268  1.40003e-10  1.40003e-10
21.2735  1.37532e-10  1.37532e-10
21.279  1.35099e-10  1.35099e-10
21.2845  1.32731e-10  1.32731e-10
21.2899  1.30436e-10  1.30436e-10
21.2953  1.28194e-10  1.28194e-10
21.3007  1.25973e-10  1.25973e-10
21.3061  1.23744e-10  1.23744e-10
21.3115  1.215e-10  1.215e-10
21.3169  1.19259e-10  1.19259e-10
21.3222  1.17052e-10  1.17052e-10
21.3275  1.14907e-10  1.14907e-10
21.3328  1.12829e-10  1.12829e-10
21.3381  1.108e-10  1.108e-10
21.3433  1.08789e-10  1.08789e-10
21.3485  1.0677e-10  1.0677e-10
21.3537  1.04736e-10  1.04736e-10
21.3589  1.02704e-10  1.02704e-10
21.3641  1.00705e-10  1.00705e-10
21.3692  9.87619e-11  9.87619e-11
21.3744  9.68817e-11  9.68817e-11
21.3795  9.50469e-11  9.50469e-11
21.3846  9.32283e-11  9.32283e-11
21.3896  9.14009e-11  9.14009e-11
21.3947  8.95586e-11  8.95586e-11
21.3997  8.77175e-11  8.77175e-11
21.4047  8.59064e-11  8.59064e-11
21.4097  8.41488e-11  8.41488e-11
21.4146  8.24493e-11  8.24493e-11
21.4196  8.07916e-11  8.07916e-11
21.4245  7.91481e-11  7.91481e-11
21.4294  7.74955e-11  7.74955e-11
21.4343  7.58281e-11  7.58281e-11
21.4391  7.41615e-11  7.41615e-11
21.4439  7.25227e-11  7.25227e-11
21.4488  7.0934e-11  7.0934e-11
21.4536  6.93994e-11  6.93994e-11
21.4583  6.79035e-11  6.79035e-11
21.4631  6.64199e-11  6.64199e-11
21.4678  6.49269e-11  6.49269e-11
21.4725  6.34193e-11  6.34193e-11
21.4772  6.19121e-11  6.19121e-11
21.4819  6.04309e-11  6.04309e-11
21.4865  5.89966e-11  5.89966e-11
21.4912  5.76127e-11  5.76127e-11
21.4958  5.62645e-11  5.62645e-11
21.5004  5.49271e-11  5.49271e-11
21.5049  5.35798e-11  5.35798e-11
21.5095  5.22183e-11  5.22183e-11
21.514  5.08568e-11  5.08568e-11
21.5185  4.95198e-11  4.95198e-11
21.523  4.82267e-11  4.82267e-11
21.5274  4.69807e-11  4.69807e-11
21.5319  4.57675e-11  4.57675e-11
21.5363  4.45636e-11  4.45636e-11
21.5407  4.33496e-11  4.33496e-11
21.5451  4.21217e-11  4.21217e-11
21.5494  4.08936e-11  4.08936e-11
21.5538  3.96885e-11  3.96885e-11
21.5581  3.85245e-11  3.85245e-11
21.5624  3.74046e-11  3.74046e-11
21.5667  3.63148e-11  3.63148e-11
21.5709  3.5233e-11  3.5233e-11
21.5752  3.4141e-11  3.4141e-11
21.5794  3.30353e-11  3.30353e-11
21.5836  3.19293e-11  3.19293e-11
21.5877  3.08449e-11  3.08449e-11
21.5919  2.97992e-11  2.97992e-11
21.596  2.87946e-11  2.87946e-11
21.6001  2.78178e-11  2.78178e-11
21.6042  2.68477e-11  2.68477e-11
21.6083  2.58672e-11  2.58672e-11
21.6123  2.48734e-11  2.48734e-11
21.6164  2.38792e-11  2.38792e-11
21.6204  2.29053e-11  2.29053e-11
21.6244  2.19679e-11  2.19679e-11
21.6283  2.10688e-11  2.10688e-11
21.6323  2.01954e-11  2.01954e-11
21.6362  1.93274e-11  1.93274e-11
21.6401  1.84489e-11  1.84489e-11
21.644  1.75576e-11  1.75576e-11
21.6478  1.66657e-11  1.66657e-11
21.6517  1.57932e-11  1.57932e-11
21.6555  1.49549e-11  1.49549e-11
21.6593  1.41524e-11  1.41524e-11
21.6631  1.33735e-11  1.33735e-11
21.6668  1.25989e-11  1.25989e-11
21.6705  1.18139e-11  1.18139e-11
21.6743  1.10162e-11  1.10162e-11
21.678  1.02181e-11  1.02181e-11
21.6816  9.43832e-12  9.43832e-12
21.6853  8.69082e-12  8.69082e-12
21.6889  7.9768e-12  7.9768e-12
21.6925  7.28432e-12  7.28432e-12
21.6961  6.59524e-12  6.59524e-12
21.6997  5.8956e-12  5.8956e-12
21.7032  5.18378e-12  5.18378e-12
21.7067  4.47152e-12  4.47152e-12
21.7102  3.77666e-12  3.77666e-12
21.7137  3.11229e-12  3.11229e-12
21.7172  2.47918e-12  2.47918e-12
21.7206  1.86577e-12  1.86577e-12
21.7241  1.25483e-12  1.25483e-12
21.7275  6.33306e-13  6.33306e-13
21.7308  0  0
21.7342  0  0
21.7375  0  0
21.7408  0  0
21.7441  0  0
21.7474  0  0
21.7507  0  0
21.7539  0  0
21.7571  0  0
21.7603  0  0
21.7635  0  0
21.7666  0  0
21.7697  0  0
21.7728  0  0
21.7759  0  0
21.779  0  0
21.782  0  0
21.7851  0  0
21.7881  0  0
21.791  0  0
21.794  0  0
21.7969  0  0
21.7999  0  0
21.8028  0  0
21.8056  0  0
21.8085  0  0
21.8113  0  0
21.8141  0  0
21.8169  0  0
21.8197  0  0
21.8224  0  0
21.8252  0  0
21.8279  0  0
21.8306  0  0
21.8332  0  0
21.8359  0  0
21.8385  0  0
21.8411  0  0
21.8437  0  0
21.8462  0  0
21.8488  0  0
21.8513  0  0
21.8538  0  0
21.8563  0  0
21.8587  0  0
21.8611  0  0
21.8636  0  0
21.866  0  0
21.8683  0  0
21.8707  0  0
21.873  0  0
21.8753  0  0
21.8776  0  0
21.8799  0  0
21.8821  0  0
21.8843  0  0
21.8865  0  0
21.8887  0  0
21.8909  0  0
21.893  0  0
21.8951  0  0
21.8972  0  0
21.8993  0  0
21.9013  0  0
21.9034  0  0
21.9054  0  0
21.9074  0  0
21.9093  0  0
21.9113  0  0
21.9132  0  0
21.9151  0  0
21.917  0  0
21.9189  0  0
21.9207  0  0
21.9225  0  0
21.9243  0  0
21.9261  0  0
21.9279  0  0
21.9296  0  0
21.9313  0  0
21.933  0  0
21.9347  0  0
21.9364  0  0
21.938  0  0
21.9396  0  0
21.9412  0  0
21.9427  0  0
21.9443  0  0
21.9458  0  0
21.9473  0  0
21.9488  0  0
21.9503  0  0
21.9517  0  0
21.9531  0  0
21.9545  0  0
21.9559  0  0
21.9573  0  0
21.9586  0  0
21.9599  0  0
21.9612  0  0
21.9625  0  0
21.9637  0  0
21.965  0  0
21.9662  0  0
21.9674  0  0
21.9685  0  0
21.9697  0  0
21.9708  0  0
21.9719  0  0
21.973  0  0
21.974  0  0
21.9751  0  0
21.9761  0  0
21.9771  0  0
21.9781  0  0
21.979  0  0
21.9799  0  0
21.9809  0  0
21.9817  0  0
21.9826  0  0
21.9835  0  0
21.9843  0  0
21.9851  0  0
21.9859  0  0
21.9866  0  0
21.9874  0  0
21.9881  0  0
21.9888  0  0
21.9895  0  0
21.9901  0  0
21.9908  0  0
21.9914  0  0
21.992  0  0
21.9926  0  0
21.9931  0  0
21.9936  0  0
21.9941  0  0
21.9946  0  0
21.9951  0  0
21.9955  0  0
21.996  0  0
21.9964  0  0
21.9968  0  0
21.9971  0  0
21.9975  0  0
21.9978  0  0
21.9981  0  0
21.9983  0  0
21.9986  0  0
21.9988  0  0
21.999  0  0
21.9992  0  0
21.9994  0  0
21.9996  0  0
21.9997  0  0
21.9998  0  0
21.9999  0  0
21.9999  0  0
22  0  0
22  0  0
