-22  2.07755e-11  2.07755e-11
-22  -9.52334e-12  -9.52334e-12
-21.9999  -1.03871e-11  -1.03871e-11
-21.9999  -1.04675e-11  -1.04675e-11
-21.9998  -1.03427e-11  -1.03427e-11
-21.9997  -1.01975e-11  -1.01975e-11
-21.9996  -1.01149e-11  -1.01149e-11
-21.9994  -1.00896e-11  -1.00896e-11
-21.9992  -1.00918e-11  -1.00918e-11
-21.999  -1.01087e-11  -1.01087e-11
-21.9988  -1.01326e-11  -1.01326e-11
-21.9986  -1.01486e-11  -1.01486e-11
-21.9983  -1.01464e-11  -1.01464e-11
-21.9981  -1.01331e-11  -1.01331e-11
-21.9978  -1.0122e-11  -1.0122e-11
-21.9975  -1.01171e-11  -1.01171e-11
-21.9971  -1.01171e-11  -1.01171e-11
-21.9968  -1.0122e-11  -1.0122e-11
-21.9964  -1.01313e-11  -1.01313e-11
-21.996  -1.01397e-11  -1.01397e-11
-21.9955  -1.01424e-11  -1.01424e-11
-21.9951  -1.01411e-11  -1.01411e-11
-21.9946  -1.01397e-11  -1.01397e-11
-21.9941  -1.01402e-11  -1.01402e-11
-21.9936  -1.0142e-11  -1.0142e-11
-21.9931  -1.01464e-11  -1.01464e-11
-21.9926  -1.01539e-11  -1.01539e-11
-21.992  -1.01619e-11  -1.01619e-11
-21.9914  -1.01677e-11  -1.01677e-11
-21.9908  -1.01717e-11  -1.01717e-11
-21.9901  -1.01762e-11  -1.01762e-11
-21.9895  -1.01806e-11  -1.01806e-11
-21.9888  -1.0185e-11  -1.0185e-11
-21.9881  -1.01917e-11  -1.01917e-11
-21.9874  -1.02006e-11  -1.02006e-11
-21.9866  -1.02103e-11  -1.02103e-11
-21.9859  -1.02197e-11  -1.02197e-11
-21.9851  -1.0229e-11  -1.0229e-11
-21.9843  -1.02379e-11  -1.02379e-11
-21.9835  -1.02463e-11  -1.02463e-11
-21.9826  -1.02548e-11  -1.02548e-11
-21.9817  -1.0265e-11  -1.0265e-11
-21.9809  -1.02765e-11  -1.02765e-11
-21.9799  -1.02903e-11  -1.02903e-11
-21.979  -1.03041e-11  -1.03041e-11
-21.9781  -1.03178e-11  -1.03178e-11
-21.9771  -1.0332e-11  -1.0332e-11
-21.9761  -1.03454e-11  -1.03454e-11
-21.9751  -1.03587e-11  -1.03587e-11
-21.974  -1.03729e-11  -1.03729e-11
-21.973  -1.03893e-11  -1.03893e-11
-21.9719  -1.04071e-11  -1.04071e-11
-21.9708  -1.04262e-11  -1.04262e-11
-21.9697  -1.04457e-11  -1.04457e-11
-21.9685  -1.04657e-11  -1.04657e-11
-21.9674  -1.04852e-11  -1.04852e-11
-21.9662  -1.05043e-11  -1.05043e-11
-21.965  -1.05239e-11  -1.05239e-11
-21.9637  -1.05452e-11  -1.05452e-11
-21.9625  -1.05687e-11  -1.05687e-11
-21.9612  -1.0594e-11  -1.0594e-11
-21.9599  -1.06202e-11  -1.06202e-11
-21.9586  -1.06469e-11  -1.06469e-11
-21.9573  -1.06731e-11  -1.06731e-11
-21.9559  -1.06988e-11  -1.06988e-11
-21.9545  -1.07246e-11  -1.07246e-11
-21.9531  -1.07526e-11  -1.07526e-11
-21.9517  -1.07828e-11  -1.07828e-11
-21.9503  -1.08148e-11  -1.08148e-11
-21.9488  -1.08485e-11  -1.08485e-11
-21.9473  -1.08831e-11  -1.08831e-11
-21.9458  -1.09169e-11  -1.09169e-11
-21.9443  -1.09502e-11  -1.09502e-11
-21.9427  -1.09835e-11  -1.09835e-11
-21.9412  -1.1019e-11  -1.1019e-11
-21.9396  -1.10568e-11  -1.10568e-11
-21.938  -1.10968e-11  -1.10968e-11
-21.9364  -1.11394e-11  -1.11394e-11
-21.9347  -1.11825e-11  -1.11825e-11
-21.933  -1.12246e-11  -1.12246e-11
-21.9313  -1.12664e-11  -1.12664e-11
-21.9296  -1.13086e-11  -1.13086e-11
-21.9279  -1.13525e-11  -1.13525e-11
-21.9261  -1.13987e-11  -1.13987e-11
-21.9243  -1.14485e-11  -1.14485e-11
-21.9225  -1.15e-11  -1.15e-11
-21.9207  -1.15528e-11  -1.15528e-11
-21.9189  -1.16052e-11  -1.16052e-11
-21.917  -1.16567e-11  -1.16567e-11
-21.9151  -1.17083e-11  -1.17083e-11
-21.9132  -1.1762e-11  -1.1762e-11
-21.9113  -1.18184e-11  -1.18184e-11
-21.9093  -1.18779e-11  -1.18779e-11
-21.9074  -1.19405e-11  -1.19405e-11
-21.9054  -1.2004e-11  -1.2004e-11
-21.9034  -1.20675e-11  -1.20675e-11
-21.9013  -1.21297e-11  -1.21297e-11
-21.8993  -1.21919e-11  -1.21919e-11
-21.8972  -1.22563e-11  -1.22563e-11
-21.8951  -1.23242e-11  -1.23242e-11
-21.893  -1.23953e-11  -1.23953e-11
-21.8909  -1.24694e-11  -1.24694e-11
-21.8887  -1.25454e-11  -1.25454e-11
-21.8865  -1.26204e-11  -1.26204e-11
-21.8843  -1.2695e-11  -1.2695e-11
-21.8821  -1.27696e-11  -1.27696e-11
-21.8799  -1.2846e-11  -1.2846e-11
-21.8776  -1.2926e-11  -1.2926e-11
-21.8753  -1.30099e-11  -1.30099e-11
-21.873  -1.30974e-11  -1.30974e-11
-21.8707  -1.31866e-11  -1.31866e-11
-21.8683  -1.32755e-11  -1.32755e-11
-21.866  -1.33629e-11  -1.33629e-11
-21.8636  -1.34509e-11  -1.34509e-11
-21.8611  -1.3541e-11  -1.3541e-11
-21.8587  -1.36347e-11  -1.36347e-11
-21.8563  -1.37324e-11  -1.37324e-11
-21.8538  -1.38346e-11  -1.38346e-11
-21.8513  -1.39385e-11  -1.39385e-11
-21.8488  -1.4042e-11  -1.4042e-11
-21.8462  -1.41445e-11  -1.41445e-11
-21.8437  -1.42471e-11  -1.42471e-11
-21.8411  -1.43519e-11  -1.43519e-11
-21.8385  -1.44607e-11  -1.44607e-11
-21.8359  -1.45744e-11  -1.45744e-11
-21.8332  -1.46925e-11  -1.46925e-11
-21.8306  -1.48124e-11  -1.48124e-11
-21.8279  -1.49328e-11  -1.49328e-11
-21.8252  -1.50514e-11  -1.50514e-11
-21.8224  -1.51704e-11  -1.51704e-11
-21.8197  -1.52916e-11  -1.52916e-11
-21.8169  -1.54173e-11  -1.54173e-11
-21.8141  -1.55479e-11  -1.55479e-11
-21.8113  -1.56833e-11  -1.56833e-11
-21.8085  -1.58214e-11  -1.58214e-11
-21.8056  -1.59595e-11  -1.59595e-11
-21.8028  -1.60963e-11  -1.60963e-11
-21.7999  -1.62331e-11  -1.62331e-11
-21.7969  -1.63721e-11  -1.63721e-11
-21.794  -1.6516e-11  -1.6516e-11
-21.791  -1.66656e-11  -1.66656e-11
-21.7881  -1.68202e-11  -1.68202e-11
-21.7851  -1.69778e-11  -1.69778e-11
-21.782  -1.71355e-11  -1.71355e-11
-21.779  -1.72922e-11  -1.72922e-11
-21.7759  -1.74486e-11  -1.74486e-11
-21.7728  -1.76075e-11  -1.76075e-11
-21.7697  -1.77719e-11  -1.77719e-11
-21.7666  -1.79419e-11  -1.79419e-11
-21.7635  -1.81174e-11  -1.81174e-11
-21.7603  -1.82963e-11  -1.82963e-11
-21.7571  -1.84757e-11  -1.84757e-11
-21.7539  -1.86538e-11  -1.86538e-11
-21.7507  -1.88319e-11  -1.88319e-11
-21.7474  -1.90126e-11  -1.90126e-11
-21.7441  -1.91987e-11  -1.91987e-11
-21.7408  -1.93914e-11  -1.93914e-11
-21.7375  -1.95904e-11  -1.95904e-11
-21.7342  -1.97925e-11  -1.97925e-11
-21.7308  -1.99954e-11  -1.99954e-11
-21.7275  -2.0197e-11  -2.0197e-11
-21.7241  -2.03986e-11  -2.03986e-11
-21.7206  -2.06034e-11  -2.06034e-11
-21.7172  -2.08134e-11  -2.08134e-11
-21.7137  -2.10306e-11  -2.10306e-11
-21.7102  -2.12548e-11  -2.12548e-11
-21.7067  -2.14827e-11  -2.14827e-11
-21.7032  -2.17114e-11  -2.17114e-11
-21.6997  -2.19387e-11  -2.19387e-11
-21.6961  -2.21666e-11  -2.21666e-11
-21.6925  -2.2397e-11  -2.2397e-11
-21.6889  -2.26333e-11  -2.26333e-11
-21.6853  -2.2878e-11  -2.2878e-11
-21.6816  -2.31293e-11  -2.31293e-11
-21.678  -2.33851e-11  -2.33851e-11
-21.6743  -2.36418e-11  -2.36418e-11
-21.6705  -2.38976e-11  -2.38976e-11
-21.6668  -2.41534e-11  -2.41534e-11
-21.6631  -2.44123e-11  -2.44123e-11
-21.6593  -2.46779e-11  -2.46779e-11
-21.6555  -2.49519e-11  -2.49519e-11
-21.6517  -2.52334e-11  -2.52334e-11
-21.6478  -2.55199e-11  -2.55199e-11
-21.644  -2.58072e-11  -2.58072e-11
-21.6401  -2.60936e-11  -2.60936e-11
-21.6362  -2.63805e-11  -2.63805e-11
-21.6323  -2.66705e-11  -2.66705e-11
-21.6283  -2.69676e-11  -2.69676e-11
-21.6244  -2.72736e-11  -2.72736e-11
-21.6204  -2.7588e-11  -2.7588e-11
-21.6164  -2.79077e-11  -2.79077e-11
-21.6123  -2.82288e-11  -2.82288e-11
-21.6083  -2.8549e-11  -2.8549e-11
-21.6042  -2.88692e-11  -2.88692e-11
-21.6001  -2.91934e-11  -2.91934e-11
-21.596  -2.95247e-11  -2.95247e-11
-21.5919  -2.98662e-11  -2.98662e-11
-21.5877  -3.02166e-11  -3.02166e-11
-21.5836  -3.05727e-11  -3.05727e-11
-21.5794  -3.09302e-11  -3.09302e-11
-21.5752  -3.12873e-11  -3.12873e-11
-21.5709  -3.16443e-11  -3.16443e-11
-21.5667  -3.20058e-11  -3.20058e-11
-21.5624  -3.23748e-11  -3.23748e-11
-21.5581  -3.27545e-11  -3.27545e-11
-21.5538  -3.3144e-11  -3.3144e-11
-21.5494  -3.35397e-11  -3.35397e-11
-21.5451  -3.39376e-11  -3.39376e-11
-21.5407  -3.43346e-11  -3.43346e-11
-21.5363  -3.47321e-11  -3.47321e-11
-21.5319  -3.5134e-11  -3.5134e-11
-21.5274  -3.55443e-11  -3.55443e-11
-21.523  -3.59657e-11  -3.59657e-11
-21.5185  -3.63983e-11  -3.63983e-11
-21.514  -3.68375e-11  -3.68375e-11
-21.5095  -3.72789e-11  -3.72789e-11
-21.5049  -3.77199e-11  -3.77199e-11
-21.5004  -3.81618e-11  -3.81618e-11
-21.4958  -3.86081e-11  -3.86081e-11
-21.4912  -3.90633e-11  -3.90633e-11
-21.4865  -3.95309e-11  -3.95309e-11
-21.4819  -4.00096e-11  -4.00096e-11
-21.4772  -4.04968e-11  -4.04968e-11
-21.4725  -4.09857e-11  -4.09857e-11
-21.4678  -4.14747e-11  -4.14747e-11
-21.4631  -4.19645e-11  -4.19645e-11
-21.4583  -4.24597e-11  -4.24597e-11
-21.4536  -4.29641e-11  -4.29641e-11
-21.4488  -4.34815e-11  -4.34815e-11
-21.4439  -4.40118e-11  -4.40118e-11
-21.4391  -4.45509e-11  -4.45509e-11
-21.4343  -4.50922e-11  -4.50922e-11
-21.4294  -4.56336e-11  -4.56336e-11
-21.4245  -4.61762e-11  -4.61762e-11
-21.4196  -4.67243e-11  -4.67243e-11
-21.4146  -4.72829e-11  -4.72829e-11
-21.4097  -4.78553e-11  -4.78553e-11
-21.4047  -4.84415e-11  -4.84415e-11
-21.3997  -4.90371e-11  -4.90371e-11
-21.3947  -4.96357e-11  -4.96357e-11
-21.3896  -5.02348e-11  -5.02348e-11
-21.3846  -5.08352e-11  -5.08352e-11
-21.3795  -5.14414e-11  -5.14414e-11
-21.3744  -5.20587e-11  -5.20587e-11
-21.3692  -5.26915e-11  -5.26915e-11
-21.3641  -5.3339e-11  -5.3339e-11
-21.3589  -5.39962e-11  -5.39962e-11
-21.3537  -5.46579e-11  -5.46579e-11
-21.3485  -5.532e-11  -5.532e-11
-21.3433  -5.59835e-11  -5.59835e-11
-21.3381  -5.66536e-11  -5.66536e-11
-21.3328  -5.73358e-11  -5.73358e-11
-21.3275  -5.80343e-11  -5.80343e-11
-21.3222  -5.87484e-11  -5.87484e-11
-21.3169  -5.94745e-11  -5.94745e-11
-21.3115  -6.02046e-11  -6.02046e-11
-21.3061  -6.09356e-11  -6.09356e-11
-21.3007  -6.16683e-11  -6.16683e-11
-21.2953  -6.24086e-11  -6.24086e-11
-21.2899  -6.31618e-11  -6.31618e-11
-21.2845  -6.39323e-11  -6.39323e-11
-21.279  -6.47205e-11  -6.47205e-11
-21.2735  -6.55208e-11  -6.55208e-11
-21.268  -6.63263e-11  -6.63263e-11
-21.2624  -6.71333e-11  -6.71333e-11
-21.2569  -6.79424e-11  -6.79424e-11
-21.2513  -6.87591e-11  -6.87591e-11
-21.2457  -6.959e-11  -6.959e-11
-21.2401  -7.04399e-11  -7.04399e-11
-21.2344  -7.13086e-11  -7.13086e-11
-21.2288  -7.2191e-11  -7.2191e-11
-21.2231  -7.30796e-11  -7.30796e-11
-21.2174  -7.39696e-11  -7.39696e-11
-21.2117  -7.48622e-11  -7.48622e-11
-21.206  -7.57637e-11  -7.57637e-11
-21.2002  -7.66803e-11  -7.66803e-11
-21.1944  -7.76169e-11  -7.76169e-11
-21.1886  -7.85748e-11  -7.85748e-11
-21.1828  -7.95469e-11  -7.95469e-11
-21.1769  -8.05261e-11  -8.05261e-11
-21.1711  -8.15075e-11  -8.15075e-11
-21.1652  -8.24925e-11  -8.24925e-11
-21.1593  -8.34868e-11  -8.34868e-11
-21.1534  -8.44976e-11  -8.44976e-11
-21.1474  -8.55301e-11  -8.55301e-11
-21.1415  -8.65853e-11  -8.65853e-11
-21.1355  -8.76568e-11  -8.76568e-11
-21.1295  -8.8736e-11  -8.8736e-11
-21.1234  -8.98182e-11  -8.98182e-11
-21.1174  -9.0904e-11  -9.0904e-11
-21.1113  -9.20005e-11  -9.20005e-11
-21.1052  -9.31151e-11  -9.31151e-11
-21.0991  -9.42533e-11  -9.42533e-11
-21.093  -9.5416e-11  -9.5416e-11
-21.0869  -9.65968e-11  -9.65968e-11
-21.0807  -9.77861e-11  -9.77861e-11
-21.0745  -9.89789e-11  -9.89789e-11
-21.0683  -1.00177e-10  -1.00177e-10
-21.0621  -1.01386e-10  -1.01386e-10
-21.0558  -1.02615e-10  -1.02615e-10
-21.0496  -1.0387e-10  -1.0387e-10
-21.0433  -1.05151e-10  -1.05151e-10
-21.0369  -1.06452e-10  -1.06452e-10
-21.0306  -1.07763e-10  -1.07763e-10
-21.0243  -1.09078e-10  -1.09078e-10
-21.0179  -1.10399e-10  -1.10399e-10
-21.0115  -1.11733e-10  -1.11733e-10
-21.0051  -1.13088e-10  -1.13088e-10
-20.9987  -1.14471e-10  -1.14471e-10
-20.9922  -1.15883e-10  -1.15883e-10
-20.9857  -1.17317e-10  -1.17317e-10
-20.9792  -1.18762e-10  -1.18762e-10
-20.9727  -1.20213e-10  -1.20213e-10
-20.9662  -1.2167e-10  -1.2167e-10
-20.9596  -1.23142e-10  -1.23142e-10
-20.9531  -1.24637e-10  -1.24637e-10
-20.9465  -1.26162e-10  -1.26162e-10
-20.9399  -1.27718e-10  -1.27718e-10
-20.9332  -1.29299e-10  -1.29299e-10
-20.9266  -1.30893e-10  -1.30893e-10
-20.9199  -1.32493e-10  -1.32493e-10
-20.9132  -1.34101e-10  -1.34101e-10
-20.9065  -1.35726e-10  -1.35726e-10
-20.8998  -1.37375e-10  -1.37375e-10
-20.893  -1.39058e-10  -1.39058e-10
-20.8862  -1.40774e-10  -1.40774e-10
-20.8794  -1.42518e-10  -1.42518e-10
-20.8726  -1.44276e-10  -1.44276e-10
-20.8658  -1.46042e-10  -1.46042e-10
-20.8589  -1.47818e-10  -1.47818e-10
-20.8521  -1.49611e-10  -1.49611e-10
-20.8452  -1.51432e-10  -1.51432e-10
-20.8382  -1.53289e-10  -1.53289e-10
-20.8313  -1.55184e-10  -1.55184e-10
-20.8243  -1.57108e-10  -1.57108e-10
-20.8174  -1.5905e-10  -1.5905e-10
-20.8104  -1.61e-10  -1.61e-10
-20.8034  -1.62961e-10  -1.62961e-10
-20.7963  -1.64942e-10  -1.64942e-10
-20.7893  -1.66954e-10  -1.66954e-10
-20.7822  -1.69005e-10  -1.69005e-10
-20.7751  -1.71097e-10  -1.71097e-10
-20.768  -1.73223e-10  -1.73223e-10
-20.7608  -1.75367e-10  -1.75367e-10
-20.7537  -1.77521e-10  -1.77521e-10
-20.7465  -1.79689e-10  -1.79689e-10
-20.7393  -1.8188e-10  -1.8188e-10
-20.7321  -1.84105e-10  -1.84105e-10
-20.7249  -1.86372e-10  -1.86372e-10
-20.7176  -1.88684e-10  -1.88684e-10
-20.7103  -1.91033e-10  -1.91033e-10
-20.703  -1.93403e-10  -1.93403e-10
-20.6957  -1.95786e-10  -1.95786e-10
-20.6884  -1.98185e-10  -1.98185e-10
-20.681  -2.00609e-10  -2.00609e-10
-20.6736  -2.03071e-10  -2.03071e-10
-20.6663  -2.05579e-10  -2.05579e-10
-20.6588  -2.08136e-10  -2.08136e-10
-20.6514  -2.10735e-10  -2.10735e-10
-20.6439  -2.13358e-10  -2.13358e-10
-20.6365  -2.15996e-10  -2.15996e-10
-20.629  -2.18652e-10  -2.18652e-10
-20.6215  -2.21337e-10  -2.21337e-10
-20.6139  -2.24064e-10  -2.24064e-10
-20.6064  -2.26842e-10  -2.26842e-10
-20.5988  -2.29674e-10  -2.29674e-10
-20.5912  -2.32552e-10  -2.32552e-10
-20.5836  -2.35457e-10  -2.35457e-10
-20.5759  -2.3838e-10  -2.3838e-10
-20.5683  -2.41324e-10  -2.41324e-10
-20.5606  -2.44303e-10  -2.44303e-10
-20.5529  -2.47327e-10  -2.47327e-10
-20.5452  -2.50407e-10  -2.50407e-10
-20.5375  -2.53547e-10  -2.53547e-10
-20.5297  -2.56738e-10  -2.56738e-10
-20.522  -2.5996e-10  -2.5996e-10
-20.5142  -2.63203e-10  -2.63203e-10
-20.5063  -2.66471e-10  -2.66471e-10
-20.4985  -2.69778e-10  -2.69778e-10
-20.4907  -2.73137e-10  -2.73137e-10
-20.4828  -2.76557e-10  -2.76557e-10
-20.4749  -2.80043e-10  -2.80043e-10
-20.467  -2.83586e-10  -2.83586e-10
-20.4591  -2.87164e-10  -2.87164e-10
-20.4511  -2.90766e-10  -2.90766e-10
-20.4431  -2.94399e-10  -2.94399e-10
-20.4351  -2.98077e-10  -2.98077e-10
-20.4271  -3.01813e-10  -3.01813e-10
-20.4191  -3.05616e-10  -3.05616e-10
-20.4111  -3.09492e-10  -3.09492e-10
-20.403  -3.13432e-10  -3.13432e-10
-20.3949  -3.17412e-10  -3.17412e-10
-20.3868  -3.21419e-10  -3.21419e-10
-20.3787  -3.25463e-10  -3.25463e-10
-20.3705  -3.29561e-10  -3.29561e-10
-20.3623  -3.33724e-10  -3.33724e-10
-20.3542  -3.37961e-10  -3.37961e-10
-20.346  -3.42278e-10  -3.42278e-10
-20.3377  -3.46666e-10  -3.46666e-10
-20.3295  -3.511e-10  -3.511e-10
-20.3212  -3.55566e-10  -3.55566e-10
-20.3129  -3.60074e-10  -3.60074e-10
-20.3046  -3.64648e-10  -3.64648e-10
-20.2963  -3.69297e-10  -3.69297e-10
-20.288  -3.74026e-10  -3.74026e-10
-20.2796  -3.78843e-10  -3.78843e-10
-20.2712  -3.8374e-10  -3.8374e-10
-20.2628  -3.88691e-10  -3.88691e-10
-20.2544  -3.93676e-10  -3.93676e-10
-20.2459  -3.98712e-10  -3.98712e-10
-20.2375  -4.03828e-10  -4.03828e-10
-20.229  -4.09032e-10  -4.09032e-10
-20.2205  -4.14322e-10  -4.14322e-10
-20.212  -4.19708e-10  -4.19708e-10
-20.2034  -4.25186e-10  -4.25186e-10
-20.1949  -4.30724e-10  -4.30724e-10
-20.1863  -4.363e-10  -4.363e-10
-20.1777  -4.41938e-10  -4.41938e-10
-20.1691  -4.47675e-10  -4.47675e-10
-20.1605  -4.53514e-10  -4.53514e-10
-20.1518  -4.59447e-10  -4.59447e-10
-20.1431  -4.65485e-10  -4.65485e-10
-20.1344  -4.71627e-10  -4.71627e-10
-20.1257  -4.77837e-10  -4.77837e-10
-20.117  -4.84088e-10  -4.84088e-10
-20.1082  -4.90413e-10  -4.90413e-10
-20.0995  -4.96864e-10  -4.96864e-10
-20.0907  -5.03438e-10  -5.03438e-10
-20.0819  -5.10112e-10  -5.10112e-10
-20.073  -5.16897e-10  -5.16897e-10
-20.0642  -5.23804e-10  -5.23804e-10
-20.0553  -5.30787e-10  -5.30787e-10
-20.0464  -5.37811e-10  -5.37811e-10
-20.0375  -5.44924e-10  -5.44924e-10
-20.0286  -5.52201e-10  -5.52201e-10
-20.0196  -5.59631e-10  -5.59631e-10
-20.0107  -5.67163e-10  -5.67163e-10
-20.0017  -5.74812e-10  -5.74812e-10
-19.9927  -5.82602e-10  -5.82602e-10
-19.9837  -5.90481e-10  -5.90481e-10
-19.9746  -5.98392e-10  -5.98392e-10
-19.9656  -6.06411e-10  -6.06411e-10
-19.9565  -6.14651e-10  -6.14651e-10
-19.9474  -6.23088e-10  -6.23088e-10
-19.9383  -6.31624e-10  -6.31624e-10
-19.9291  -6.40274e-10  -6.40274e-10
-19.92  -6.49097e-10  -6.49097e-10
-19.9108  -6.5802e-10  -6.5802e-10
-19.9016  -6.66954e-10  -6.66954e-10
-19.8924  -6.76013e-10  -6.76013e-10
-19.8831  -6.85384e-10  -6.85384e-10
-19.8739  -6.95021e-10  -6.95021e-10
-19.8646  -7.04744e-10  -7.04744e-10
-19.8553  -7.14565e-10  -7.14565e-10
-19.846  -7.24603e-10  -7.24603e-10
-19.8367  -7.34758e-10  -7.34758e-10
-19.8273  -7.44871e-10  -7.44871e-10
-19.818  -7.55123e-10  -7.55123e-10
-19.8086  -7.65836e-10  -7.65836e-10
-19.7992  -7.76929e-10  -7.76929e-10
-19.7897  -7.88071e-10  -7.88071e-10
-19.7803  -7.9927e-10  -7.9927e-10
-19.7708  -8.1076e-10  -8.1076e-10
-19.7614  -8.22391e-10  -8.22391e-10
-19.7519  -8.3386e-10  -8.3386e-10
-19.7423  -8.45462e-10  -8.45462e-10
-19.7328  -8.57783e-10  -8.57783e-10
-19.7232  -8.70694e-10  -8.70694e-10
-19.7137  -8.83562e-10  -8.83562e-10
-19.7041  -8.96393e-10  -8.96393e-10
-19.6944  -9.09654e-10  -9.09654e-10
-19.6848  -9.23097e-10  -9.23097e-10
-19.6752  -9.36111e-10  -9.36111e-10
-19.6655  -9.49189e-10  -9.49189e-10
-19.6558  -9.63458e-10  -9.63458e-10
-19.6461  -9.78718e-10  -9.78718e-10
-19.6363  -9.9374e-10  -9.9374e-10
-19.6266  -1.0085e-09  -1.0085e-09
-19.6168  -1.02399e-09  -1.02399e-09
-19.607  -1.03977e-09  -1.03977e-09
-19.5972  -1.0545e-09  -1.0545e-09
-19.5874  -1.06903e-09  -1.06903e-09
-19.5776  -1.08566e-09  -1.08566e-09
-19.5677  -1.10414e-09  -1.10414e-09
-19.5578  -1.12191e-09  -1.12191e-09
-19.5479  -1.13892e-09  -1.13892e-09
-19.538  -1.15736e-09  -1.15736e-09
-19.5281  -1.17641e-09  -1.17641e-09
-19.5181  -1.19293e-09  -1.19293e-09
-19.5081  -1.20836e-09  -1.20836e-09
-19.4981  -1.22781e-09  -1.22781e-09
-19.4881  -1.25103e-09  -1.25103e-09
-19.4781  -1.27238e-09  -1.27238e-09
-19.4681  -1.29164e-09  -1.29164e-09
-19.458  -1.31426e-09  -1.31426e-09
-19.4479  -1.33869e-09  -1.33869e-09
-19.4378  -1.35684e-09  -1.35684e-09
-19.4277  -1.37087e-09  -1.37087e-09
-19.4175  -1.39318e-09  -1.39318e-09
-19.4074  -1.42404e-09  -1.42404e-09
-19.3972  -1.44951e-09  -1.44951e-09
-19.387  -1.46882e-09  -1.46882e-09
-19.3768  -1.49758e-09  -1.49758e-09
-19.3665  -1.53352e-09  -1.53352e-09
-19.3563  -1.55287e-09  -1.55287e-09
-19.346  -1.55696e-09  -1.55696e-09
-19.3357  -1.57917e-09  -1.57917e-09
-19.3254  -1.62257e-09  -1.62257e-09
-19.3151  -1.6463e-09  -1.6463e-09
-19.3047  -1.64718e-09  -1.64718e-09
-19.2943  -1.68087e-09  -1.68087e-09
-19.2839  -1.75113e-09  -1.75113e-09
-19.2735  -1.77511e-09  -1.77511e-09
-19.2631  -1.73451e-09  -1.73451e-09
-19.2527  -1.73139e-09  -1.73139e-09
-19.2422  -1.77888e-09  -1.77888e-09
-19.2317  -1.7172e-09  -1.7172e-09
-19.2212  -1.52681e-09  -1.52681e-09
-19.2107  -1.48433e-09  -1.48433e-09
-19.2002  -1.69887e-09  -1.69887e-09
-19.1896  -1.79742e-09  -1.79742e-09
-19.1791  -1.52883e-09  -1.52883e-09
-19.1685  -1.21748e-09  -1.21748e-09
-19.1579  -8.2772e-10  -8.2772e-10
-19.1472  7.07506e-10  7.07506e-10
-19.1366  3.64896e-09  3.64896e-09
-19.1259  5.6754e-09  5.6754e-09
-19.1152  4.71019e-09  4.71019e-09
-19.1045  3.19369e-09  3.19369e-09
-19.0938  5.7959e-09  5.7959e-09
-19.0831  1.48144e-08  1.48144e-08
-19.0723  3.73789e-08  3.73789e-08
-19.0616  9.51956e-08  9.51956e-08
-19.0508  2.01139e-07  2.01139e-07
-19.0399  3.10034e-07  3.10034e-07
-19.0291  3.31549e-07  3.31549e-07
-19.0183  2.76134e-07  2.76134e-07
-19.0074  6.24749e-07  6.24749e-07
-18.9965  3.73255e-06  3.73255e-06
-18.9856  1.89019e-05  1.89019e-05
-18.9747  7.5197e-05  7.5197e-05
-18.9638  0.000243456  0.000243456
-18.9528  0.000659708  0.000659708
-18.9418  0.00152995  0.00152995
-18.9308  0.00309168  0.00309168
-18.9198  0.00552114  0.00552114
-18.9088  0.00880569  0.00880569
-18.8977  0.0126307  0.0126307
-18.8867  0.0163385  0.0163385
-18.8756  0.0189935  0.0189935
-18.8645  0.0195457  0.0195457
-18.8534  0.0170533  0.0170533
-18.8422  0.0109216  0.0109216
-18.8311  0.00113331  0.00113331
-18.8199  -0.011543  -0.011543
-18.8087  -0.0254136  -0.0254136
-18.7975  -0.0379089  -0.0379089
-18.7862  -0.0459891  -0.0459891
-18.775  -0.0469943  -0.0469943
-18.7637  -0.0397778  -0.0397778
-18.7524  -0.0256376  -0.0256376
-18.7411  -0.00841954  -0.00841954
-18.7298  0.00655857  0.00655857
-18.7185  0.014451  0.014451
-18.7071  0.0127398  0.0127398
-18.6957  0.00194252  0.00194252
-18.6843  -0.0152214  -0.0152214
-18.6729  -0.0355555  -0.0355555
-18.6615  -0.0567421  -0.0567421
-18.6501  -0.0774477  -0.0774477
-18.6386  -0.0964435  -0.0964435
-18.6271  -0.111928  -0.111928
-18.6156  -0.122071  -0.122071
-18.6041  -0.126549  -0.126549
-18.5926  -0.127618  -0.127618
-18.581  -0.129267  -0.129267
-18.5694  -0.134455  -0.134455
-18.5578  -0.142204  -0.142204
-18.5462  -0.146903  -0.146903
-18.5346  -0.140878  -0.140878
-18.523  -0.118991  -0.118991
-18.5113  -0.0824999  -0.0824999
-18.4996  -0.0397064  -0.0397064
-18.4879  -0.00283771  -0.00283771
-18.4762  0.0171499  0.0171499
-18.4645  0.0150499  0.0150499
-18.4527  -0.00708965  -0.00708965
-18.4409  -0.0418935  -0.0418935
-18.4292  -0.0805118  -0.0805118
-18.4174  -0.115918  -0.115918
-18.4055  -0.143814  -0.143814
-18.3937  -0.161217  -0.161217
-18.3818  -0.164644  -0.164644
-18.37  -0.15015  -0.15015
-18.3581  -0.115878  -0.115878
-18.3462  -0.0653396  -0.0653396
-18.3342  -0.00859078  -0.00859078
-18.3223  0.040334  0.040334
-18.3103  0.0685683  0.0685683
-18.2983  0.0690839  0.0690839
-18.2863  0.0423147  0.0423147
-18.2743  -0.00545996  -0.00545996
-18.2623  -0.0651005  -0.0651005
-18.2502  -0.126996  -0.126996
-18.2382  -0.182409  -0.182409
-18.2261  -0.224602  -0.224602
-18.214  -0.250339  -0.250339
-18.2018  -0.261096  -0.261096
-18.1897  -0.262693  -0.262693
-18.1775  -0.262922  -0.262922
-18.1654  -0.268268  -0.268268
-18.1532  -0.281542  -0.281542
-18.141  -0.301476  -0.301476
-18.1287  -0.323889  -0.323889
-18.1165  -0.343182  -0.343182
-18.1042  -0.35321  -0.35321
-18.0919  -0.34751  -0.34751
-18.0797  -0.319637  -0.319637
-18.0673  -0.264409  -0.264409
-18.055  -0.180324  -0.180324
-18.0427  -0.0724107  -0.0724107
-18.0303  0.046169  0.046169
-18.0179  0.155697  0.155697
-18.0055  0.235494  0.235494
-17.9931  0.272098  0.272098
-17.9806  0.266358  0.266358
-17.9682  0.235338  0.235338
-17.9557  0.207076  0.207076
-17.9432  0.209908  0.209908
-17.9307  0.261037  0.261037
-17.9182  0.359442  0.359442
-17.9057  0.486001  0.486001
-17.8931  0.610467  0.610467
-17.8805  0.702276  0.702276
-17.8679  0.74103  0.74103
-17.8553  0.722718  0.722718
-17.8427  0.659164  0.659164
-17.8301  0.570902  0.570902
-17.8174  0.476973  0.476973
-17.8047  0.38737  0.38737
-17.792  0.30276  0.30276
-17.7793  0.221452  0.221452
-17.7666  0.148187  0.148187
-17.7538  0.0973939  0.0973939
-17.7411  0.0873853  0.0873853
-17.7283  0.128982  0.128982
-17.7155  0.216704  0.216704
-17.7027  0.329072  0.329072
-17.6898  0.437931  0.437931
-17.677  0.52051  0.52051
-17.6641  0.566964  0.566964
-17.6512  0.58046  0.58046
-17.6383  0.572063  0.572063
-17.6254  0.554556  0.554556
-17.6125  0.53752  0.53752
-17.5995  0.52363  0.52363
-17.5866  0.506203  0.506203
-17.5736  0.469724  0.469724
-17.5606  0.395353  0.395353
-17.5476  0.270459  0.270459
-17.5345  0.0972825  0.0972825
-17.5215  -0.105031  -0.105031
-17.5084  -0.306799  -0.306799
-17.4953  -0.478617  -0.478617
-17.4822  -0.600125  -0.600125
-17.4691  -0.662994  -0.662994
-17.456  -0.669342  -0.669342
-17.4428  -0.629099  -0.629099
-17.4296  -0.557877  -0.557877
-17.4165  -0.473762  -0.473762
-17.4032  -0.391574  -0.391574
-17.39  -0.316839  -0.316839
-17.3768  -0.244661  -0.244661
-17.3635  -0.166636  -0.166636
-17.3503  -0.0823076  -0.0823076
-17.337  -0.00651043  -0.00651043
-17.3237  0.0344079  0.0344079
-17.3103  0.0163011  0.0163011
-17.297  -0.068334  -0.068334
-17.2837  -0.205408  -0.205408
-17.2703  -0.366972  -0.366972
-17.2569  -0.525566  -0.525566
-17.2435  -0.665036  -0.665036
-17.2301  -0.781394  -0.781394
-17.2166  -0.875098  -0.875098
-17.2032  -0.941699  -0.941699
-17.1897  -0.967635  -0.967635
-17.1762  -0.93365  -0.93365
-17.1627  -0.823687  -0.823687
-17.1492  -0.634922  -0.634922
-17.1357  -0.384657  -0.384657
-17.1221  -0.110813  -0.110813
-17.1085  0.135646  0.135646
-17.0949  0.305336  0.305336
-17.0813  0.367413  0.367413
-17.0677  0.321597  0.321597
-17.0541  0.198974  0.198974
-17.0404  0.0503487  0.0503487
-17.0268  -0.0726947  -0.0726947
-17.0131  -0.13515  -0.13515
-16.9994  -0.126807  -0.126807
-16.9857  -0.0590907  -0.0590907
-16.9719  0.0457602  0.0457602
-16.9582  0.166107  0.166107
-16.9444  0.286703  0.286703
-16.9306  0.396871  0.396871
-16.9168  0.484291  0.484291
-16.903  0.530694  0.530694
-16.8892  0.514583  0.514583
-16.8753  0.421022  0.421022
-16.8615  0.25276  0.25276
-16.8476  0.0346415  0.0346415
-16.8337  -0.193445  -0.193445
-16.8198  -0.392848  -0.392848
-16.8058  -0.543193  -0.543193
-16.7919  -0.650496  -0.650496
-16.7779  -0.7412  -0.7412
-16.7639  -0.844777  -0.844777
-16.75  -0.973983  -0.973983
-16.7359  -1.11351  -1.11351
-16.7219  -1.22349  -1.22349
-16.7079  -1.25648  -1.25648
-16.6938  -1.17917  -1.17917
-16.6797  -0.987885  -0.987885
-16.6656  -0.710956  -0.710956
-16.6515  -0.398288  -0.398288
-16.6374  -0.104957  -0.104957
-16.6233  0.123445  0.123445
-16.6091  0.259328  0.259328
-16.5949  0.295611  0.295611
-16.5808  0.244185  0.244185
-16.5666  0.131494  0.131494
-16.5523  -0.00883868  -0.00883868
-16.5381  -0.145522  -0.145522
-16.5239  -0.258145  -0.258145
-16.5096  -0.340759  -0.340759
-16.4953  -0.398822  -0.398822
-16.481  -0.442163  -0.442163
-16.4667  -0.479065  -0.479065
-16.4524  -0.514898  -0.514898
-16.438  -0.55429  -0.55429
-16.4236  -0.602659  -0.602659
-16.4093  -0.66405  -0.66405
-16.3949  -0.736315  -0.736315
-16.3805  -0.807892  -0.807892
-16.366  -0.859577  -0.859577
-16.3516  -0.870864  -0.870864
-16.3371  -0.827214  -0.827214
-16.3227  -0.724716  -0.724716
-16.3082  -0.571209  -0.571209
-16.2937  -0.385001  -0.385001
-16.2792  -0.192234  -0.192234
-16.2646  -0.0227664  -0.0227664
-16.2501  0.095624  0.095624
-16.2355  0.143599  0.143599
-16.2209  0.115312  0.115312
-16.2063  0.0212039  0.0212039
-16.1917  -0.110993  -0.110993
-16.1771  -0.2371  -0.2371
-16.1624  -0.301604  -0.301604
-16.1478  -0.250361  -0.250361
-16.1331  -0.0503955  -0.0503955
-16.1184  0.290756  0.290756
-16.1037  0.718022  0.718022
-16.089  1.14211  1.14211
-16.0742  1.47005  1.47005
-16.0595  1.63892  1.63892
-16.0447  1.63638  1.63638
-16.0299  1.49918  1.49918
-16.0151  1.29351  1.29351
-16.0003  1.08942  1.08942
-15.9855  0.94136  0.94136
-15.9706  0.880059  0.880059
-15.9558  0.913038  0.913038
-15.9409  1.02816  1.02816
-15.926  1.19638  1.19638
-15.9111  1.37417  1.37417
-15.8962  1.50907  1.50907
-15.8812  1.55075  1.55075
-15.8663  1.46634  1.46634
-15.8513  1.25477  1.25477
-15.8363  0.952775  0.952775
-15.8213  0.627507  0.627507
-15.8063  0.356448  0.356448
-15.7913  0.201385  0.201385
-15.7762  0.186908  0.186908
-15.7612  0.292153  0.292153
-15.7461  0.458747  0.458747
-15.731  0.611093  0.611093
-15.7159  0.680761  0.680761
-15.7008  0.626411  0.626411
-15.6856  0.44355  0.44355
-15.6705  0.162624  0.162624
-15.6553  -0.162268  -0.162268
-15.6401  -0.469365  -0.469365
-15.6249  -0.704572  -0.704572
-15.6097  -0.831997  -0.831997
-15.5945  -0.838173  -0.838173
-15.5792  -0.731128  -0.731128
-15.564  -0.536702  -0.536702
-15.5487  -0.29364  -0.29364
-15.5334  -0.0471917  -0.0471917
-15.5181  0.159535  0.159535
-15.5028  0.295303  0.295303
-15.4875  0.347733  0.347733
-15.4721  0.323417  0.323417
-15.4568  0.240662  0.240662
-15.4414  0.119527  0.119527
-15.426  -0.0241336  -0.0241336
-15.4106  -0.177497  -0.177497
-15.3952  -0.325823  -0.325823
-15.3797  -0.450499  -0.450499
-15.3643  -0.533689  -0.533689
-15.3488  -0.566077  -0.566077
-15.3333  -0.550022  -0.550022
-15.3178  -0.493702  -0.493702
-15.3023  -0.400412  -0.400412
-15.2868  -0.263256  -0.263256
-15.2713  -0.0728325  -0.0728325
-15.2557  0.165288  0.165288
-15.2401  0.41701  0.41701
-15.2246  0.624679  0.624679
-15.209  0.733551  0.733551
-15.1933  0.725935  0.725935
-15.1777  0.639863  0.639863
-15.1621  0.556003  0.556003
-15.1464  0.556368  0.556368
-15.1307  0.677792  0.677792
-15.1151  0.887897  0.887897
-15.0994  1.09769  1.09769
-15.0836  1.20253  1.20253
-15.0679  1.12779  1.12779
-15.0522  0.856156  0.856156
-15.0364  0.428135  0.428135
-15.0206  -0.0775267  -0.0775267
-15.0048  -0.569585  -0.569585
-14.989  -0.966212  -0.966212
-14.9732  -1.21038  -1.21038
-14.9574  -1.27972  -1.27972
-14.9415  -1.19028  -1.19028
-14.9257  -0.991427  -0.991427
-14.9098  -0.750375  -0.750375
-14.8939  -0.530904  -0.530904
-14.878  -0.374881  -0.374881
-14.8621  -0.29463  -0.29463
-14.8462  -0.277877  -0.277877
-14.8302  -0.300307  -0.300307
-14.8143  -0.338171  -0.338171
-14.7983  -0.375628  -0.375628
-14.7823  -0.405798  -0.405798
-14.7663  -0.427711  -0.427711
-14.7503  -0.44245  -0.44245
-14.7342  -0.451268  -0.451268
-14.7182  -0.456871  -0.456871
-14.7021  -0.46651  -0.46651
-14.6861  -0.493373  -0.493373
-14.67  -0.552977  -0.552977
-14.6539  -0.654804  -0.654804
-14.6378  -0.79397  -0.79397
-14.6216  -0.949219  -0.949219
-14.6055  -1.08985  -1.08985
-14.5893  -1.18789  -1.18789
-14.5731  -1.22823  -1.22823
-14.557  -1.21119  -1.21119
-14.5408  -1.1481  -1.1481
-14.5245  -1.05463  -1.05463
-14.5083  -0.946705  -0.946705
-14.4921  -0.839865  -0.839865
-14.4758  -0.749065  -0.749065
-14.4595  -0.685816  -0.685816
-14.4433  -0.652588  -0.652588
-14.427  -0.638186  -0.638186
-14.4106  -0.618765  -0.618765
-14.3943  -0.566393  -0.566393
-14.378  -0.462235  -0.462235
-14.3616  -0.307829  -0.307829
-14.3453  -0.128026  -0.128026
-14.3289  0.0368562  0.0368562
-14.3125  0.146733  0.146733
-14.2961  0.17877  0.17877
-14.2796  0.138856  0.138856
-14.2632  0.0630768  0.0630768
-14.2468  0.00805765  0.00805765
-14.2303  0.0322466  0.0322466
-14.2138  0.173261  0.173261
-14.1973  0.429274  0.429274
-14.1808  0.7533  0.7533
-14.1643  1.06583  1.06583
-14.1478  1.28324  1.28324
-14.1312  1.35037  1.35037
-14.1147  1.26212  1.26212
-14.0981  1.06397  1.06397
-14.0815  0.832776  0.832776
-14.0649  0.64876  0.64876
-14.0483  0.571065  0.571065
-14.0316  0.623301  0.623301
-14.015  0.788819  0.788819
-13.9983  1.01416  1.01416
-13.9817  1.22199  1.22199
-13.965  1.33486  1.33486
-13.9483  1.3046  1.3046
-13.9316  1.13328  1.13328
-13.9149  0.871465  0.871465
-13.8981  0.59134  0.59134
-13.8814  0.350165  0.350165
-13.8646  0.16731  0.16731
-13.8478  0.0288782  0.0288782
-13.8311  -0.0866877  -0.0866877
-13.8143  -0.183707  -0.183707
-13.7974  -0.24429  -0.24429
-13.7806  -0.245097  -0.245097
-13.7638  -0.180184  -0.180184
-13.7469  -0.0707793  -0.0707793
-13.73  0.0449887  0.0449887
-13.7132  0.132668  0.132668
-13.6963  0.175289  0.175289
-13.6794  0.170571  0.170571
-13.6624  0.116637  0.116637
-13.6455  0.00131936  0.00131936
-13.6285  -0.192786  -0.192786
-13.6116  -0.4686  -0.4686
-13.5946  -0.794282  -0.794282
-13.5776  -1.09949  -1.09949
-13.5606  -1.29583  -1.29583
-13.5436  -1.31371  -1.31371
-13.5266  -1.13625  -1.13625
-13.5095  -0.810512  -0.810512
-13.4925  -0.42799  -0.42799
-13.4754  -0.0831239  -0.0831239
-13.4583  0.168276  0.168276
-13.4412  0.328536  0.328536
-13.4241  0.446052  0.446052
-13.407  0.580586  0.580586
-13.3899  0.767027  0.767027
-13.3728  0.997095  0.997095
-13.3556  1.22545  1.22545
-13.3384  1.3923  1.3923
-13.3212  1.44836  1.44836
-13.304  1.37159  1.37159
-13.2868  1.17237  1.17237
-13.2696  0.889536  0.889536
-13.2524  0.580042  0.580042
-13.2351  0.305091  0.305091
-13.2179  0.115547  0.115547
-13.2006  0.0404583  0.0404583
-13.1833  0.0819599  0.0819599
-13.166  0.217457  0.217457
-13.1487  0.407489  0.407489
-13.1314  0.606677  0.606677
-13.1141  0.775494  0.775494
-13.0967  0.890723  0.890723
-13.0793  0.951588  0.951588
-13.062  0.978061  0.978061
-13.0446  0.999654  0.999654
-13.0272  1.03755  1.03755
-13.0098  1.08775  1.08775
-12.9924  1.11447  1.11447
-12.9749  1.05933  1.05933
-12.9575  0.864545  0.864545
-12.94  0.501271  0.501271
-12.9225  -0.00899836  -0.00899836
-12.9051  -0.590083  -0.590083
-12.8876  -1.12793  -1.12793
-12.87  -1.50472  -1.50472
-12.8525  -1.63888  -1.63888
-12.835  -1.51516  -1.51516
-12.8174  -1.19101  -1.19101
-12.7999  -0.774505  -0.774505
-12.7823  -0.382868  -0.382868
-12.7647  -0.100747  -0.100747
-12.7471  0.041766  0.041766
-12.7295  0.0624919  0.0624919
-12.7119  -0.000787763  -0.000787763
-12.6943  -0.120544  -0.120544
-12.6766  -0.293122  -0.293122
-12.6589  -0.52882  -0.52882
-12.6413  -0.827428  -0.827428
-12.6236  -1.15791  -1.15791
-12.6059  -1.45805  -1.45805
-12.5882  -1.65627  -1.65627
-12.5705  -1.70313  -1.70313
-12.5527  -1.59347  -1.59347
-12.535  -1.36719  -1.36719
-12.5172  -1.09001  -1.09001
-12.4995  -0.827171  -0.827171
-12.4817  -0.62421  -0.62421
-12.4639  -0.501424  -0.501424
-12.4461  -0.459494  -0.459494
-12.4283  -0.489102  -0.489102
-12.4105  -0.578818  -0.578818
-12.3926  -0.719119  -0.719119
-12.3748  -0.902576  -0.902576
-12.3569  -1.12064  -1.12064
-12.339  -1.35824  -1.35824
-12.3211  -1.58932  -1.58932
-12.3032  -1.77797  -1.77797
-12.2853  -1.88741  -1.88741
-12.2674  -1.89415  -1.89415
-12.2495  -1.7997  -1.7997
-12.2315  -1.63189  -1.63189
-12.2136  -1.43398  -1.43398
-12.1956  -1.24668  -1.24668
-12.1776  -1.09278  -1.09278
-12.1596  -0.971913  -0.971913
-12.1416  -0.867004  -0.867004
-12.1236  -0.757963  -0.757963
-12.1056  -0.634988  -0.634988
-12.0875  -0.50498  -0.50498
-12.0695  -0.388209  -0.388209
-12.0514  -0.307093  -0.307093
-12.0333  -0.272865  -0.272865
-12.0152  -0.277266  -0.277266
-11.9971  -0.294068  -0.294068
-11.979  -0.290097  -0.290097
-11.9609  -0.240307  -0.240307
-11.9428  -0.13947  -0.13947
-11.9246  -0.00526522  -0.00526522
-11.9065  0.127927  0.127927
-11.8883  0.221396  0.221396
-11.8701  0.245808  0.245808
-11.8519  0.191657  0.191657
-11.8337  0.072954  0.072954
-11.8155  -0.0773815  -0.0773815
-11.7973  -0.218981  -0.218981
-11.7791  -0.317701  -0.317701
-11.7608  -0.355689  -0.355689
-11.7426  -0.334169  -0.334169
-11.7243  -0.269509  -0.269509
-11.706  -0.18627  -0.18627
-11.6877  -0.110614  -0.110614
-11.6694  -0.0650299  -0.0650299
-11.6511  -0.0636479  -0.0636479
-11.6328  -0.108484  -0.108484
-11.6144  -0.188896  -0.188896
-11.5961  -0.286314  -0.286314
-11.5777  -0.382968  -0.382968
-11.5594  -0.46957  -0.46957
-11.541  -0.546751  -0.546751
-11.5226  -0.619403  -0.619403
-11.5042  -0.688478  -0.688478
-11.4858  -0.746844  -0.746844
-11.4673  -0.782485  -0.782485
-11.4489  -0.786641  -0.786641
-11.4304  -0.760929  -0.760929
-11.412  -0.718547  -0.718547
-11.3935  -0.679031  -0.679031
-11.375  -0.660067  -0.660067
-11.3565  -0.670909  -0.670909
-11.338  -0.710198  -0.710198
-11.3195  -0.768103  -0.768103
-11.301  -0.83089  -0.83089
-11.2825  -0.885684  -0.885684
-11.2639  -0.923932  -0.923932
-11.2454  -0.942944  -0.942944
-11.2268  -0.945538  -0.945538
-11.2082  -0.938224  -0.938224
-11.1896  -0.928625  -0.928625
-11.171  -0.923017  -0.923017
-11.1524  -0.924744  -0.924744
-11.1338  -0.933922  -0.933922
-11.1151  -0.948257  -0.948257
-11.0965  -0.964456  -0.964456
-11.0778  -0.979566  -0.979566
-11.0592  -0.991766  -0.991766
-11.0405  -1.0005  -1.0005
-11.0218  -1.00612  -1.00612
-11.0031  -1.0094  -1.0094
-10.9844  -1.01112  -1.01112
-10.9657  -1.01191  -1.01191
-10.947  -1.01223  -1.01223
-10.9282  -1.01235  -1.01235
-10.9095  -1.01245  -1.01245
-10.8907  -1.01257  -1.01257
-10.8719  -1.01271  -1.01271
-10.8532  -1.01283  -1.01283
-10.8344  -1.01293  -1.01293
-10.8156  -1.01299  -1.01299
-10.7967  -1.013  -1.013
-10.7779  -1.01296  -1.01296
-10.7591  -1.01287  -1.01287
-10.7402  -1.01274  -1.01274
-10.7214  -1.0126  -1.0126
-10.7025  -1.01246  -1.01246
-10.6836  -1.01234  -1.01234
-10.6648  -1.01223  -1.01223
-10.6459  -1.01203  -1.01203
-10.627  -1.01156  -1.01156
-10.608  -1.01059  -1.01059
-10.5891  -1.00882  -1.00882
-10.5702  -1.00593  -1.00593
-10.5512  -1.00137  -1.00137
-10.5323  -0.994189  -0.994189
-10.5133  -0.982769  -0.982769
-10.4943  -0.964536  -0.964536
-10.4753  -0.93606  -0.93606
-10.4563  -0.893772  -0.893772
-10.4373  -0.835487  -0.835487
-10.4183  -0.762367  -0.762367
-10.3993  -0.68039  -0.68039
-10.3803  -0.600153  -0.600153
-10.3612  -0.534275  -0.534275
-10.3421  -0.492841  -0.492841
-10.3231  -0.478651  -0.478651
-10.304  -0.484776  -0.484776
-10.2849  -0.496337  -0.496337
-10.2658  -0.496474  -0.496474
-10.2467  -0.474083  -0.474083
-10.2276  -0.429449  -0.429449
-10.2085  -0.374466  -0.374466
-10.1893  -0.326889  -0.326889
-10.1702  -0.301447  -0.301447
-10.151  -0.302841  -0.302841
-10.1319  -0.324868  -0.324868
-10.1127  -0.35624  -0.35624
-10.0935  -0.389259  -0.389259
-10.0743  -0.425272  -0.425272
-10.0551  -0.47279  -0.47279
-10.0359  -0.539305  -0.539305
-10.0166  -0.622558  -0.622558
-9.99741  -0.707665  -0.707665
-9.97817  -0.772352  -0.772352
-9.95891  -0.796822  -0.796822
-9.93965  -0.771987  -0.771987
-9.92038  -0.701904  -0.701904
-9.90109  -0.601056  -0.601056
-9.8818  -0.490249  -0.490249
-9.8625  -0.393832  -0.393832
-9.84319  -0.337483  -0.337483
-9.82387  -0.343705  -0.343705
-9.80454  -0.423937  -0.423937
-9.7852  -0.5703  -0.5703
-9.76585  -0.752788  -0.752788
-9.74649  -0.926141  -0.926141
-9.72712  -1.04541  -1.04541
-9.70775  -1.08353  -1.08353
-9.68836  -1.04203  -1.04203
-9.66896  -0.948924  -0.948924
-9.64956  -0.844427  -0.844427
-9.63014  -0.761892  -0.761892
-9.61072  -0.713898  -0.713898
-9.59129  -0.690378  -0.690378
-9.57184  -0.668443  -0.668443
-9.55239  -0.626898  -0.626898
-9.53293  -0.556591  -0.556591
-9.51346  -0.461632  -0.461632
-9.49398  -0.352915  -0.352915
-9.47449  -0.239767  -0.239767
-9.455  -0.125349  -0.125349
-9.43549  -0.00787333  -0.00787333
-9.41597  0.114092  0.114092
-9.39645  0.235868  0.235868
-9.37691  0.343846  0.343846
-9.35737  0.417481  0.417481
-9.33782  0.435836  0.435836
-9.31826  0.386002  0.386002
-9.29869  0.269235  0.269235
-9.27911  0.101429  0.101429
-9.25952  -0.0922341  -0.0922341
-9.23993  -0.285056  -0.285056
-9.22032  -0.454552  -0.454552
-9.20071  -0.583981  -0.583981
-9.18108  -0.661062  -0.661062
-9.16145  -0.67686  -0.67686
-9.14181  -0.626736  -0.626736
-9.12216  -0.512991  -0.512991
-9.1025  -0.347881  -0.347881
-9.08283  -0.155762  -0.155762
-9.06316  0.0269511  0.0269511
-9.04347  0.156263  0.156263
-9.02378  0.191481  0.191481
-9.00408  0.111003  0.111003
-8.98437  -0.0738989  -0.0738989
-8.96465  -0.316796  -0.316796
-8.94492  -0.550244  -0.550244
-8.92518  -0.711111  -0.711111
-8.90544  -0.763348  -0.763348
-8.88568  -0.705352  -0.705352
-8.86592  -0.559844  -0.559844
-8.84615  -0.356902  -0.356902
-8.82637  -0.124615  -0.124615
-8.80658  0.106672  0.106672
-8.78678  0.294522  0.294522
-8.76698  0.383909  0.383909
-8.74716  0.324221  0.324221
-8.72734  0.0965135  0.0965135
-8.70751  -0.267348  -0.267348
-8.68767  -0.689174  -0.689174
-8.66782  -1.07307  -1.07307
-8.64797  -1.34292  -1.34292
-8.62811  -1.46839  -1.46839
-8.60823  -1.4673  -1.4673
-8.58835  -1.38674  -1.38674
-8.56846  -1.27601  -1.27601
-8.54857  -1.16595  -1.16595
-8.52866  -1.06271  -1.06271
-8.50875  -0.95524  -0.95524
-8.48883  -0.829393  -0.829393
-8.4689  -0.680197  -0.680197
-8.44896  -0.516432  -0.516432
-8.42901  -0.35661  -0.35661
-8.40906  -0.21998  -0.21998
-8.38909  -0.118282  -0.118282
-8.36912  -0.0527398  -0.0527398
-8.34915  -0.016981  -0.016981
-8.32916  -0.00272447  -0.00272447
-8.30916  -0.00374125  -0.00374125
-8.28916  -0.0156427  -0.0156427
-8.26915  -0.0327258  -0.0327258
-8.24913  -0.0454603  -0.0454603
-8.22911  -0.0414282  -0.0414282
-8.20907  -0.00952806  -0.00952806
-8.18903  0.0553156  0.0553156
-8.16898  0.149828  0.149828
-8.14892  0.263364  0.263364
-8.12885  0.381048  0.381048
-8.10878  0.487313  0.487313
-8.0887  0.568768  0.568768
-8.06861  0.616111  0.616111
-8.04851  0.625009  0.625009
-8.02841  0.596015  0.596015
-8.00829  0.533987  0.533987
-7.98817  0.447887  0.447887
-7.96804  0.351238  0.351238
-7.94791  0.262067  0.262067
-7.92777  0.200255  0.200255
-7.90761  0.181519  0.181519
-7.88746  0.2103  0.2103
-7.86729  0.27607  0.27607
-7.84712  0.356492  0.356492
-7.82693  0.426491  0.426491
-7.80674  0.467966  0.467966
-7.78655  0.474342  0.474342
-7.76634  0.44799  0.44799
-7.74613  0.393873  0.393873
-7.72591  0.315004  0.315004
-7.70569  0.213064  0.213064
-7.68545  0.0928303  0.0928303
-7.66521  -0.0340014  -0.0340014
-7.64496  -0.149469  -0.149469
-7.62471  -0.235226  -0.235226
-7.60444  -0.281161  -0.281161
-7.58417  -0.292586  -0.292586
-7.56389  -0.291925  -0.291925
-7.54361  -0.312428  -0.312428
-7.52332  -0.384674  -0.384674
-7.50302  -0.520748  -0.520748
-7.48271  -0.703882  -0.703882
-7.46239  -0.890217  -0.890217
-7.44207  -1.02366  -1.02366
-7.42174  -1.05741  -1.05741
-7.40141  -0.971558  -0.971558
-7.38106  -0.778416  -0.778416
-7.36071  -0.513952  -0.513952
-7.34036  -0.221086  -0.221086
-7.31999  0.0663382  0.0663382
-7.29962  0.331858  0.331858
-7.27924  0.574774  0.574774
-7.25886  0.801254  0.801254
-7.23847  1.01379  1.01379
-7.21807  1.20493  1.20493
-7.19766  1.35876  1.35876
-7.17725  1.45914  1.45914
-7.15683  1.49933  1.49933
-7.1364  1.48595  1.48595
-7.11597  1.43368  1.43368
-7.09552  1.35384  1.35384
-7.07508  1.24506  1.24506
-7.05462  1.0939  1.0939
-7.03416  0.886448  0.886448
-7.01369  0.623583  0.623583
-6.99322  0.329654  0.329654
-6.97274  0.0483635  0.0483635
-6.95225  -0.171739  -0.171739
-6.93175  -0.293735  -0.293735
-6.91125  -0.302856  -0.302856
-6.89074  -0.208504  -0.208504
-6.87023  -0.0404356  -0.0404356
-6.84971  0.15734  0.15734
-6.82918  0.334066  0.334066
-6.80864  0.442469  0.442469
-6.7881  0.451616  0.451616
-6.76755  0.358297  0.358297
-6.747  0.19046  0.19046
-6.72644  -0.0013572  -0.0013572
-6.70587  -0.162287  -0.162287
-6.6853  -0.253021  -0.253021
-6.66472  -0.262281  -0.262281
-6.64413  -0.207134  -0.207134
-6.62354  -0.122875  -0.122875
-6.60294  -0.0485706  -0.0485706
-6.58233  -0.0147929  -0.0147929
-6.56172  -0.0373328  -0.0373328
-6.5411  -0.117221  -0.117221
-6.52048  -0.244997  -0.244997
-6.49985  -0.406375  -0.406375
-6.47921  -0.586894  -0.586894
-6.45856  -0.774151  -0.774151
-6.43791  -0.957361  -0.957361
-6.41726  -1.12494  -1.12494
-6.3966  -1.26148  -1.26148
-6.37593  -1.34613  -1.34613
-6.35525  -1.35436  -1.35436
-6.33457  -1.26448  -1.26448
-6.31389  -1.06777  -1.06777
-6.29319  -0.778286  -0.778286
-6.27249  -0.436332  -0.436332
-6.25179  -0.101378  -0.101378
-6.23108  0.164861  0.164861
-6.21036  0.318539  0.318539
-6.18964  0.3475  0.3475
-6.16891  0.271981  0.271981
-6.14817  0.132135  0.132135
-6.12743  -0.0306952  -0.0306952
-6.10669  -0.189083  -0.189083
-6.08593  -0.333773  -0.333773
-6.06518  -0.466438  -0.466438
-6.04441  -0.586933  -0.586933
-6.02364  -0.683992  -0.683992
-6.00286  -0.735817  -0.735817
-5.98208  -0.720587  -0.720587
-5.9613  -0.630368  -0.630368
-5.9405  -0.479356  -0.479356
-5.9197  -0.300602  -0.300602
-5.8989  -0.1324  -0.1324
-5.87809  -0.00188342  -0.00188342
-5.85727  0.0849483  0.0849483
-5.83645  0.141695  0.141695
-5.81562  0.19033  0.19033
-5.79479  0.247384  0.247384
-5.77395  0.315078  0.315078
-5.75311  0.380994  0.380994
-5.73226  0.424759  0.424759
-5.7114  0.427245  0.427245
-5.69054  0.378185  0.378185
-5.66968  0.280156  0.280156
-5.6488  0.148669  0.148669
-5.62793  0.00879439  0.00879439
-5.60704  -0.110758  -0.110758
-5.58616  -0.184225  -0.184225
-5.56526  -0.193493  -0.193493
-5.54436  -0.129402  -0.129402
-5.52346  0.00919715  0.00919715
-5.50255  0.215511  0.215511
-5.48164  0.472047  0.472047
-5.46072  0.747092  0.747092
-5.43979  0.995744  0.995744
-5.41886  1.1695  1.1695
-5.39793  1.23257  1.23257
-5.37698  1.17679  1.17679
-5.35604  1.0262  1.0262
-5.33509  0.827429  0.827429
-5.31413  0.630718  0.630718
-5.29317  0.471437  0.471437
-5.2722  0.361044  0.361044
-5.25123  0.290138  0.290138
-5.23026  0.239661  0.239661
-5.20927  0.19314  0.19314
-5.18829  0.144095  0.144095
-5.16729  0.096446  0.096446
-5.1463  0.0592828  0.0592828
-5.1253  0.0393467  0.0393467
-5.10429  0.0349876  0.0349876
-5.08328  0.0346081  0.0346081
-5.06226  0.0208175  0.0208175
-5.04124  -0.0211175  -0.0211175
-5.02021  -0.0944765  -0.0944765
-4.99918  -0.18673  -0.18673
-4.97815  -0.27257  -0.27257
-4.95711  -0.323508  -0.323508
-4.93606  -0.319693  -0.319693
-4.91501  -0.258468  -0.258468
-4.89396  -0.15583  -0.15583
-4.8729  -0.0403207  -0.0403207
-4.85183  0.05785  0.05785
-4.83076  0.11768  0.11768
-4.80969  0.13358  0.13358
-4.78861  0.114405  0.114405
-4.76753  0.076404  0.076404
-4.74644  0.0344665  0.0344665
-4.72535  -0.00329225  -0.00329225
-4.70425  -0.0351808  -0.0351808
-4.68315  -0.0616576  -0.0616576
-4.66205  -0.0814853  -0.0814853
-4.64094  -0.0914088  -0.0914088
-4.61982  -0.0886913  -0.0886913
-4.5987  -0.0731672  -0.0731672
-4.57758  -0.0463734  -0.0463734
-4.55645  -0.00875906  -0.00875906
-4.53532  0.0416246  0.0416246
-4.51418  0.106708  0.106708
-4.49304  0.183701  0.183701
-4.47189  0.26224  0.26224
-4.45075  0.326587  0.326587
-4.42959  0.362326  0.362326
-4.40843  0.363499  0.363499
-4.38727  0.335726  0.335726
-4.3661  0.293491  0.293491
-4.34493  0.253394  0.253394
-4.32376  0.227246  0.227246
-4.30258  0.218522  0.218522
-4.28139  0.223391  0.223391
-4.26021  0.234943  0.234943
-4.23902  0.247608  0.247608
-4.21782  0.259052  0.259052
-4.19662  0.268809  0.268809
-4.17542  0.275302  0.275302
-4.15421  0.274081  0.274081
-4.133  0.259068  0.259068
-4.11178  0.226116  0.226116
-4.09056  0.17605  0.17605
-4.06934  0.114574  0.114574
-4.04811  0.0487861  0.0487861
-4.02688  -0.0170507  -0.0170507
-4.00564  -0.0829612  -0.0829612
-3.9844  -0.150385  -0.150385
-3.96316  -0.216942  -0.216942
-3.94191  -0.273113  -0.273113
-3.92066  -0.304307  -0.304307
-3.89941  -0.298128  -0.298128
-3.87815  -0.252714  -0.252714
-3.85689  -0.180652  -0.180652
-3.83562  -0.10525  -0.10525
-3.81435  -0.0506779  -0.0506779
-3.79308  -0.0313358  -0.0313358
-3.7718  -0.046378  -0.046378
-3.75052  -0.0820654  -0.0820654
-3.72924  -0.119883  -0.119883
-3.70795  -0.145277  -0.145277
-3.68666  -0.15234  -0.15234
-3.66536  -0.143113  -0.143113
-3.64406  -0.123628  -0.123628
-3.62276  -0.10009  -0.10009
-3.60146  -0.0772519  -0.0772519
-3.58015  -0.0586584  -0.0586584
-3.55884  -0.047169  -0.047169
-3.53752  -0.044668  -0.044668
-3.5162  -0.0512164  -0.0512164
-3.49488  -0.0646585  -0.0646585
-3.47355  -0.0812453  -0.0812453
-3.45222  -0.0968175  -0.0968175
-3.43089  -0.107625  -0.107625
-3.40956  -0.110367  -0.110367
-3.38822  -0.101988  -0.101988
-3.36687  -0.0801269  -0.0801269
-3.34553  -0.0445557  -0.0445557
-3.32418  0.00115639  0.00115639
-3.30283  0.0491312  0.0491312
-3.28147  0.0887775  0.0887775
-3.26011  0.110223  0.110223
-3.23875  0.108113  0.108113
-3.21739  0.0839287  0.0839287
-3.19602  0.0456157  0.0456157
-3.17465  0.0046205  0.0046205
-3.15328  -0.0283571  -0.0283571
-3.1319  -0.04699  -0.04699
-3.11052  -0.0507853  -0.0507853
-3.08914  -0.0439417  -0.0439417
-3.06775  -0.0324674  -0.0324674
-3.04636  -0.0212103  -0.0212103
-3.02497  -0.0122701  -0.0122701
-3.00357  -0.00526257  -0.00526257
-2.98218  0.00122248  0.00122248
-2.96078  0.0081455  0.0081455
-2.93937  0.0153712  0.0153712
-2.91797  0.0219192  0.0219192
-2.89656  0.0266069  0.0266069
-2.87515  0.0285548  0.0285548
-2.85373  0.0273859  0.0273859
-2.83231  0.0232533  0.0232533
-2.81089  0.0168464  0.0168464
-2.78947  0.00934589  0.00934589
-2.76804  0.00220269  0.00220269
-2.74662  -0.00327595  -0.00327595
-2.72519  -0.00635573  -0.00635573
-2.70375  -0.00707566  -0.00707566
-2.68232  -0.00610589  -0.00610589
-2.66088  -0.00436634  -0.00436634
-2.63944  -0.00263632  -0.00263632
-2.61799  -0.00134284  -0.00134284
-2.59655  -0.000568918  -0.000568918
-2.5751  -0.000194887  -0.000194887
-2.55365  -5.1394e-05  -5.1394e-05
-2.53219  -9.48956e-06  -9.48956e-06
-2.51074  -8.38036e-07  -8.38036e-07
-2.48928  2.29923e-07  2.29923e-07
-2.46782  1.25135e-07  1.25135e-07
-2.44635  -1.25565e-07  -1.25565e-07
-2.42489  -2.67186e-07  -2.67186e-07
-2.40342  -2.27318e-07  -2.27318e-07
-2.38195  -1.1143e-07  -1.1143e-07
-2.36048  -3.09675e-08  -3.09675e-08
-2.339  -3.98901e-09  -3.98901e-09
-2.31753  -1.28642e-09  -1.28642e-09
-2.29605  -4.79554e-09  -4.79554e-09
-2.27456  -1.09474e-08  -1.09474e-08
-2.25308  -1.59198e-08  -1.59198e-08
-2.23159  -1.58215e-08  -1.58215e-08
-2.21011  -1.21083e-08  -1.21083e-08
-2.18862  -8.91842e-09  -8.91842e-09
-2.16712  -7.78193e-09  -7.78193e-09
-2.14563  -7.63178e-09  -7.63178e-09
-2.12413  -7.64936e-09  -7.64936e-09
-2.10263  -7.87524e-09  -7.87524e-09
-2.08113  -8.13763e-09  -8.13763e-09
-2.05963  -7.99735e-09  -7.99735e-09
-2.03813  -7.47822e-09  -7.47822e-09
-2.01662  -7.01005e-09  -7.01005e-09
-1.99511  -6.78674e-09  -6.78674e-09
-1.9736  -6.6576e-09  -6.6576e-09
-1.95209  -6.51079e-09  -6.51079e-09
-1.93057  -6.39063e-09  -6.39063e-09
-1.90906  -6.29949e-09  -6.29949e-09
-1.88754  -6.15739e-09  -6.15739e-09
-1.86602  -5.95336e-09  -5.95336e-09
-1.8445  -5.76571e-09  -5.76571e-09
-1.82298  -5.6319e-09  -5.6319e-09
-1.80145  -5.51318e-09  -5.51318e-09
-1.77992  -5.3823e-09  -5.3823e-09
-1.7584  -5.25666e-09  -5.25666e-09
-1.73687  -5.14408e-09  -5.14408e-09
-1.71533  -5.02465e-09  -5.02465e-09
-1.6938  -4.89282e-09  -4.89282e-09
-1.67227  -4.76875e-09  -4.76875e-09
-1.65073  -4.6621e-09  -4.6621e-09
-1.62919  -4.55955e-09  -4.55955e-09
-1.60765  -4.45198e-09  -4.45198e-09
-1.58611  -4.34634e-09  -4.34634e-09
-1.56457  -4.24705e-09  -4.24705e-09
-1.54302  -4.148e-09  -4.148e-09
-1.52148  -4.04677e-09  -4.04677e-09
-1.49993  -3.94994e-09  -3.94994e-09
-1.47838  -3.86052e-09  -3.86052e-09
-1.45683  -3.77302e-09  -3.77302e-09
-1.43528  -3.68373e-09  -3.68373e-09
-1.41372  -3.59562e-09  -3.59562e-09
-1.39217  -3.51099e-09  -3.51099e-09
-1.37061  -3.42766e-09  -3.42766e-09
-1.34906  -3.3446e-09  -3.3446e-09
-1.3275  -3.26435e-09  -3.26435e-09
-1.30594  -3.18796e-09  -3.18796e-09
-1.28438  -3.11283e-09  -3.11283e-09
-1.26281  -3.03721e-09  -3.03721e-09
-1.24125  -2.96247e-09  -2.96247e-09
-1.21969  -2.88981e-09  -2.88981e-09
-1.19812  -2.81841e-09  -2.81841e-09
-1.17655  -2.74783e-09  -2.74783e-09
-1.15499  -2.67921e-09  -2.67921e-09
-1.13342  -2.61291e-09  -2.61291e-09
-1.11185  -2.54756e-09  -2.54756e-09
-1.09027  -2.4822e-09  -2.4822e-09
-1.0687  -2.4175e-09  -2.4175e-09
-1.04713  -2.35412e-09  -2.35412e-09
-1.02555  -2.29178e-09  -2.29178e-09
-1.00398  -2.2303e-09  -2.2303e-09
-0.982403  -2.17025e-09  -2.17025e-09
-0.960825  -2.11176e-09  -2.11176e-09
-0.939247  -2.05399e-09  -2.05399e-09
-0.917668  -1.99637e-09  -1.99637e-09
-0.896088  -1.93921e-09  -1.93921e-09
-0.874507  -1.88293e-09  -1.88293e-09
-0.852925  -1.82744e-09  -1.82744e-09
-0.831342  -1.77272e-09  -1.77272e-09
-0.809759  -1.71909e-09  -1.71909e-09
-0.788175  -1.66656e-09  -1.66656e-09
-0.76659  -1.61458e-09  -1.61458e-09
-0.745004  -1.56276e-09  -1.56276e-09
-0.723418  -1.51123e-09  -1.51123e-09
-0.701831  -1.46028e-09  -1.46028e-09
-0.680243  -1.40992e-09  -1.40992e-09
-0.658654  -1.3602e-09  -1.3602e-09
-0.637065  -1.31132e-09  -1.31132e-09
-0.615475  -1.26324e-09  -1.26324e-09
-0.593885  -1.21557e-09  -1.21557e-09
-0.572294  -1.168e-09  -1.168e-09
-0.550703  -1.12058e-09  -1.12058e-09
-0.529111  -1.07351e-09  -1.07351e-09
-0.507519  -1.02687e-09  -1.02687e-09
-0.485926  -9.80735e-10  -9.80735e-10
-0.464332  -9.35251e-10  -9.35251e-10
-0.442738  -8.90356e-10  -8.90356e-10
-0.421144  -8.45736e-10  -8.45736e-10
-0.399549  -8.01132e-10  -8.01132e-10
-0.377954  -7.56556e-10  -7.56556e-10
-0.356359  -7.1215e-10  -7.1215e-10
-0.334763  -6.68024e-10  -6.68024e-10
-0.313167  -6.24288e-10  -6.24288e-10
-0.291571  -5.81045e-10  -5.81045e-10
-0.269974  -5.38225e-10  -5.38225e-10
-0.248377  -4.95559e-10  -4.95559e-10
-0.22678  -4.52813e-10  -4.52813e-10
-0.205182  -4.0997e-10  -4.0997e-10
-0.183585  -3.6715e-10  -3.6715e-10
-0.161987  -3.24481e-10  -3.24481e-10
-0.140389  -2.82085e-10  -2.82085e-10
-0.118791  -2.40052e-10  -2.40052e-10
-0.0971927  -1.98303e-10  -1.98303e-10
-0.0755944  -1.5659e-10  -1.5659e-10
-0.0539961  -1.1469e-10  -1.1469e-10
-0.0323977  -7.25702e-11  -7.25702e-11
-0.0107992  -3.03405e-11  -3.03405e-11
0.0107992  1.186e-11  1.186e-11
0.0323977  5.38961e-11  5.38961e-11
0.0539961  9.56885e-11  9.56885e-11
0.0755944  1.37318e-10  1.37318e-10
0.0971927  1.79031e-10  1.79031e-10
0.118791  2.21052e-10  2.21052e-10
0.140389  2.63421e-10  2.63421e-10
0.161987  3.06029e-10  3.06029e-10
0.183585  3.48724e-10  3.48724e-10
0.205182  3.91364e-10  3.91364e-10
0.22678  4.33866e-10  4.33866e-10
0.248377  4.76321e-10  4.76321e-10
0.269974  5.18988e-10  5.18988e-10
0.291571  5.62104e-10  5.62104e-10
0.313167  6.0571e-10  6.0571e-10
0.334763  6.49685e-10  6.49685e-10
0.356359  6.93867e-10  6.93867e-10
0.377954  7.38102e-10  7.38102e-10
0.399549  7.823e-10  7.823e-10
0.421144  8.26563e-10  8.26563e-10
0.442738  8.71185e-10  8.71185e-10
0.464332  9.1643e-10  9.1643e-10
0.485926  9.62329e-10  9.62329e-10
0.507519  1.00874e-09  1.00874e-09
0.529111  1.05548e-09  1.05548e-09
0.550703  1.10238e-09  1.10238e-09
0.572294  1.14934e-09  1.14934e-09
0.593885  1.19648e-09  1.19648e-09
0.615475  1.24416e-09  1.24416e-09
0.637065  1.29269e-09  1.29269e-09
0.658654  1.34207e-09  1.34207e-09
0.680243  1.39212e-09  1.39212e-09
0.701831  1.44264e-09  1.44264e-09
0.723418  1.49344e-09  1.49344e-09
0.745004  1.54436e-09  1.54436e-09
0.76659  1.59557e-09  1.59557e-09
0.788175  1.64757e-09  1.64757e-09
0.809759  1.70073e-09  1.70073e-09
0.831342  1.75501e-09  1.75501e-09
0.852925  1.81014e-09  1.81014e-09
0.874507  1.8659e-09  1.8659e-09
0.896088  1.92204e-09  1.92204e-09
0.917668  1.97833e-09  1.97833e-09
0.939247  2.035e-09  2.035e-09
0.960825  2.0928e-09  2.0928e-09
0.982403  2.15225e-09  2.15225e-09
1.00398  2.21319e-09  2.21319e-09
1.02555  2.2752e-09  2.2752e-09
1.04713  2.33803e-09  2.33803e-09
1.0687  2.40132e-09  2.40132e-09
1.09027  2.46464e-09  2.46464e-09
1.11185  2.52838e-09  2.52838e-09
1.13342  2.5938e-09  2.5938e-09
1.15499  2.66169e-09  2.66169e-09
1.17655  2.73161e-09  2.73161e-09
1.19812  2.80289e-09  2.80289e-09
1.21969  2.87527e-09  2.87527e-09
1.24125  2.94808e-09  2.94808e-09
1.26281  3.02039e-09  3.02039e-09
1.28438  3.09296e-09  3.09296e-09
1.30594  3.16824e-09  3.16824e-09
1.3275  3.24752e-09  3.24752e-09
1.34906  3.32968e-09  3.32968e-09
1.37061  3.41363e-09  3.41363e-09
1.39217  3.49921e-09  3.49921e-09
1.41372  3.58489e-09  3.58489e-09
1.43528  3.66836e-09  3.66836e-09
1.45683  3.75129e-09  3.75129e-09
1.47838  3.83915e-09  3.83915e-09
1.49993  3.93421e-09  3.93421e-09
1.52148  4.03355e-09  4.03355e-09
1.54302  4.13551e-09  4.13551e-09
1.56457  4.24065e-09  4.24065e-09
1.58611  4.34466e-09  4.34466e-09
1.60765  4.44089e-09  4.44089e-09
1.62919  4.53371e-09  4.53371e-09
1.65073  4.63713e-09  4.63713e-09
1.67227  4.75539e-09  4.75539e-09
1.6938  4.88013e-09  4.88013e-09
1.71533  5.00985e-09  5.00985e-09
1.73687  5.14899e-09  5.14899e-09
1.7584  5.28327e-09  5.28327e-09
1.77992  5.38979e-09  5.38979e-09
1.80145  5.48215e-09  5.48215e-09
1.82298  5.60304e-09  5.60304e-09
1.8445  5.7599e-09  5.7599e-09
1.86602  5.92417e-09  5.92417e-09
1.88754  6.10356e-09  6.10356e-09
1.90906  6.32573e-09  6.32573e-09
1.93057  6.53291e-09  6.53291e-09
1.95209  6.62707e-09  6.62707e-09
1.9736  6.6595e-09  6.6595e-09
1.99511  6.79399e-09  6.79399e-09
2.01662  7.03232e-09  7.03232e-09
2.03813  7.24626e-09  7.24626e-09
2.05963  7.53812e-09  7.53812e-09
2.08113  8.11535e-09  8.11535e-09
2.10263  8.6767e-09  8.6767e-09
2.12413  8.63935e-09  8.63935e-09
2.14563  8.25163e-09  8.25163e-09
2.16712  8.39573e-09  8.39573e-09
2.18862  8.86969e-09  8.86969e-09
2.21011  8.75421e-09  8.75421e-09
2.23159  9.30189e-09  9.30189e-09
2.25308  1.2995e-08  1.2995e-08
2.27456  1.76286e-08  1.76286e-08
2.29605  1.72148e-08  1.72148e-08
2.31753  1.32596e-08  1.32596e-08
2.339  1.42759e-08  1.42759e-08
2.36048  1.41631e-08  1.41631e-08
2.38195  -5.04075e-09  -5.04075e-09
2.40342  -1.70557e-08  -1.70557e-08
2.42489  5.86502e-08  5.86502e-08
2.44635  2.16574e-07  2.16574e-07
2.46782  2.8079e-07  2.8079e-07
2.48928  2.37267e-07  2.37267e-07
2.51074  5.3152e-07  5.3152e-07
2.53219  6.02826e-07  6.02826e-07
2.55365  -5.22931e-06  -5.22931e-06
2.5751  -3.05185e-05  -3.05185e-05
2.59655  -8.83678e-05  -8.83678e-05
2.61799  -0.000163961  -0.000163961
2.63944  -0.000173772  -0.000173772
2.66088  6.40639e-05  6.40639e-05
2.68232  0.000817796  0.000817796
2.70375  0.00237663  0.00237663
2.72519  0.00495418  0.00495418
2.74662  0.00860677  0.00860677
2.76804  0.0132029  0.0132029
2.78947  0.0184369  0.0184369
2.81089  0.0238332  0.0238332
2.83231  0.0286766  0.0286766
2.85373  0.0318654  0.0318654
2.87515  0.0318036  0.0318036
2.89656  0.0265533  0.0265533
2.91797  0.0144332  0.0144332
2.93937  -0.00498955  -0.00498955
2.96078  -0.0299496  -0.0299496
2.98218  -0.0562598  -0.0562598
3.00357  -0.0783306  -0.0783306
3.02497  -0.0912972  -0.0912972
3.04636  -0.0933093  -0.0933093
3.06775  -0.0866607  -0.0866607
3.08914  -0.0768932  -0.0768932
3.11052  -0.0701687  -0.0701687
3.1319  -0.0703233  -0.0703233
3.15328  -0.0772887  -0.0772887
3.17465  -0.0877112  -0.0877112
3.19602  -0.0971904  -0.0971904
3.21739  -0.102591  -0.102591
3.23875  -0.103036  -0.103036
3.26011  -0.0992543  -0.0992543
3.28147  -0.092092  -0.092092
3.30283  -0.081337  -0.081337
3.32418  -0.0655584  -0.0655584
3.34553  -0.042837  -0.042837
3.36687  -0.0117831  -0.0117831
3.38822  0.0277631  0.0277631
3.40956  0.0746528  0.0746528
3.43089  0.12694  0.12694
3.45222  0.182643  0.182643
3.47355  0.240197  0.240197
3.49488  0.298089  0.298089
3.5162  0.353692  0.353692
3.53752  0.402135  0.402135
3.55884  0.436479  0.436479
3.58015  0.449921  0.449921
3.60146  0.439279  0.439279
3.62276  0.407665  0.407665
3.64406  0.364211  0.364211
3.66536  0.320367  0.320367
3.68666  0.284573  0.284573
3.70795  0.258432  0.258432
3.72924  0.236752  0.236752
3.75052  0.211502  0.211502
3.7718  0.177293  0.177293
3.79308  0.13511  0.13511
3.81435  0.0921635  0.0921635
3.83562  0.0580338  0.0580338
3.85689  0.0394612  0.0394612
3.87815  0.0368284  0.0368284
3.89941  0.0443368  0.0443368
3.92066  0.0536475  0.0536475
3.94191  0.0586802  0.0586802
3.96316  0.0586409  0.0586409
3.9844  0.0576539  0.0576539
4.00564  0.0617007  0.0617007
4.02688  0.0751711  0.0751711
4.04811  0.0990127  0.0990127
4.06934  0.130702  0.130702
4.09056  0.164867  0.164867
4.11178  0.19373  0.19373
4.133  0.208086  0.208086
4.15421  0.200206  0.200206
4.17542  0.168536  0.168536
4.19662  0.121475  0.121475
4.21782  0.0765658  0.0765658
4.23902  0.0538509  0.0538509
4.26021  0.0664917  0.0664917
4.28139  0.114344  0.114344
4.30258  0.184633  0.184633
4.32376  0.259152  0.259152
4.34493  0.32323  0.32323
4.3661  0.3712  0.3712
4.38727  0.406037  0.406037
4.40843  0.43459  0.43459
4.42959  0.461671  0.461671
4.45075  0.485915  0.485915
4.47189  0.498929  0.498929
4.49304  0.488189  0.488189
4.51418  0.443025  0.443025
4.53532  0.361517  0.361517
4.55645  0.254628  0.254628
4.57758  0.144246  0.144246
4.5987  0.0548449  0.0548449
4.61982  0.00269127  0.00269127
4.64094  -0.0112184  -0.0112184
4.66205  -0.000373974  -0.000373974
4.68315  0.0149489  0.0149489
4.70425  0.0171167  0.0171167
4.72535  -0.00308249  -0.00308249
4.74644  -0.0460897  -0.0460897
4.76753  -0.106437  -0.106437
4.78861  -0.175443  -0.175443
4.80969  -0.242324  -0.242324
4.83076  -0.294817  -0.294817
4.85183  -0.320994  -0.320994
4.8729  -0.312399  -0.312399
4.89396  -0.26689  -0.26689
4.91501  -0.189433  -0.189433
4.93606  -0.0904658  -0.0904658
4.95711  0.0170705  0.0170705
4.97815  0.120442  0.120442
4.99918  0.208577  0.208577
5.02021  0.27214  0.27214
5.04124  0.30288  0.30288
5.06226  0.293385  0.293385
5.08328  0.23828  0.23828
5.10429  0.136971  0.136971
5.1253  -0.00351583  -0.00351583
5.1463  -0.167915  -0.167915
5.16729  -0.335695  -0.335695
5.18829  -0.486526  -0.486526
5.20927  -0.605196  -0.605196
5.23026  -0.683358  -0.683358
5.25123  -0.718183  -0.718183
5.2722  -0.710441  -0.710441
5.29317  -0.664456  -0.664456
5.31413  -0.589779  -0.589779
5.33509  -0.501882  -0.501882
5.35604  -0.419304  -0.419304
5.37698  -0.357583  -0.357583
5.39793  -0.323569  -0.323569
5.41886  -0.314364  -0.314364
5.43979  -0.322342  -0.322342
5.46072  -0.343243  -0.343243
5.48164  -0.381446  -0.381446
5.50255  -0.447601  -0.447601
5.52346  -0.548771  -0.548771
5.54436  -0.677062  -0.677062
5.56526  -0.805202  -0.805202
5.58616  -0.894031  -0.894031
5.60704  -0.909021  -0.909021
5.62793  -0.836187  -0.836187
5.6488  -0.687404  -0.687404
5.66968  -0.491997  -0.491997
5.69054  -0.280513  -0.280513
5.7114  -0.0711817  -0.0711817
5.73226  0.133402  0.133402
5.75311  0.339362  0.339362
5.77395  0.550567  0.550567
5.79479  0.760863  0.760863
5.81562  0.95328  0.95328
5.83645  1.10549  1.10549
5.85727  1.19809  1.19809
5.87809  1.22201  1.22201
5.8989  1.18247  1.18247
5.9197  1.09825  1.09825
5.9405  0.996803  0.996803
5.9613  0.906671  0.906671
5.98208  0.850035  0.850035
6.00286  0.837992  0.837992
6.02364  0.87038  0.87038
6.04441  0.939798  0.939798
6.06518  1.03727  1.03727
6.08593  1.15586  1.15586
6.10669  1.28988  1.28988
6.12743  1.43028  1.43028
6.14817  1.56047  1.56047
6.16891  1.65668  1.65668
6.18964  1.69446  1.69446
6.21036  1.65797  1.65797
6.23108  1.54663  1.54663
6.25179  1.37504  1.37504
6.27249  1.16651  1.16651
6.29319  0.943802  0.943802
6.31389  0.721775  0.721775
6.33457  0.504805  0.504805
6.35525  0.289428  0.289428
6.37593  0.0708467  0.0708467
6.3966  -0.149471  -0.149471
6.41726  -0.358748  -0.358748
6.43791  -0.533756  -0.533756
6.45856  -0.648571  -0.648571
6.47921  -0.686468  -0.686468
6.49985  -0.650225  -0.650225
6.52048  -0.565201  -0.565201
6.5411  -0.473007  -0.473007
6.56172  -0.418189  -0.418189
6.58233  -0.433432  -0.433432
6.60294  -0.528933  -0.528933
6.62354  -0.689378  -0.689378
6.64413  -0.87895  -0.87895
6.66472  -1.05225  -1.05225
6.6853  -1.16742  -1.16742
6.70587  -1.19743  -1.19743
6.72644  -1.13654  -1.13654
6.747  -1.00039  -1.00039
6.76755  -0.82031  -0.82031
6.7881  -0.633101  -0.633101
6.80864  -0.469029  -0.469029
6.82918  -0.341724  -0.341724
6.84971  -0.244836  -0.244836
6.87023  -0.158752  -0.158752
6.89074  -0.0657021  -0.0657021
6.91125  0.0347004  0.0347004
6.93175  0.119973  0.119973
6.95225  0.154973  0.154973
6.97274  0.113143  0.113143
6.99322  -0.00429721  -0.00429721
7.01369  -0.164123  -0.164123
7.03416  -0.315331  -0.315331
7.05462  -0.41334  -0.41334
7.07508  -0.439504  -0.439504
7.09552  -0.40476  -0.40476
7.11597  -0.336284  -0.336284
7.1364  -0.256083  -0.256083
7.15683  -0.164719  -0.164719
7.17725  -0.0402207  -0.0402207
7.19766  0.146431  0.146431
7.21807  0.407447  0.407447
7.23847  0.719857  0.719857
7.25886  1.0245  1.0245
7.27924  1.24518  1.24518
7.29962  1.31918  1.31918
7.31999  1.22375  1.22375
7.34036  0.985075  0.985075
7.36071  0.66654  0.66654
7.38106  0.343661  0.343661
7.40141  0.0786847  0.0786847
7.42174  -0.0949996  -0.0949996
7.44207  -0.175542  -0.175542
7.46239  -0.18539  -0.18539
7.48271  -0.15915  -0.15915
7.50302  -0.130555  -0.130555
7.52332  -0.121482  -0.121482
7.54361  -0.135884  -0.135884
7.56389  -0.161128  -0.161128
7.58417  -0.176627  -0.176627
7.60444  -0.165707  -0.165707
7.62471  -0.124296  -0.124296
7.64496  -0.0619097  -0.0619097
7.66521  0.00464152  0.00464152
7.68545  0.0600104  0.0600104
7.70569  0.096249  0.096249
7.72591  0.11376  0.11376
7.74613  0.118792  0.118792
7.76634  0.120345  0.120345
7.78655  0.128091  0.128091
7.80674  0.150917  0.150917
7.82693  0.194987  0.194987
7.84712  0.260973  0.260973
7.86729  0.341435  0.341435
7.88746  0.419977  0.419977
7.90761  0.473514  0.473514
7.92777  0.477675  0.477675
7.94791  0.413779  0.413779
7.96804  0.274609  0.274609
7.98817  0.0664638  0.0664638
8.00829  -0.193205  -0.193205
8.02841  -0.480768  -0.480768
8.04851  -0.770876  -0.770876
8.06861  -1.03814  -1.03814
8.0887  -1.25622  -1.25622
8.10878  -1.39693  -1.39693
8.12885  -1.43225  -1.43225
8.14892  -1.34122  -1.34122
8.16898  -1.12028  -1.12028
8.18903  -0.793158  -0.793158
8.20907  -0.414368  -0.414368
8.22911  -0.0614915  -0.0614915
8.24913  0.184351  0.184351
8.26915  0.264284  0.264284
8.28916  0.163416  0.163416
8.30916  -0.0815124  -0.0815124
8.32916  -0.392933  -0.392933
8.34915  -0.677797  -0.677797
8.36912  -0.857394  -0.857394
8.38909  -0.890491  -0.890491
8.40906  -0.782376  -0.782376
8.42901  -0.578151  -0.578151
8.44896  -0.343887  -0.343887
8.4689  -0.142529  -0.142529
8.48883  -0.0126781  -0.0126781
8.50875  0.042678  0.042678
8.52866  0.0535681  0.0535681
8.54857  0.0675864  0.0675864
8.56846  0.127665  0.127665
8.58835  0.252291  0.252291
8.60823  0.426839  0.426839
8.62811  0.610063  0.610063
8.64797  0.752679  0.752679
8.66782  0.818751  0.818751
8.68767  0.798906  0.798906
8.70751  0.709032  0.709032
8.72734  0.5768  0.5768
8.74716  0.425706  0.425706
8.76698  0.267021  0.267021
8.78678  0.103443  0.103443
8.80658  -0.0607495  -0.0607495
8.82637  -0.212742  -0.212742
8.84615  -0.333657  -0.333657
8.86592  -0.408456  -0.408456
8.88568  -0.435083  -0.435083
8.90544  -0.425493  -0.425493
8.92518  -0.397785  -0.397785
8.94492  -0.365426  -0.365426
8.96465  -0.331085  -0.331085
8.98437  -0.288546  -0.288546
9.00408  -0.230303  -0.230303
9.02378  -0.155352  -0.155352
9.04347  -0.072781  -0.072781
9.06316  4.38119e-05  4.38119e-05
9.08283  0.0433047  0.0433047
9.1025  0.0423673  0.0423673
9.12216  -0.00502749  -0.00502749
9.14181  -0.0844514  -0.0844514
9.16145  -0.165837  -0.165837
9.18108  -0.21112  -0.21112
9.20071  -0.186911  -0.186911
9.22032  -0.0777067  -0.0777067
9.23993  0.10598  0.10598
9.25952  0.328447  0.328447
9.27911  0.538799  0.538799
9.29869  0.686456  0.686456
9.31826  0.736356  0.736356
9.33782  0.678352  0.678352
9.35737  0.528069  0.528069
9.37691  0.320277  0.320277
9.39645  0.0986721  0.0986721
9.41597  -0.0939197  -0.0939197
9.43549  -0.223059  -0.223059
9.455  -0.268441  -0.268441
9.47449  -0.228461  -0.228461
9.49398  -0.122105  -0.122105
9.51346  0.0148677  0.0148677
9.53293  0.140714  0.140714
9.55239  0.222085  0.222085
9.57184  0.244757  0.244757
9.59129  0.214489  0.214489
9.61072  0.147711  0.147711
9.63014  0.0584452  0.0584452
9.64956  -0.0497181  -0.0497181
9.66896  -0.181573  -0.181573
9.68836  -0.340264  -0.340264
9.70775  -0.516726  -0.516726
9.72712  -0.686233  -0.686233
9.74649  -0.814903  -0.814903
9.76585  -0.872767  -0.872767
9.7852  -0.846153  -0.846153
9.80454  -0.742899  -0.742899
9.82387  -0.588249  -0.588249
9.84319  -0.414309  -0.414309
9.8625  -0.248601  -0.248601
9.8818  -0.106637  -0.106637
9.90109  0.00933528  0.00933528
9.92038  0.106217  0.106217
9.93965  0.193126  0.193126
9.95891  0.274868  0.274868
9.97817  0.348677  0.348677
9.99741  0.405721  0.405721
10.0166  0.436539  0.436539
10.0359  0.437272  0.437272
10.0551  0.413013  0.413013
10.0743  0.376459  0.376459
10.0935  0.343158  0.343158
10.1127  0.326453  0.326453
10.1319  0.33455  0.33455
10.151  0.369924  0.369924
10.1702  0.429769  0.429769
10.1893  0.506667  0.506667
10.2085  0.589961  0.589961
10.2276  0.668602  0.668602
10.2467  0.734906  0.734906
10.2658  0.787137  0.787137
10.2849  0.828955  0.828955
10.304  0.865904  0.865904
10.3231  0.901338  0.901338
10.3421  0.934608  0.934608
10.3612  0.962422  0.962422
10.3803  0.98188  0.98188
10.3993  0.992691  0.992691
10.4183  0.99718  0.99718
10.4373  0.998621  0.998621
10.4563  0.99946  0.99946
10.4753  1.00065  1.00065
10.4943  1.00212  1.00212
10.5133  1.00355  1.00355
10.5323  1.00488  1.00488
10.5512  1.00623  1.00623
10.5702  1.00769  1.00769
10.5891  1.00912  1.00912
10.608  1.01033  1.01033
10.627  1.01116  1.01116
10.6459  1.01162  1.01162
10.6648  1.01183  1.01183
10.6836  1.01197  1.01197
10.7025  1.0121  1.0121
10.7214  1.01225  1.01225
10.7402  1.01239  1.01239
10.7591  1.0125  1.0125
10.7779  1.01258  1.01258
10.7967  1.01261  1.01261
10.8156  1.0126  1.0126
10.8344  1.01255  1.01255
10.8532  1.01247  1.01247
10.8719  1.01235  1.01235
10.8907  1.01222  1.01222
10.9095  1.01208  1.01208
10.9282  1.01196  1.01196
10.947  1.01181  1.01181
10.9657  1.01147  1.01147
10.9844  1.0106  1.0106
11.0031  1.00851  1.00851
11.0218  1.00399  1.00399
11.0405  0.995191  0.995191
11.0592  0.979799  0.979799
11.0778  0.955482  0.955482
11.0965  0.920563  0.920563
11.1151  0.874644  0.874644
11.1338  0.819004  0.819004
11.1524  0.756777  0.756777
11.171  0.692875  0.692875
11.1896  0.63338  0.63338
11.2082  0.584003  0.584003
11.2268  0.547624  0.547624
11.2454  0.521945  0.521945
11.2639  0.499072  0.499072
11.2825  0.468478  0.468478
11.301  0.422801  0.422801
11.3195  0.363497  0.363497
11.338  0.302508  0.302508
11.3565  0.258051  0.258051
11.375  0.246431  0.246431
11.3935  0.274594  0.274594
11.412  0.337585  0.337585
11.4304  0.421405  0.421405
11.4489  0.508152  0.508152
11.4673  0.579818  0.579818
11.4858  0.619924  0.619924
11.5042  0.615332  0.615332
11.5226  0.560597  0.560597
11.541  0.463767  0.463767
11.5594  0.348973  0.348973
11.5777  0.251291  0.251291
11.5961  0.204072  0.204072
11.6144  0.2248  0.2248
11.6328  0.30777  0.30777
11.6511  0.42835  0.42835
11.6694  0.556465  0.556465
11.6877  0.671223  0.671223
11.706  0.768053  0.768053
11.7243  0.854772  0.854772
11.7426  0.940164  0.940164
11.7608  1.02324  1.02324
11.7791  1.09042  1.09042
11.7973  1.12226  1.12226
11.8155  1.10472  1.10472
11.8337  1.03736  1.03736
11.8519  0.933568  0.933568
11.8701  0.813701  0.813701
11.8883  0.696546  0.696546
11.9065  0.594239  0.594239
11.9246  0.512087  0.512087
11.9428  0.450825  0.450825
11.9609  0.408189  0.408189
11.979  0.378964  0.378964
11.9971  0.355254  0.355254
12.0152  0.328791  0.328791
12.0333  0.294875  0.294875
12.0514  0.25526  0.25526
12.0695  0.217537  0.217537
12.0875  0.19112  0.19112
12.1056  0.182655  0.182655
12.1236  0.194026  0.194026
12.1416  0.223824  0.223824
12.1596  0.270279  0.270279
12.1776  0.332546  0.332546
12.1956  0.408838  0.408838
12.2136  0.492766  0.492766
12.2315  0.571142  0.571142
12.2495  0.625977  0.625977
12.2674  0.640753  0.640753
12.2853  0.607989  0.607989
12.3032  0.53367  0.53367
12.3211  0.435561  0.435561
12.339  0.336125  0.336125
12.3569  0.254347  0.254347
12.3748  0.201252  0.201252
12.3926  0.180682  0.180682
12.4105  0.192318  0.192318
12.4283  0.232357  0.232357
12.4461  0.290414  0.290414
12.4639  0.346487  0.346487
12.4817  0.373771  0.373771
12.4995  0.349132  0.349132
12.5172  0.266124  0.266124
12.535  0.141927  0.141927
12.5527  0.0129486  0.0129486
12.5705  -0.0786181  -0.0786181
12.5882  -0.0996836  -0.0996836
12.6059  -0.0357692  -0.0357692
12.6236  0.106806  0.106806
12.6413  0.303963  0.303963
12.6589  0.519722  0.519722
12.6766  0.714343  0.714343
12.6943  0.854698  0.854698
12.7119  0.92482  0.92482
12.7295  0.931998  0.931998
12.7471  0.903834  0.903834
12.7647  0.875373  0.875373
12.7823  0.871011  0.871011
12.7999  0.89009  0.89009
12.8174  0.904888  0.904888
12.835  0.874176  0.874176
12.8525  0.76673  0.76673
12.87  0.582186  0.582186
12.8876  0.356712  0.356712
12.9051  0.149236  0.149236
12.9225  0.015743  0.015743
12.94  -0.0139079  -0.0139079
12.9575  0.0551052  0.0551052
12.9749  0.189807  0.189807
12.9924  0.345484  0.345484
13.0098  0.481015  0.481015
13.0272  0.568304  0.568304
13.0446  0.596266  0.596266
13.062  0.571675  0.571675
13.0793  0.517419  0.517419
13.0967  0.466873  0.466873
13.1141  0.45398  0.45398
13.1314  0.50143  0.50143
13.1487  0.611438  0.611438
13.166  0.763043  0.763043
13.1833  0.917385  0.917385
13.2006  1.02953  1.02953
13.2179  1.06324  1.06324
13.2351  1.00371  1.00371
13.2524  0.86362  0.86362
13.2696  0.679631  0.679631
13.2868  0.500464  0.500464
13.304  0.371332  0.371332
13.3212  0.32107  0.32107
13.3384  0.356505  0.356505
13.3556  0.464801  0.464801
13.3728  0.621076  0.621076
13.3899  0.797288  0.797288
13.407  0.969114  0.969114
13.4241  1.11935  1.11935
13.4412  1.23792  1.23792
13.4583  1.31949  1.31949
13.4754  1.36038  1.36038
13.4925  1.3564  1.3564
13.5095  1.30314  1.30314
13.5266  1.19878  1.19878
13.5436  1.04803  1.04803
13.5606  0.864351  0.864351
13.5776  0.668021  0.668021
13.5946  0.4799  0.4799
13.6116  0.314235  0.314235
13.6285  0.17539  0.17539
13.6455  0.0613593  0.0613593
13.6624  -0.0280877  -0.0280877
13.6794  -0.0852066  -0.0852066
13.6963  -0.0960698  -0.0960698
13.7132  -0.0504762  -0.0504762
13.73  0.0469929  0.0469929
13.7469  0.173796  0.173796
13.7638  0.297677  0.297677
13.7806  0.390931  0.390931
13.7974  0.440469  0.440469
13.8143  0.447002  0.447002
13.8311  0.415736  0.415736
13.8478  0.347624  0.347624
13.8646  0.23906  0.23906
13.8814  0.090237  0.090237
13.8981  -0.0850572  -0.0850572
13.9149  -0.256763  -0.256763
13.9316  -0.386238  -0.386238
13.9483  -0.44014  -0.44014
13.965  -0.402301  -0.402301
13.9817  -0.277095  -0.277095
13.9983  -0.0836951  -0.0836951
14.015  0.153623  0.153623
14.0316  0.412087  0.412087
14.0483  0.670269  0.670269
14.0649  0.903685  0.903685
14.0815  1.08294  1.08294
14.0981  1.17985  1.17985
14.1147  1.18046  1.18046
14.1312  1.09653  1.09653
14.1478  0.965994  0.965994
14.1643  0.838557  0.838557
14.1808  0.752774  0.752774
14.1973  0.717655  0.717655
14.2138  0.709993  0.709993
14.2303  0.689143  0.689143
14.2468  0.620374  0.620374
14.2632  0.493458  0.493458
14.2796  0.327433  0.327433
14.2961  0.161552  0.161552
14.3125  0.0394497  0.0394497
14.3289  -0.00568184  -0.00568184
14.3453  0.0390423  0.0390423
14.3616  0.161769  0.161769
14.378  0.327201  0.327201
14.3943  0.485343  0.485343
14.4106  0.588356  0.588356
14.427  0.611152  0.611152
14.4433  0.566022  0.566022
14.4595  0.501567  0.501567
14.4758  0.483542  0.483542
14.4921  0.565899  0.565899
14.5083  0.766719  0.766719
14.5245  1.06102  1.06102
14.5408  1.39242  1.39242
14.557  1.69504  1.69504
14.5731  1.9136  1.9136
14.5893  2.01382  2.01382
14.6055  1.98406  1.98406
14.6216  1.83363  1.83363
14.6378  1.59159  1.59159
14.6539  1.30376  1.30376
14.67  1.02288  1.02288
14.6861  0.790763  0.790763
14.7021  0.619907  0.619907
14.7182  0.486665  0.486665
14.7342  0.343761  0.343761
14.7503  0.148005  0.148005
14.7663  -0.111652  -0.111652
14.7823  -0.402074  -0.402074
14.7983  -0.657158  -0.657158
14.8143  -0.806105  -0.806105
14.8302  -0.80352  -0.80352
14.8462  -0.646426  -0.646426
14.8621  -0.371863  -0.371863
14.878  -0.0395322  -0.0395322
14.8939  0.289327  0.289327
14.9098  0.566384  0.566384
14.9257  0.760099  0.760099
14.9415  0.852486  0.852486
14.9574  0.835403  0.835403
14.9732  0.71058  0.71058
14.989  0.49255  0.49255
15.0048  0.210222  0.210222
15.0206  -0.0965959  -0.0965959
15.0364  -0.386152  -0.386152
15.0522  -0.626177  -0.626177
15.0679  -0.803147  -0.803147
15.0836  -0.92501  -0.92501
15.0994  -1.01493  -1.01493
15.1151  -1.09725  -1.09725
15.1307  -1.18125  -1.18125
15.1464  -1.25169  -1.25169
15.1621  -1.2735  -1.2735
15.1777  -1.21154  -1.21154
15.1933  -1.05631  -1.05631
15.209  -0.841186  -0.841186
15.2246  -0.638619  -0.638619
15.2401  -0.534216  -0.534216
15.2557  -0.590266  -0.590266
15.2713  -0.81705  -0.81705
15.2868  -1.16604  -1.16604
15.3023  -1.54692  -1.54692
15.3178  -1.85857  -1.85857
15.3333  -2.01929  -2.01929
15.3488  -1.98599  -1.98599
15.3643  -1.75917  -1.75917
15.3797  -1.37625  -1.37625
15.3952  -0.89751  -0.89751
15.4106  -0.38897  -0.38897
15.426  0.0931043  0.0931043
15.4414  0.511326  0.511326
15.4568  0.848143  0.848143
15.4721  1.10171  1.10171
15.4875  1.28252  1.28252
15.5028  1.41363  1.41363
15.5181  1.53023  1.53023
15.5334  1.67088  1.67088
15.5487  1.85781  1.85781
15.564  2.07496  2.07496
15.5792  2.26003  2.26003
15.5945  2.32215  2.32215
15.6097  2.18083  2.18083
15.6249  1.80658  1.80658
15.6401  1.23997  1.23997
15.6553  0.578718  0.578718
15.6705  -0.0588768  -0.0588768
15.6856  -0.573053  -0.573053
15.7008  -0.905464  -0.905464
15.7159  -1.04037  -1.04037
15.731  -0.992525  -0.992525
15.7461  -0.794723  -0.794723
15.7612  -0.492061  -0.492061
15.7762  -0.140606  -0.140606
15.7913  0.196381  0.196381
15.8063  0.458316  0.458316
15.8213  0.600158  0.600158
15.8363  0.601472  0.601472
15.8513  0.467343  0.467343
15.8663  0.222451  0.222451
15.8812  -0.0965792  -0.0965792
15.8962  -0.44653  -0.44653
15.9111  -0.780718  -0.780718
15.926  -1.05289  -1.05289
15.9409  -1.22399  -1.22399
15.9558  -1.27041  -1.27041
15.9706  -1.18936  -1.18936
15.9855  -0.998277  -0.998277
16.0003  -0.728752  -0.728752
16.0151  -0.419504  -0.419504
16.0299  -0.112733  -0.112733
16.0447  0.146216  0.146216
16.0595  0.311151  0.311151
16.0742  0.345357  0.345357
16.089  0.23993  0.23993
16.1037  0.0307216  0.0307216
16.1184  -0.200544  -0.200544
16.1331  -0.349779  -0.349779
16.1478  -0.332703  -0.332703
16.1624  -0.125235  -0.125235
16.1771  0.221271  0.221271
16.1917  0.600838  0.600838
16.2063  0.899888  0.899888
16.2209  1.04543  1.04543
16.2355  1.02991  1.02991
16.2501  0.903252  0.903252
16.2646  0.741571  0.741571
16.2792  0.612168  0.612168
16.2937  0.551681  0.551681
16.3082  0.562922  0.562922
16.3227  0.625254  0.625254
16.3371  0.709043  0.709043
16.3516  0.786645  0.786645
16.366  0.837035  0.837035
16.3805  0.845343  0.845343
16.3949  0.80083  0.80083
16.4093  0.696683  0.696683
16.4236  0.532525  0.532525
16.438  0.317085  0.317085
16.4524  0.0670259  0.0670259
16.4667  -0.199369  -0.199369
16.481  -0.469591  -0.469591
16.4953  -0.738468  -0.738468
16.5096  -1.00043  -1.00043
16.5239  -1.23718  -1.23718
16.5381  -1.41144  -1.41144
16.5523  -1.47518  -1.47518
16.5666  -1.39071  -1.39071
16.5808  -1.1531  -1.1531
16.5949  -0.799568  -0.799568
16.6091  -0.39936  -0.39936
16.6233  -0.0291405  -0.0291405
16.6374  0.252942  0.252942
16.6515  0.422128  0.422128
16.6656  0.486445  0.486445
16.6797  0.475148  0.475148
16.6938  0.424773  0.424773
16.7079  0.369199  0.369199
16.7219  0.334755  0.334755
16.7359  0.337776  0.337776
16.75  0.38231  0.38231
16.7639  0.458388  0.458388
16.7779  0.543169  0.543169
16.7919  0.606429  0.606429
16.8058  0.619479  0.619479
16.8198  0.564656  0.564656
16.8337  0.442264  0.442264
16.8476  0.27251  0.27251
16.8615  0.0910142  0.0910142
16.8753  -0.0617899  -0.0617899
16.8892  -0.154199  -0.154199
16.903  -0.173983  -0.173983
16.9168  -0.130737  -0.130737
16.9306  -0.0484663  -0.0484663
16.9444  0.0470657  0.0470657
16.9582  0.138574  0.138574
16.9719  0.219775  0.219775
16.9857  0.290882  0.290882
16.9994  0.352528  0.352528
17.0131  0.403613  0.403613
17.0268  0.444247  0.444247
17.0404  0.480167  0.480167
17.0541  0.523211  0.523211
17.0677  0.585013  0.585013
17.0813  0.666276  0.666276
17.0949  0.748608  0.748608
17.1085  0.796505  0.796505
17.1221  0.772103  0.772103
17.1357  0.656685  0.656685
17.1492  0.466245  0.466245
17.1627  0.249443  0.249443
17.1762  0.0661274  0.0661274
17.1897  -0.0424791  -0.0424791
17.2032  -0.0742357  -0.0742357
17.2166  -0.0645233  -0.0645233
17.2301  -0.0636694  -0.0636694
17.2435  -0.107264  -0.107264
17.2569  -0.196853  -0.196853
17.2703  -0.301153  -0.301153
17.2837  -0.375306  -0.375306
17.297  -0.385942  -0.385942
17.3103  -0.328162  -0.328162
17.3237  -0.226644  -0.226644
17.337  -0.12262  -0.12262
17.3503  -0.0555642  -0.0555642
17.3635  -0.0494546  -0.0494546
17.3768  -0.108576  -0.108576
17.39  -0.2211  -0.2211
17.4032  -0.365073  -0.365073
17.4165  -0.513078  -0.513078
17.4296  -0.636158  -0.636158
17.4428  -0.709717  -0.709717
17.456  -0.721576  -0.721576
17.4691  -0.677904  -0.677904
17.4822  -0.601474  -0.601474
17.4953  -0.521117  -0.521117
17.5084  -0.457991  -0.457991
17.5215  -0.417345  -0.417345
17.5345  -0.390736  -0.390736
17.5476  -0.366164  -0.366164
17.5606  -0.338461  -0.338461
17.5736  -0.313096  -0.313096
17.5866  -0.301836  -0.301836
17.5995  -0.313834  -0.313834
17.6125  -0.347746  -0.347746
17.6254  -0.38926  -0.38926
17.6383  -0.415797  -0.415797
17.6512  -0.406941  -0.406941
17.6641  -0.355946  -0.355946
17.677  -0.275812  -0.275812
17.6898  -0.194958  -0.194958
17.7027  -0.14323  -0.14323
17.7155  -0.135785  -0.135785
17.7283  -0.165118  -0.165118
17.7411  -0.206863  -0.206863
17.7538  -0.235577  -0.235577
17.7666  -0.23929  -0.23929
17.7793  -0.222456  -0.222456
17.792  -0.195808  -0.195808
17.8047  -0.161876  -0.161876
17.8174  -0.108504  -0.108504
17.8301  -0.0165126  -0.0165126
17.8427  0.12333  0.12333
17.8553  0.296323  0.296323
17.8679  0.46343  0.46343
17.8805  0.575872  0.575872
17.8931  0.596379  0.596379
17.9057  0.515133  0.515133
17.9182  0.352449  0.352449
17.9307  0.148409  0.148409
17.9432  -0.0535316  -0.0535316
17.9557  -0.220041  -0.220041
17.9682  -0.333008  -0.333008
17.9806  -0.386706  -0.386706
17.9931  -0.382309  -0.382309
18.0055  -0.325622  -0.325622
18.0179  -0.229796  -0.229796
18.0303  -0.119152  -0.119152
18.0427  -0.0276387  -0.0276387
18.055  0.0113307  0.0113307
18.0673  -0.0201148  -0.0201148
18.0797  -0.113525  -0.113525
18.0919  -0.235542  -0.235542
18.1042  -0.342209  -0.342209
18.1165  -0.398716  -0.398716
18.1287  -0.393962  -0.393962
18.141  -0.343001  -0.343001
18.1532  -0.277682  -0.277682
18.1654  -0.23154  -0.23154
18.1775  -0.226112  -0.226112
18.1897  -0.26344  -0.26344
18.2018  -0.326185  -0.326185
18.214  -0.384566  -0.384566
18.2261  -0.408016  -0.408016
18.2382  -0.378032  -0.378032
18.2502  -0.297308  -0.297308
18.2623  -0.190408  -0.190408
18.2743  -0.094275  -0.094275
18.2863  -0.0421148  -0.0421148
18.2983  -0.0484665  -0.0484665
18.3103  -0.103309  -0.103309
18.3223  -0.178163  -0.178163
18.3342  -0.240196  -0.240196
18.3462  -0.266051  -0.266051
18.3581  -0.248276  -0.248276
18.37  -0.192795  -0.192795
18.3818  -0.111504  -0.111504
18.3937  -0.0159075  -0.0159075
18.4055  0.0848474  0.0848474
18.4174  0.182499  0.182499
18.4292  0.268048  0.268048
18.4409  0.332375  0.332375
18.4527  0.36875  0.36875
18.4645  0.375066  0.375066
18.4762  0.354053  0.354053
18.4879  0.311611  0.311611
18.4996  0.254853  0.254853
18.5113  0.191212  0.191212
18.523  0.12857  0.12857
18.5346  0.0752078  0.0752078
18.5462  0.0384762  0.0384762
18.5578  0.0223043  0.0223043
18.5694  0.02492  0.02492
18.581  0.0384466  0.0384466
18.5926  0.0511619  0.0511619
18.6041  0.0517571  0.0517571
18.6156  0.0337949  0.0337949
18.6271  -0.00164  -0.00164
18.6386  -0.0463201  -0.0463201
18.6501  -0.0881307  -0.0881307
18.6615  -0.115753  -0.115753
18.6729  -0.122721  -0.122721
18.6843  -0.109195  -0.109195
18.6957  -0.0809604  -0.0809604
18.7071  -0.046489  -0.046489
18.7185  -0.0136475  -0.0136475
18.7298  0.0124895  0.0124895
18.7411  0.0300927  0.0300927
18.7524  0.0396302  0.0396302
18.7637  0.0424184  0.0424184
18.775  0.0395643  0.0395643
18.7862  0.0317379  0.0317379
18.7975  0.0196539  0.0196539
18.8087  0.0047353  0.0047353
18.8199  -0.010622  -0.010622
18.8311  -0.0234842  -0.0234842
18.8422  -0.0313477  -0.0313477
18.8534  -0.0331067  -0.0331067
18.8645  -0.0294537  -0.0294537
18.8756  -0.0224789  -0.0224789
18.8867  -0.0147109  -0.0147109
18.8977  -0.00813767  -0.00813767
18.9088  -0.00368198  -0.00368198
18.9198  -0.00126836  -0.00126836
18.9308  -0.000271597  -0.000271597
18.9418  -1.66761e-06  -1.66761e-06
18.9528  1.51105e-05  1.51105e-05
18.9638  -4.89733e-06  -4.89733e-06
18.9747  -9.33697e-06  -9.33697e-06
18.9856  -5.06353e-06  -5.06353e-06
18.9965  -1.91911e-06  -1.91911e-06
19.0074  -1.1428e-06  -1.1428e-06
19.0183  -8.83833e-07  -8.83833e-07
19.0291  -4.18522e-07  -4.18522e-07
19.0399  -3.95957e-08  -3.95957e-08
19.0508  6.90155e-08  6.90155e-08
19.0616  3.82243e-08  3.82243e-08
19.0723  4.56263e-09  4.56263e-09
19.0831  -1.21366e-08  -1.21366e-08
19.0938  -2.47434e-08  -2.47434e-08
19.1045  -2.67291e-08  -2.67291e-08
19.1152  -1.45147e-08  -1.45147e-08
19.1259  -2.96308e-10  -2.96308e-10
19.1366  5.54697e-09  5.54697e-09
19.1472  4.78397e-09  4.78397e-09
19.1579  2.83421e-09  2.83421e-09
19.1685  1.21266e-09  1.21266e-09
19.1791  -3.03073e-10  -3.03073e-10
19.1896  -8.13397e-10  -8.13397e-10
19.2002  2.22621e-10  2.22621e-10
19.2107  1.70124e-09  1.70124e-09
19.2212  2.39293e-09  2.39293e-09
19.2317  2.3044e-09  2.3044e-09
19.2422  2.0092e-09  2.0092e-09
19.2527  1.70943e-09  1.70943e-09
19.2631  1.40442e-09  1.40442e-09
19.2735  1.26484e-09  1.26484e-09
19.2839  1.40784e-09  1.40784e-09
19.2943  1.65497e-09  1.65497e-09
19.3047  1.77066e-09  1.77066e-09
19.3151  1.73525e-09  1.73525e-09
19.3254  1.65112e-09  1.65112e-09
19.3357  1.55901e-09  1.55901e-09
19.346  1.46249e-09  1.46249e-09
19.3563  1.40556e-09  1.40556e-09
19.3665  1.42061e-09  1.42061e-09
19.3768  1.46591e-09  1.46591e-09
19.387  1.48033e-09  1.48033e-09
19.3972  1.45552e-09  1.45552e-09
19.4074  1.41653e-09  1.41653e-09
19.4175  1.37381e-09  1.37381e-09
19.4277  1.32908e-09  1.32908e-09
19.4378  1.29659e-09  1.29659e-09
19.4479  1.28709e-09  1.28709e-09
19.458  1.2881e-09  1.2881e-09
19.4681  1.28014e-09  1.28014e-09
19.4781  1.26001e-09  1.26001e-09
19.4881  1.2352e-09  1.2352e-09
19.4981  1.20875e-09  1.20875e-09
19.5081  1.1814e-09  1.1814e-09
19.5181  1.1586e-09  1.1586e-09
19.5281  1.14446e-09  1.14446e-09
19.538  1.13454e-09  1.13454e-09
19.5479  1.1217e-09  1.1217e-09
19.5578  1.10468e-09  1.10468e-09
19.5677  1.08604e-09  1.08604e-09
19.5776  1.06669e-09  1.06669e-09
19.5874  1.04693e-09  1.04693e-09
19.5972  1.02912e-09  1.02912e-09
19.607  1.01502e-09  1.01502e-09
19.6168  1.00283e-09  1.00283e-09
19.6266  9.89675e-10  9.89675e-10
19.6363  9.75048e-10  9.75048e-10
19.6461  9.59904e-10  9.59904e-10
19.6558  9.44464e-10  9.44464e-10
19.6655  9.28845e-10  9.28845e-10
19.6752  9.14164e-10  9.14164e-10
19.6848  9.01244e-10  9.01244e-10
19.6944  8.89295e-10  8.89295e-10
19.7041  8.77075e-10  8.77075e-10
19.7137  8.64389e-10  8.64389e-10
19.7232  8.51606e-10  8.51606e-10
19.7328  8.38723e-10  8.38723e-10
19.7423  8.25772e-10  8.25772e-10
19.7519  8.13321e-10  8.13321e-10
19.7614  8.01781e-10  8.01781e-10
19.7708  7.90789e-10  7.90789e-10
19.7803  7.79789e-10  7.79789e-10
19.7897  7.68715e-10  7.68715e-10
19.7992  7.57706e-10  7.57706e-10
19.8086  7.46691e-10  7.46691e-10
19.818  7.35665e-10  7.35665e-10
19.8273  7.24929e-10  7.24929e-10
19.8367  7.14702e-10  7.14702e-10
19.846  7.04814e-10  7.04814e-10
19.8553  6.95017e-10  6.95017e-10
19.8646  6.85299e-10  6.85299e-10
19.8739  6.75706e-10  6.75706e-10
19.8831  6.66153e-10  6.66153e-10
19.8924  6.56617e-10  6.56617e-10
19.9016  6.47261e-10  6.47261e-10
19.9108  6.38209e-10  6.38209e-10
19.92  6.29386e-10  6.29386e-10
19.9291  6.20687e-10  6.20687e-10
19.9383  6.12123e-10  6.12123e-10
19.9474  6.037e-10  6.037e-10
19.9565  5.95337e-10  5.95337e-10
19.9656  5.87005e-10  5.87005e-10
19.9746  5.78792e-10  5.78792e-10
19.9837  5.70772e-10  5.70772e-10
19.9927  5.62916e-10  5.62916e-10
20.0017  5.55191e-10  5.55191e-10
20.0107  5.47615e-10  5.47615e-10
20.0196  5.40179e-10  5.40179e-10
20.0286  5.32812e-10  5.32812e-10
20.0375  5.25479e-10  5.25479e-10
20.0464  5.18231e-10  5.18231e-10
20.0553  5.11111e-10  5.11111e-10
20.0642  5.04115e-10  5.04115e-10
20.073  4.97245e-10  4.97245e-10
20.0819  4.90521e-10  4.90521e-10
20.0907  4.8393e-10  4.8393e-10
20.0995  4.77407e-10  4.77407e-10
20.1082  4.70921e-10  4.70921e-10
20.117  4.64496e-10  4.64496e-10
20.1257  4.5816e-10  4.5816e-10
20.1344  4.51923e-10  4.51923e-10
20.1431  4.45801e-10  4.45801e-10
20.1518  4.39817e-10  4.39817e-10
20.1605  4.33954e-10  4.33954e-10
20.1691  4.28158e-10  4.28158e-10
20.1777  4.22397e-10  4.22397e-10
20.1863  4.16682e-10  4.16682e-10
20.1949  4.11031e-10  4.11031e-10
20.2034  4.0546e-10  4.0546e-10
20.212  3.99995e-10  3.99995e-10
20.2205  3.94655e-10  3.94655e-10
20.229  3.89425e-10  3.89425e-10
20.2375  3.84259e-10  3.84259e-10
20.2459  3.79125e-10  3.79125e-10
20.2544  3.74026e-10  3.74026e-10
20.2628  3.68975e-10  3.68975e-10
20.2712  3.63991e-10  3.63991e-10
20.2796  3.59101e-10  3.59101e-10
20.288  3.54325e-10  3.54325e-10
20.2963  3.49649e-10  3.49649e-10
20.3046  3.45032e-10  3.45032e-10
20.3129  3.40444e-10  3.40444e-10
20.3212  3.35883e-10  3.35883e-10
20.3295  3.31359e-10  3.31359e-10
20.3377  3.26891e-10  3.26891e-10
20.346  3.22509e-10  3.22509e-10
20.3542  3.18229e-10  3.18229e-10
20.3623  3.14039e-10  3.14039e-10
20.3705  3.09903e-10  3.09903e-10
20.3787  3.05794e-10  3.05794e-10
20.3868  3.01706e-10  3.01706e-10
20.3949  2.97646e-10  2.97646e-10
20.403  2.93634e-10  2.93634e-10
20.4111  2.89699e-10  2.89699e-10
20.4191  2.85857e-10  2.85857e-10
20.4271  2.82095e-10  2.82095e-10
20.4351  2.78383e-10  2.78383e-10
20.4431  2.74695e-10  2.74695e-10
20.4511  2.71024e-10  2.71024e-10
20.4591  2.67374e-10  2.67374e-10
20.467  2.63766e-10  2.63766e-10
20.4749  2.60227e-10  2.60227e-10
20.4828  2.56772e-10  2.56772e-10
20.4907  2.53389e-10  2.53389e-10
20.4985  2.50052e-10  2.50052e-10
20.5063  2.46737e-10  2.46737e-10
20.5142  2.43433e-10  2.43433e-10
20.522  2.40148e-10  2.40148e-10
20.5297  2.36898e-10  2.36898e-10
20.5375  2.33711e-10  2.33711e-10
20.5452  2.30599e-10  2.30599e-10
20.5529  2.27553e-10  2.27553e-10
20.5606  2.24549e-10  2.24549e-10
20.5683  2.21563e-10  2.21563e-10
20.5759  2.18587e-10  2.18587e-10
20.5836  2.15624e-10  2.15624e-10
20.5912  2.12694e-10  2.12694e-10
20.5988  2.09819e-10  2.09819e-10
20.6064  2.07013e-10  2.07013e-10
20.6139  2.04267e-10  2.04267e-10
20.6215  2.01558e-10  2.01558e-10
20.629  1.98866e-10  1.98866e-10
20.6365  1.96181e-10  1.96181e-10
20.6439  1.93506e-10  1.93506e-10
20.6514  1.9086e-10  1.9086e-10
20.6588  1.88265e-10  1.88265e-10
20.6663  1.85731e-10  1.85731e-10
20.6736  1.83253e-10  1.83253e-10
20.681  1.80808e-10  1.80808e-10
20.6884  1.78378e-10  1.78378e-10
20.6957  1.75952e-10  1.75952e-10
20.703  1.73535e-10  1.73535e-10
20.7103  1.71143e-10  1.71143e-10
20.7176  1.68797e-10  1.68797e-10
20.7249  1.66508e-10  1.66508e-10
20.7321  1.64268e-10  1.64268e-10
20.7393  1.6206e-10  1.6206e-10
20.7465  1.59864e-10  1.59864e-10
20.7537  1.5767e-10  1.5767e-10
20.7608  1.55484e-10  1.55484e-10
20.768  1.5332e-10  1.5332e-10
20.7751  1.51197e-10  1.51197e-10
20.7822  1.49126e-10  1.49126e-10
20.7893  1.47101e-10  1.47101e-10
20.7963  1.45104e-10  1.45104e-10
20.8034  1.43118e-10  1.43118e-10
20.8104  1.41133e-10  1.41133e-10
20.8174  1.39154e-10  1.39154e-10
20.8243  1.37194e-10  1.37194e-10
20.8313  1.35272e-10  1.35272e-10
20.8382  1.33398e-10  1.33398e-10
20.8452  1.31565e-10  1.31565e-10
20.8521  1.29758e-10  1.29758e-10
20.8589  1.2796e-10  1.2796e-10
20.8658  1.26162e-10  1.26162e-10
20.8726  1.24369e-10  1.24369e-10
20.8794  1.22593e-10  1.22593e-10
20.8862  1.20851e-10  1.20851e-10
20.893  1.19154e-10  1.19154e-10
20.8998  1.17494e-10  1.17494e-10
20.9065  1.15858e-10  1.15858e-10
20.9132  1.1423e-10  1.1423e-10
20.9199  1.12601e-10  1.12601e-10
20.9266  1.10975e-10  1.10975e-10
20.9332  1.09364e-10  1.09364e-10
20.9399  1.07786e-10  1.07786e-10
20.9465  1.06247e-10  1.06247e-10
20.9531  1.04744e-10  1.04744e-10
20.9596  1.03262e-10  1.03262e-10
20.9662  1.01786e-10  1.01786e-10
20.9727  1.0031e-10  1.0031e-10
20.9792  9.88346e-11  9.88346e-11
20.9857  9.73737e-11  9.73737e-11
20.9922  9.59422e-11  9.59422e-11
20.9987  9.45475e-11  9.45475e-11
21.0051  9.31852e-11  9.31852e-11
21.0115  9.18421e-11  9.18421e-11
21.0179  9.05046e-11  9.05046e-11
21.0243  8.91652e-11  8.91652e-11
21.0306  8.78267e-11  8.78267e-11
21.0369  8.65009e-11  8.65009e-11
21.0433  8.52022e-11  8.52022e-11
21.0496  8.39376e-11  8.39376e-11
21.0558  8.27028e-11  8.27028e-11
21.0621  8.14855e-11  8.14855e-11
21.0683  8.02728e-11  8.02728e-11
21.0745  7.90576e-11  7.90576e-11
21.0807  7.78426e-11  7.78426e-11
21.0869  7.66392e-11  7.66392e-11
21.093  7.54608e-11  7.54608e-11
21.0991  7.43139e-11  7.43139e-11
21.1052  7.31945e-11  7.31945e-11
21.1113  7.20912e-11  7.20912e-11
21.1174  7.09915e-11  7.09915e-11
21.1234  6.98889e-11  6.98889e-11
21.1295  6.87859e-11  6.87859e-11
21.1355  6.76934e-11  6.76934e-11
21.1415  6.6624e-11  6.6624e-11
21.1474  6.55839e-11  6.55839e-11
21.1534  6.45693e-11  6.45693e-11
21.1593  6.35692e-11  6.35692e-11
21.1652  6.2572e-11  6.2572e-11
21.1711  6.15715e-11  6.15715e-11
21.1769  6.05702e-11  6.05702e-11
21.1828  5.95784e-11  5.95784e-11
21.1886  5.8608e-11  5.8608e-11
21.1944  5.76648e-11  5.76648e-11
21.2002  5.67452e-11  5.67452e-11
21.206  5.58389e-11  5.58389e-11
21.2117  5.49349e-11  5.49349e-11
21.2174  5.40271e-11  5.40271e-11
21.2231  5.31181e-11  5.31181e-11
21.2288  5.22178e-11  5.22178e-11
21.2344  5.13374e-11  5.13374e-11
21.2401  5.04824e-11  5.04824e-11
21.2457  4.96492e-11  4.96492e-11
21.2513  4.88281e-11  4.88281e-11
21.2569  4.80087e-11  4.80087e-11
21.2624  4.71853e-11  4.71853e-11
21.268  4.63603e-11  4.63603e-11
21.2735  4.55432e-11  4.55432e-11
21.279  4.47447e-11  4.47447e-11
21.2845  4.39699e-11  4.39699e-11
21.2899  4.32154e-11  4.32154e-11
21.2953  4.24719e-11  4.24719e-11
21.3007  4.17294e-11  4.17294e-11
21.3061  4.09828e-11  4.09828e-11
21.3115  4.02343e-11  4.02343e-11
21.3169  3.94931e-11  3.94931e-11
21.3222  3.87692e-11  3.87692e-11
21.3275  3.80674e-11  3.80674e-11
21.3328  3.73845e-11  3.73845e-11
21.3381  3.67117e-11  3.67117e-11
21.3433  3.60394e-11  3.60394e-11
21.3485  3.53627e-11  3.53627e-11
21.3537  3.4684e-11  3.4684e-11
21.3589  3.40119e-11  3.40119e-11
21.3641  3.3356e-11  3.3356e-11
21.3692  3.27208e-11  3.27208e-11
21.3744  3.21032e-11  3.21032e-11
21.3795  3.14948e-11  3.14948e-11
21.3846  3.08865e-11  3.08865e-11
21.3896  3.02736e-11  3.02736e-11
21.3947  2.96585e-11  2.96585e-11
21.3997  2.90495e-11  2.90495e-11
21.4047  2.84557e-11  2.84557e-11
21.4097  2.78813e-11  2.78813e-11
21.4146  2.73233e-11  2.73233e-11
21.4196  2.67737e-11  2.67737e-11
21.4245  2.62237e-11  2.62237e-11
21.4294  2.56691e-11  2.56691e-11
21.4343  2.5112e-11  2.5112e-11
21.4391  2.45606e-11  2.45606e-11
21.4439  2.40235e-11  2.40235e-11
21.4488  2.35046e-11  2.35046e-11
21.4536  2.30011e-11  2.30011e-11
21.4583  2.25051e-11  2.25051e-11
21.4631  2.20085e-11  2.20085e-11
21.4678  2.1507e-11  2.1507e-11
21.4725  2.10031e-11  2.10031e-11
21.4772  2.05043e-11  2.05043e-11
21.4819  2.0019e-11  2.0019e-11
21.4865  1.95509e-11  1.95509e-11
21.4912  1.90971e-11  1.90971e-11
21.4958  1.86501e-11  1.86501e-11
21.5004  1.82022e-11  1.82022e-11
21.5049  1.77493e-11  1.77493e-11
21.5095  1.72939e-11  1.72939e-11
21.514  1.68433e-11  1.68433e-11
21.5185  1.64054e-11  1.64054e-11
21.523  1.59836e-11  1.59836e-11
21.5274  1.55753e-11  1.55753e-11
21.5319  1.51732e-11  1.51732e-11
21.5363  1.47698e-11  1.47698e-11
21.5407  1.43614e-11  1.43614e-11
21.5451  1.39503e-11  1.39503e-11
21.5494  1.35437e-11  1.35437e-11
21.5538  1.31492e-11  1.31492e-11
21.5581  1.27699e-11  1.27699e-11
21.5624  1.24032e-11  1.24032e-11
21.5667  1.2042e-11  1.2042e-11
21.5709  1.16794e-11  1.16794e-11
21.5752  1.13116e-11  1.13116e-11
21.5794  1.09412e-11  1.09412e-11
21.5836  1.05749e-11  1.05749e-11
21.5877  1.02201e-11  1.02201e-11
21.5919  9.87965e-12  9.87965e-12
21.596  9.55096e-12  9.55096e-12
21.6001  9.22734e-12  9.22734e-12
21.6042  8.9019e-12  8.9019e-12
21.6083  8.57138e-12  8.57138e-12
21.6123  8.2381e-12  8.2381e-12
21.6164  7.90875e-12  7.90875e-12
21.6204  7.59023e-12  7.59023e-12
21.6244  7.2854e-12  7.2854e-12
21.6283  6.99155e-12  6.99155e-12
21.6323  6.70224e-12  6.70224e-12
21.6362  6.41089e-12  6.41089e-12
21.6401  6.11442e-12  6.11442e-12
21.644  5.81517e-12  5.81517e-12
21.6478  5.51963e-12  5.51963e-12
21.6517  5.23439e-12  5.23439e-12
21.6555  4.96212e-12  4.96212e-12
21.6593  4.70015e-12  4.70015e-12
21.6631  4.44225e-12  4.44225e-12
21.6668  4.18209e-12  4.18209e-12
21.6705  3.91679e-12  3.91679e-12
21.6743  3.64869e-12  3.64869e-12
21.678  3.38409e-12  3.38409e-12
21.6816  3.12933e-12  3.12933e-12
21.6853  2.88688e-12  2.88688e-12
21.6889  2.6541e-12  2.6541e-12
21.6925  2.42493e-12  2.42493e-12
21.6961  2.1933e-12  2.1933e-12
21.6997  1.95652e-12  1.95652e-12
21.7032  1.71694e-12  1.71694e-12
21.7067  1.48068e-12  1.48068e-12
21.7102  1.25383e-12  1.25383e-12
21.7137  1.03868e-12  1.03868e-12
21.7172  8.32595e-13  8.32595e-13
21.7206  6.29705e-13  6.29705e-13
21.7241  4.24179e-13  4.24179e-13
21.7275  2.13487e-13  2.13487e-13
21.7308  0  0
21.7342  0  0
21.7375  0  0
21.7408  0  0
21.7441  0  0
21.7474  0  0
21.7507  0  0
21.7539  0  0
21.7571  0  0
21.7603  0  0
21.7635  0  0
21.7666  0  0
21.7697  0  0
21.7728  0  0
21.7759  0  0
21.779  0  0
21.782  0  0
21.7851  0  0
21.7881  0  0
21.791  0  0
21.794  0  0
21.7969  0  0
21.7999  0  0
21.8028  0  0
21.8056  0  0
21.8085  0  0
21.8113  0  0
21.8141  0  0
21.8169  0  0
21.8197  0  0
21.8224  0  0
21.8252  0  0
21.8279  0  0
21.8306  0  0
21.8332  0  0
21.8359  0  0
21.8385  0  0
21.8411  0  0
21.8437  0  0
21.8462  0  0
21.8488  0  0
21.8513  0  0
21.8538  0  0
21.8563  0  0
21.8587  0  0
21.8611  0  0
21.8636  0  0
21.866  0  0
21.8683  0  0
21.8707  0  0
21.873  0  0
21.8753  0  0
21.8776  0  0
21.8799  0  0
21.8821  0  0
21.8843  0  0
21.8865  0  0
21.8887  0  0
21.8909  0  0
21.893  0  0
21.8951  0  0
21.8972  0  0
21.8993  0  0
21.9013  0  0
21.9034  0  0
21.9054  0  0
21.9074  0  0
21.9093  0  0
21.9113  0  0
21.9132  0  0
21.9151  0  0
21.917  0  0
21.9189  0  0
21.9207  0  0
21.9225  0  0
21.9243  0  0
21.9261  0  0
21.9279  0  0
21.9296  0  0
21.9313  0  0
21.933  0  0
21.9347  0  0
21.9364  0  0
21.938  0  0
21.9396  0  0
21.9412  0  0
21.9427  0  0
21.9443  0  0
21.9458  0  0
21.9473  0  0
21.9488  0  0
21.9503  0  0
21.9517  0  0
21.9531  0  0
21.9545  0  0
21.9559  0  0
21.9573  0  0
21.9586  0  0
21.9599  0  0
21.9612  0  0
21.9625  0  0
21.9637  0  0
21.965  0  0
21.9662  0  0
21.9674  0  0
21.9685  0  0
21.9697  0  0
21.9708  0  0
21.9719  0  0
21.973  0  0
21.974  0  0
21.9751  0  0
21.9761  0  0
21.9771  0  0
21.9781  0  0
21.979  0  0
21.9799  0  0
21.9809  0  0
21.9817  0  0
21.9826  0  0
21.9835  0  0
21.9843  0  0
21.9851  0  0
21.9859  0  0
21.9866  0  0
21.9874  0  0
21.9881  0  0
21.9888  0  0
21.9895  0  0
21.9901  0  0
21.9908  0  0
21.9914  0  0
21.992  0  0
21.9926  0  0
21.9931  0  0
21.9936  0  0
21.9941  0  0
21.9946  0  0
21.9951  0  0
21.9955  0  0
21.996  0  0
21.9964  0  0
21.9968  0  0
21.9971  0  0
21.9975  0  0
21.9978  0  0
21.9981  0  0
21.9983  0  0
21.9986  0  0
21.9988  0  0
21.999  0  0
21.9992  0  0
21.9994  0  0
21.9996  0  0
21.9997  0  0
21.9998  0  0
21.9999  0  0
21.9999  0  0
22  0  0
22  0  0
