-22  -1.87465e-09  -1.87465e-09
-21.9999  -5.66643e-11  -5.66643e-11
-21.9997  -1.49801e-11  -1.49801e-11
-21.9995  -8.89534e-12  -8.89534e-12
-21.9991  -5.46614e-12  -5.46614e-12
-21.9987  -2.93796e-12  -2.93796e-12
-21.9982  -2.01293e-12  -2.01293e-12
-21.9976  -1.85455e-12  -1.85455e-12
-21.9969  -1.46581e-12  -1.46581e-12
-21.9962  -9.47112e-13  -9.47112e-13
-21.9953  -7.49298e-13  -7.49298e-13
-21.9944  -7.60678e-13  -7.60678e-13
-21.9934  -6.45021e-13  -6.45021e-13
-21.9923  -4.4568e-13  -4.4568e-13
-21.9911  -3.82647e-13  -3.82647e-13
-21.9898  -4.13484e-13  -4.13484e-13
-21.9885  -3.63524e-13  -3.63524e-13
-21.987  -2.56859e-13  -2.56859e-13
-21.9855  -2.25356e-13  -2.25356e-13
-21.9839  -2.49004e-13  -2.49004e-13
-21.9822  -2.21693e-13  -2.21693e-13
-21.9804  -1.58521e-13  -1.58521e-13
-21.9785  -1.44976e-13  -1.44976e-13
-21.9766  -1.66737e-13  -1.66737e-13
-21.9745  -1.50611e-13  -1.50611e-13
-21.9724  -1.07229e-13  -1.07229e-13
-21.9702  -9.79582e-14  -9.79582e-14
-21.9679  -1.13779e-13  -1.13779e-13
-21.9656  -1.02427e-13  -1.02427e-13
-21.9631  -7.21733e-14  -7.21733e-14
-21.9606  -6.82875e-14  -6.82875e-14
-21.9579  -8.28315e-14  -8.28315e-14
-21.9552  -7.52264e-14  -7.52264e-14
-21.9524  -5.19673e-14  -5.19673e-14
-21.9495  -4.86088e-14  -4.86088e-14
-21.9466  -5.94335e-14  -5.94335e-14
-21.9435  -5.31885e-14  -5.31885e-14
-21.9404  -3.5536e-14  -3.5536e-14
-21.9372  -3.45923e-14  -3.45923e-14
-21.9339  -4.49173e-14  -4.49173e-14
-21.9305  -4.0532e-14  -4.0532e-14
-21.927  -2.60436e-14  -2.60436e-14
-21.9234  -2.48223e-14  -2.48223e-14
-21.9198  -3.26771e-14  -3.26771e-14
-21.9161  -2.86248e-14  -2.86248e-14
-21.9123  -1.70507e-14  -1.70507e-14
-21.9084  -1.7245e-14  -1.7245e-14
-21.9044  -2.50166e-14  -2.50166e-14
-21.9003  -2.213e-14  -2.213e-14
-21.8962  -1.2249e-14  -1.2249e-14
-21.8919  -1.19715e-14  -1.19715e-14
-21.8876  -1.79389e-14  -1.79389e-14
-21.8832  -1.50523e-14  -1.50523e-14
-21.8787  -6.8367e-15  -6.8367e-15
-21.8742  -7.55834e-15  -7.55834e-15
-21.8695  -1.36923e-14  -1.36923e-14
-21.8648  -1.16384e-14  -1.16384e-14
-21.8599  -4.47747e-15  -4.47747e-15
-21.855  -4.67176e-15  -4.67176e-15
-21.85  -9.39021e-15  -9.39021e-15
-21.845  -7.16976e-15  -7.16976e-15
-21.8398  -1.06354e-15  -1.06354e-15
-21.8345  -2.03498e-15  -2.03498e-15
-21.8292  -7.0865e-15  -7.0865e-15
-21.8238  -5.58769e-15  -5.58769e-15
-21.8183  -1.19846e-16  -1.19846e-16
-21.8127  -5.91691e-16  -5.91691e-16
-21.8071  -4.47747e-15  -4.47747e-15
-21.8013  -2.70111e-15  -2.70111e-15
-21.7955  2.01733e-15  2.01733e-15
-21.7896  8.79355e-16  8.79355e-16
-21.7836  -3.45052e-15  -3.45052e-15
-21.7775  -2.31254e-15  -2.31254e-15
-21.7713  1.96182e-15  1.96182e-15
-21.765  1.32344e-15  1.32344e-15
-21.7587  -1.95171e-15  -1.95171e-15
-21.7523  -4.80668e-16  -4.80668e-16
-21.7458  3.23858e-15  3.23858e-15
-21.7392  1.96182e-15  1.96182e-15
-21.7325  -1.86845e-15  -1.86845e-15
-21.7258  -1.03578e-15  -1.03578e-15
-21.7189  2.37816e-15  2.37816e-15
-21.712  1.62876e-15  1.62876e-15
-21.705  -1.23007e-15  -1.23007e-15
-21.6979  -8.82364e-18  -8.82364e-18
-21.6907  2.98878e-15  2.98878e-15
-21.6835  1.57324e-15  1.57324e-15
-21.6761  -1.95171e-15  -1.95171e-15
-21.6687  -1.36885e-15  -1.36885e-15
-21.6612  1.37896e-15  1.37896e-15
-21.6536  5.46288e-16  5.46288e-16
-21.6459  -2.03498e-15  -2.03498e-15
-21.6381  -1.03578e-15  -1.03578e-15
-21.6303  1.3512e-15  1.3512e-15
-21.6224  -2.03113e-16  -2.03113e-16
-21.6144  -3.53378e-15  -3.53378e-15
-21.6063  -3.20071e-15  -3.20071e-15
-21.5981  -1.00802e-15  -1.00802e-15
-21.5898  -1.95171e-15  -1.95171e-15
-21.5815  -4.33869e-15  -4.33869e-15
-21.5731  -3.56154e-15  -3.56154e-15
-21.5645  -1.67416e-15  -1.67416e-15
-21.5559  -3.395e-15  -3.395e-15
-21.5473  -6.67016e-15  -6.67016e-15
-21.5385  -6.64241e-15  -6.64241e-15
-21.5297  -4.8938e-15  -4.8938e-15
-21.5207  -6.00403e-15  -6.00403e-15
-21.5117  -8.30774e-15  -8.30774e-15
-21.5026  -7.72487e-15  -7.72487e-15
-21.4935  -6.30934e-15  -6.30934e-15
-21.4842  -8.30774e-15  -8.30774e-15
-21.4749  -1.16384e-14  -1.16384e-14
-21.4654  -1.1916e-14  -1.1916e-14
-21.4559  -1.0667e-14  -1.0667e-14
-21.4464  -1.1916e-14  -1.1916e-14
-21.4367  -1.42197e-14  -1.42197e-14
-21.4269  -1.39144e-14  -1.39144e-14
-21.4171  -1.29984e-14  -1.29984e-14
-21.4072  -1.53021e-14  -1.53021e-14
-21.3972  -1.88826e-14  -1.88826e-14
-21.3871  -1.95765e-14  -1.95765e-14
-21.3769  -1.87993e-14  -1.87993e-14
-21.3667  -2.02981e-14  -2.02981e-14
-21.3563  -2.27129e-14  -2.27129e-14
-21.3459  -2.27684e-14  -2.27684e-14
-21.3354  -2.24076e-14  -2.24076e-14
-21.3249  -2.51554e-14  -2.51554e-14
-21.3142  -2.91522e-14  -2.91522e-14
-21.3034  -3.04012e-14  -3.04012e-14
-21.2926  -3.02069e-14  -3.02069e-14
-21.2817  -3.20388e-14  -3.20388e-14
-21.2707  -3.46755e-14  -3.46755e-14
-21.2597  -3.52306e-14  -3.52306e-14
-21.2485  -3.55637e-14  -3.55637e-14
-21.2373  -3.89777e-14  -3.89777e-14
-21.226  -4.36406e-14  -4.36406e-14
-21.2146  -4.56667e-14  -4.56667e-14
-21.2031  -4.61941e-14  -4.61941e-14
-21.1915  -4.85256e-14  -4.85256e-14
-21.1799  -5.16342e-14  -5.16342e-14
-21.1681  -5.2911e-14  -5.2911e-14
-21.1563  -5.416e-14  -5.416e-14
-21.1444  -5.85731e-14  -5.85731e-14
-21.1325  -6.4263e-14  -6.4263e-14
-21.1204  -6.74271e-14  -6.74271e-14
-21.1083  -6.89814e-14  -6.89814e-14
-21.0961  -7.20623e-14  -7.20623e-14
-21.0838  -7.59758e-14  -7.59758e-14
-21.0714  -7.83351e-14  -7.83351e-14
-21.0589  -8.09441e-14  -8.09441e-14
-21.0464  -8.67728e-14  -8.67728e-14
-21.0338  -9.4128e-14  -9.4128e-14
-21.0211  -9.90407e-14  -9.90407e-14
-21.0083  -1.02066e-13  -1.02066e-13
-20.9954  -1.0634e-13  -1.0634e-13
-20.9825  -1.11586e-13  -1.11586e-13
-20.9695  -1.15722e-13  -1.15722e-13
-20.9564  -1.20357e-13  -1.20357e-13
-20.9432  -1.28462e-13  -1.28462e-13
-20.9299  -1.38426e-13  -1.38426e-13
-20.9166  -1.46086e-13  -1.46086e-13
-20.9031  -1.51415e-13  -1.51415e-13
-20.8896  -1.57605e-13  -1.57605e-13
-20.876  -1.65154e-13  -1.65154e-13
-20.8624  -1.72232e-13  -1.72232e-13
-20.8486  -1.80115e-13  -1.80115e-13
-20.8348  -1.91828e-13  -1.91828e-13
-20.8209  -2.06094e-13  -2.06094e-13
-20.8069  -2.18251e-13  -2.18251e-13
-20.7928  -2.27327e-13  -2.27327e-13
-20.7786  -2.36847e-13  -2.36847e-13
-20.7644  -2.48477e-13  -2.48477e-13
-20.7501  -2.60634e-13  -2.60634e-13
-20.7357  -2.73956e-13  -2.73956e-13
-20.7212  -2.91748e-13  -2.91748e-13
-20.7067  -3.13342e-13  -3.13342e-13
-20.6921  -3.33103e-13  -3.33103e-13
-20.6773  -3.48647e-13  -3.48647e-13
-20.6625  -3.64162e-13  -3.64162e-13
-20.6477  -3.83341e-13  -3.83341e-13
-20.6327  -4.04685e-13  -4.04685e-13
-20.6177  -4.27694e-13  -4.27694e-13
-20.6026  -4.56199e-13  -4.56199e-13
-20.5874  -4.90811e-13  -4.90811e-13
-20.5721  -5.24228e-13  -5.24228e-13
-20.5568  -5.51484e-13  -5.51484e-13
-20.5413  -5.78407e-13  -5.78407e-13
-20.5258  -6.12214e-13  -6.12214e-13
-20.5103  -6.51238e-13  -6.51238e-13
-20.4946  -6.92427e-13  -6.92427e-13
-20.4788  -7.40944e-13  -7.40944e-13
-20.463  -8.00008e-13  -8.00008e-13
-20.4471  -8.59266e-13  -8.59266e-13
-20.4311  -9.09309e-13  -9.09309e-13
-20.4151  -9.5938e-13  -9.5938e-13
-20.3989  -1.02355e-12  -1.02355e-12
-20.3827  -1.09877e-12  -1.09877e-12
-20.3664  -1.1766e-12  -1.1766e-12
-20.3501  -1.26525e-12  -1.26525e-12
-20.3336  -1.37347e-12  -1.37347e-12
-20.3171  -1.4851e-12  -1.4851e-12
-20.3005  -1.58272e-12  -1.58272e-12
-20.2838  -1.68377e-12  -1.68377e-12
-20.267  -1.81606e-12  -1.81606e-12
-20.2502  -1.9716e-12  -1.9716e-12
-20.2332  -2.12967e-12  -2.12967e-12
-20.2162  -2.30566e-12  -2.30566e-12
-20.1992  -2.52116e-12  -2.52116e-12
-20.182  -2.74823e-12  -2.74823e-12
-20.1648  -2.95465e-12  -2.95465e-12
-20.1475  -3.17955e-12  -3.17955e-12
-20.1301  -3.4802e-12  -3.4802e-12
-20.1126  -3.83275e-12  -3.83275e-12
-20.0951  -4.18572e-12  -4.18572e-12
-20.0774  -4.57285e-12  -4.57285e-12
-20.0598  -5.04739e-12  -5.04739e-12
-20.042  -5.55659e-12  -5.55659e-12
-20.0241  -6.04234e-12  -6.04234e-12
-20.0062  -6.60725e-12  -6.60725e-12
-19.9882  -7.37941e-12  -7.37941e-12
-19.9701  -8.28086e-12  -8.28086e-12
-19.9519  -9.1737e-12  -9.1737e-12
-19.9337  -1.01426e-11  -1.01426e-11
-19.9154  -1.13296e-11  -1.13296e-11
-19.897  -1.26279e-11  -1.26279e-11
-19.8785  -1.39468e-11  -1.39468e-11
-19.86  -1.56083e-11  -1.56083e-11
-19.8414  -1.79365e-11  -1.79365e-11
-19.8227  -2.06474e-11  -2.06474e-11
-19.8039  -2.33163e-11  -2.33163e-11
-19.785  -2.61906e-11  -2.61906e-11
-19.7661  -2.97046e-11  -2.97046e-11
-19.7471  -3.36482e-11  -3.36482e-11
-19.728  -3.80217e-11  -3.80217e-11
-19.7089  -4.40968e-11  -4.40968e-11
-19.6896  -5.28677e-11  -5.28677e-11
-19.6703  -6.31e-11  -6.31e-11
-19.6509  -7.31698e-11  -7.31698e-11
-19.6315  -8.39499e-11  -8.39499e-11
-19.6119  -9.71102e-11  -9.71102e-11
-19.5923  -1.12546e-10  -1.12546e-10
-19.5726  -1.32079e-10  -1.32079e-10
-19.5529  -1.62764e-10  -1.62764e-10
-19.533  -2.0881e-10  -2.0881e-10
-19.5131  -2.63037e-10  -2.63037e-10
-19.4931  -3.16683e-10  -3.16683e-10
-19.4731  -3.73812e-10  -3.73812e-10
-19.4529  -4.4394e-10  -4.4394e-10
-19.4327  -5.34322e-10  -5.34322e-10
-19.4124  -6.76862e-10  -6.76862e-10
-19.3921  -9.40394e-10  -9.40394e-10
-19.3716  -1.35865e-09  -1.35865e-09
-19.3511  -1.86269e-09  -1.86269e-09
-19.3305  -2.36701e-09  -2.36701e-09
-19.3099  -2.89965e-09  -2.89965e-09
-19.2891  -3.57605e-09  -3.57605e-09
-19.2683  -4.70674e-09  -4.70674e-09
-19.2474  -7.40576e-09  -7.40576e-09
-19.2265  -1.37485e-08  -1.37485e-08
-19.2055  -2.49861e-08  -2.49861e-08
-19.1843  -3.94571e-08  -3.94571e-08
-19.1632  -5.43398e-08  -5.43398e-08
-19.1419  -6.96655e-08  -6.96655e-08
-19.1206  -9.46749e-08  -9.46749e-08
-19.0992  -2.1948e-07  -2.1948e-07
-19.0777  -9.75723e-07  -9.75723e-07
-19.0562  -4.37674e-06  -4.37674e-06
-19.0345  -1.59534e-05  -1.59534e-05
-19.0128  -4.75747e-05  -4.75747e-05
-18.9911  -0.00011999  -0.00011999
-18.9692  -0.000263419  -0.000263419
-18.9473  -0.000514747  -0.000514747
-18.9253  -0.000911113  -0.000911113
-18.9033  -0.0014813  -0.0014813
-18.8811  -0.00223755  -0.00223755
-18.8589  -0.00317069  -0.00317069
-18.8366  -0.0042508  -0.0042508
-18.8143  -0.00543395  -0.00543395
-18.7919  -0.00667364  -0.00667364
-18.7694  -0.00793314  -0.00793314
-18.7468  -0.00919395  -0.00919395
-18.7241  -0.0104573  -0.0104573
-18.7014  -0.0117387  -0.0117387
-18.6786  -0.0130583  -0.0130583
-18.6558  -0.014431  -0.014431
-18.6329  -0.0158576  -0.0158576
-18.6099  -0.0173183  -0.0173183
-18.5868  -0.0187711  -0.0187711
-18.5636  -0.020159  -0.020159
-18.5404  -0.0214292  -0.0214292
-18.5171  -0.022558  -0.022558
-18.4938  -0.0235695  -0.0235695
-18.4703  -0.0245337  -0.0245337
-18.4468  -0.0255425  -0.0255425
-18.4233  -0.0266763  -0.0266763
-18.3996  -0.027979  -0.027979
-18.3759  -0.0294566  -0.0294566
-18.3521  -0.0310928  -0.0310928
-18.3283  -0.0328664  -0.0328664
-18.3043  -0.0347567  -0.0347567
-18.2803  -0.0367328  -0.0367328
-18.2563  -0.0387414  -0.0387414
-18.2321  -0.0407055  -0.0407055
-18.2079  -0.0425413  -0.0425413
-18.1836  -0.0441844  -0.0441844
-18.1593  -0.0456085  -0.0456085
-18.1349  -0.0468217  -0.0468217
-18.1104  -0.0478432  -0.0478432
-18.0858  -0.0486754  -0.0486754
-18.0612  -0.0492956  -0.0492956
-18.0365  -0.0496784  -0.0496784
-18.0117  -0.0498408  -0.0498408
-17.9869  -0.0498799  -0.0498799
-17.962  -0.0499745  -0.0499745
-17.937  -0.0503371  -0.0503371
-17.9119  -0.0511351  -0.0511351
-17.8868  -0.0524189  -0.0524189
-17.8616  -0.0540959  -0.0540959
-17.8364  -0.0559639  -0.0559639
-17.8111  -0.0577898  -0.0577898
-17.7857  -0.0593964  -0.0593964
-17.7602  -0.0607218  -0.0607218
-17.7347  -0.0618291  -0.0618291
-17.7091  -0.0628698  -0.0628698
-17.6834  -0.0640155  -0.0640155
-17.6577  -0.0653859  -0.0653859
-17.6319  -0.067  -0.067
-17.606  -0.0687691  -0.0687691
-17.5801  -0.0705399  -0.0705399
-17.5541  -0.0721658  -0.0721658
-17.528  -0.0735722  -0.0735722
-17.5019  -0.0747758  -0.0747758
-17.4757  -0.0758493  -0.0758493
-17.4494  -0.0768558  -0.0768558
-17.423  -0.0778019  -0.0778019
-17.3966  -0.078645  -0.078645
-17.3702  -0.0793466  -0.0793466
-17.3436  -0.0799274  -0.0799274
-17.317  -0.0804778  -0.0804778
-17.2903  -0.0811117  -0.0811117
-17.2636  -0.0819013  -0.0819013
-17.2368  -0.0828419  -0.0828419
-17.2099  -0.0838707  -0.0838707
-17.183  -0.0849202  -0.0849202
-17.156  -0.0859588  -0.0859588
-17.1289  -0.0869913  -0.0869913
-17.1017  -0.0880294  -0.0880294
-17.0745  -0.0890654  -0.0890654
-17.0473  -0.0900768  -0.0900768
-17.0199  -0.0910547  -0.0910547
-16.9925  -0.092025  -0.092025
-16.9651  -0.0930433  -0.0930433
-16.9375  -0.0941641  -0.0941641
-16.9099  -0.0954128  -0.0954128
-16.8823  -0.0967783  -0.0967783
-16.8545  -0.0982273  -0.0982273
-16.8267  -0.0997216  -0.0997216
-16.7989  -0.101225  -0.101225
-16.7709  -0.102703  -0.102703
-16.743  -0.104124  -0.104124
-16.7149  -0.10547  -0.10547
-16.6868  -0.106735  -0.106735
-16.6586  -0.107921  -0.107921
-16.6303  -0.109013  -0.109013
-16.602  -0.109964  -0.109964
-16.5737  -0.110716  -0.110716
-16.5452  -0.111223  -0.111223
-16.5167  -0.111494  -0.111494
-16.4882  -0.111597  -0.111597
-16.4595  -0.111653  -0.111653
-16.4308  -0.11183  -0.11183
-16.4021  -0.112325  -0.112325
-16.3733  -0.113337  -0.113337
-16.3444  -0.114998  -0.114998
-16.3154  -0.117282  -0.117282
-16.2864  -0.119953  -0.119953
-16.2573  -0.122595  -0.122595
-16.2282  -0.124738  -0.124738
-16.199  -0.12603  -0.12603
-16.1697  -0.12636  -0.12636
-16.1404  -0.12587  -0.12587
-16.111  -0.124866  -0.124866
-16.0816  -0.123692  -0.123692
-16.0521  -0.122637  -0.122637
-16.0225  -0.121902  -0.121902
-15.9929  -0.12161  -0.12161
-15.9632  -0.121818  -0.121818
-15.9334  -0.122511  -0.122511
-15.9036  -0.123595  -0.123595
-15.8737  -0.124917  -0.124917
-15.8438  -0.126324  -0.126324
-15.8138  -0.127721  -0.127721
-15.7837  -0.12912  -0.12912
-15.7536  -0.130611  -0.130611
-15.7234  -0.132316  -0.132316
-15.6932  -0.134318  -0.134318
-15.6629  -0.136626  -0.136626
-15.6325  -0.139165  -0.139165
-15.6021  -0.141786  -0.141786
-15.5716  -0.144274  -0.144274
-15.5411  -0.14638  -0.14638
-15.5105  -0.147873  -0.147873
-15.4798  -0.148622  -0.148622
-15.4491  -0.14867  -0.14867
-15.4183  -0.148233  -0.148233
-15.3874  -0.147627  -0.147627
-15.3565  -0.147135  -0.147135
-15.3256  -0.146902  -0.146902
-15.2946  -0.146907  -0.146907
-15.2635  -0.147029  -0.147029
-15.2323  -0.14715  -0.14715
-15.2011  -0.14723  -0.14723
-15.1699  -0.147324  -0.147324
-15.1386  -0.147524  -0.147524
-15.1072  -0.147886  -0.147886
-15.0758  -0.148376  -0.148376
-15.0443  -0.14887  -0.14887
-15.0127  -0.149195  -0.149195
-14.9811  -0.149206  -0.149206
-14.9495  -0.148843  -0.148843
-14.9177  -0.148163  -0.148163
-14.886  -0.147324  -0.147324
-14.8541  -0.146538  -0.146538
-14.8222  -0.146019  -0.146019
-14.7903  -0.145927  -0.145927
-14.7583  -0.146337  -0.146337
-14.7262  -0.147213  -0.147213
-14.6941  -0.148414  -0.148414
-14.6619  -0.149728  -0.149728
-14.6297  -0.15092  -0.15092
-14.5974  -0.151804  -0.151804
-14.5651  -0.152292  -0.152292
-14.5327  -0.152413  -0.152413
-14.5002  -0.152286  -0.152286
-14.4677  -0.152065  -0.152065
-14.4351  -0.151873  -0.151873
-14.4025  -0.151737  -0.151737
-14.3698  -0.151576  -0.151576
-14.3371  -0.151235  -0.151235
-14.3043  -0.150563  -0.150563
-14.2714  -0.14951  -0.14951
-14.2385  -0.148178  -0.148178
-14.2056  -0.146799  -0.146799
-14.1726  -0.14563  -0.14563
-14.1395  -0.144827  -0.144827
-14.1064  -0.144352  -0.144352
-14.0732  -0.143996  -0.143996
-14.04  -0.143489  -0.143489
-14.0067  -0.142661  -0.142661
-13.9733  -0.141544  -0.141544
-13.9399  -0.140359  -0.140359
-13.9065  -0.139403  -0.139403
-13.873  -0.138897  -0.138897
-13.8395  -0.138896  -0.138896
-13.8058  -0.139291  -0.139291
-13.7722  -0.139872  -0.139872
-13.7385  -0.140407  -0.140407
-13.7047  -0.140673  -0.140673
-13.6709  -0.140463  -0.140463
-13.637  -0.139587  -0.139587
-13.6031  -0.137917  -0.137917
-13.5691  -0.135426  -0.135426
-13.5351  -0.132214  -0.132214
-13.501  -0.128479  -0.128479
-13.4669  -0.124461  -0.124461
-13.4327  -0.120388  -0.120388
-13.3985  -0.116461  -0.116461
-13.3642  -0.112862  -0.112862
-13.3298  -0.109751  -0.109751
-13.2954  -0.107223  -0.107223
-13.261  -0.105251  -0.105251
-13.2265  -0.103655  -0.103655
-13.192  -0.102151  -0.102151
-13.1574  -0.100456  -0.100456
-13.1227  -0.0984221  -0.0984221
-13.088  -0.0961007  -0.0961007
-13.0533  -0.0937173  -0.0937173
-13.0185  -0.0915547  -0.0915547
-12.9836  -0.0898123  -0.0898123
-12.9487  -0.0885088  -0.0885088
-12.9138  -0.0874732  -0.0874732
-12.8788  -0.0864224  -0.0864224
-12.8438  -0.0850851  -0.0850851
-12.8087  -0.083314  -0.083314
-12.7735  -0.0811387  -0.0811387
-12.7383  -0.078743  -0.078743
-12.7031  -0.0763824  -0.0763824
-12.6678  -0.074285  -0.074285
-12.6324  -0.0725797  -0.0725797
-12.597  -0.0712758  -0.0712758
-12.5616  -0.0702916  -0.0702916
-12.5261  -0.0695029  -0.0695029
-12.4906  -0.0687864  -0.0687864
-12.455  -0.0680394  -0.0680394
-12.4194  -0.067181  -0.067181
-12.3837  -0.066147  -0.066147
-12.348  -0.0648882  -0.0648882
-12.3122  -0.0633748  -0.0633748
-12.2764  -0.0616017  -0.0616017
-12.2405  -0.0595933  -0.0595933
-12.2046  -0.0574051  -0.0574051
-12.1686  -0.0551235  -0.0551235
-12.1326  -0.0528567  -0.0528567
-12.0965  -0.0507134  -0.0507134
-12.0604  -0.0487741  -0.0487741
-12.0243  -0.0470708  -0.0470708
-11.9881  -0.045589  -0.045589
-11.9519  -0.0442909  -0.0442909
-11.9156  -0.0431392  -0.0431392
-11.8792  -0.0420993  -0.0420993
-11.8428  -0.0411211  -0.0411211
-11.8064  -0.0401248  -0.0401248
-11.7699  -0.0390153  -0.0390153
-11.7334  -0.0377269  -0.0377269
-11.6969  -0.0362644  -0.0362644
-11.6603  -0.034704  -0.034704
-11.6236  -0.0331454  -0.0331454
-11.5869  -0.031646  -0.031646
-11.5502  -0.0301845  -0.0301845
-11.5134  -0.0286805  -0.0286805
-11.4765  -0.027055  -0.027055
-11.4397  -0.0252869  -0.0252869
-11.4028  -0.0234282  -0.0234282
-11.3658  -0.0215705  -0.0215705
-11.3288  -0.0197891  -0.0197891
-11.2917  -0.018105  -0.018105
-11.2546  -0.0164875  -0.0164875
-11.2175  -0.01489  -0.01489
-11.1803  -0.0132926  -0.0132926
-11.1431  -0.0117196  -0.0117196
-11.1058  -0.0102295  -0.0102295
-11.0685  -0.00889344  -0.00889344
-11.0312  -0.00778203  -0.00778203
-10.9938  -0.00695973  -0.00695973
-10.9563  -0.00646956  -0.00646956
-10.9188  -0.00630056  -0.00630056
-10.8813  -0.00636207  -0.00636207
-10.8438  -0.00650379  -0.00650379
-10.8062  -0.00659236  -0.00659236
-10.7685  -0.00660141  -0.00660141
-10.7308  -0.00664449  -0.00664449
-10.6931  -0.00691505  -0.00691505
-10.6553  -0.00756835  -0.00756835
-10.6175  -0.00862698  -0.00862698
-10.5796  -0.00997182  -0.00997182
-10.5418  -0.0114154  -0.0114154
-10.5038  -0.0127999  -0.0127999
-10.4658  -0.0140585  -0.0140585
-10.4278  -0.0152153  -0.0152153
-10.3898  -0.0163431  -0.0163431
-10.3517  -0.0175112  -0.0175112
-10.3135  -0.018752  -0.018752
-10.2754  -0.0200536  -0.0200536
-10.2371  -0.021375  -0.021375
-10.1989  -0.0226721  -0.0226721
-10.1606  -0.0239198  -0.0239198
-10.1223  -0.0251201  -0.0251201
-10.0839  -0.0262943  -0.0262943
-10.0455  -0.0274684  -0.0274684
-10.007  -0.0286594  -0.0286594
-9.96854  -0.0298721  -0.0298721
-9.93001  -0.031103  -0.031103
-9.89145  -0.0323459  -0.0323459
-9.85285  -0.0335976  -0.0335976
-9.8142  -0.03486  -0.03486
-9.77552  -0.0361408  -0.0361408
-9.73681  -0.037451  -0.037451
-9.69805  -0.0387982  -0.0387982
-9.65926  -0.0401788  -0.0401788
-9.62043  -0.0415769  -0.0415769
-9.58157  -0.0429742  -0.0429742
-9.54266  -0.0443691  -0.0443691
-9.50372  -0.0457923  -0.0457923
-9.46475  -0.0473045  -0.0473045
-9.42573  -0.048975  -0.048975
-9.38668  -0.0508487  -0.0508487
-9.3476  -0.0529222  -0.0529222
-9.30848  -0.0551435  -0.0551435
-9.26932  -0.0574349  -0.0574349
-9.23012  -0.0597255  -0.0597255
-9.1909  -0.0619728  -0.0619728
-9.15163  -0.0641566  -0.0641566
-9.11233  -0.0662519  -0.0662519
-9.073  -0.0682017  -0.0682017
-9.03363  -0.0699176  -0.0699176
-8.99422  -0.0713172  -0.0713172
-8.95478  -0.0723781  -0.0723781
-8.91531  -0.0731717  -0.0731717
-8.8758  -0.0738488  -0.0738488
-8.83626  -0.0745825  -0.0745825
-8.79668  -0.075504  -0.075504
-8.75707  -0.0766694  -0.0766694
-8.71743  -0.078068  -0.078068
-8.67775  -0.079653  -0.079653
-8.63804  -0.0813647  -0.0813647
-8.59829  -0.0831334  -0.0831334
-8.55852  -0.084871  -0.084871
-8.51871  -0.0864722  -0.0864722
-8.47886  -0.0878368  -0.0878368
-8.43899  -0.0889093  -0.0889093
-8.39908  -0.0897196  -0.0897196
-8.35914  -0.090406  -0.090406
-8.31916  -0.091202  -0.091202
-8.27916  -0.092379  -0.092379
-8.23912  -0.0941556  -0.0941556
-8.19905  -0.0966046  -0.0966046
-8.15895  -0.0996052  -0.0996052
-8.11882  -0.102869  -0.102869
-8.07865  -0.106033  -0.106033
-8.03846  -0.108789  -0.108789
-7.99823  -0.110971  -0.110971
-7.95798  -0.112592  -0.112592
-7.91769  -0.113802  -0.113802
-7.87737  -0.114812  -0.114812
-7.83703  -0.115812  -0.115812
-7.79665  -0.116915  -0.116915
-7.75624  -0.118139  -0.118139
-7.7158  -0.119411  -0.119411
-7.67533  -0.120592  -0.120592
-7.63484  -0.121523  -0.121523
-7.59431  -0.122063  -0.122063
-7.55375  -0.122155  -0.122155
-7.51317  -0.121858  -0.121858
-7.47255  -0.12136  -0.12136
-7.43191  -0.120919  -0.120919
-7.39124  -0.12076  -0.12076
-7.35054  -0.120975  -0.120975
-7.30981  -0.121473  -0.121473
-7.26905  -0.122025  -0.122025
-7.22827  -0.122375  -0.122375
-7.18745  -0.122357  -0.122357
-7.14661  -0.121952  -0.121952
-7.10575  -0.121268  -0.121268
-7.06485  -0.120457  -0.120457
-7.02393  -0.119636  -0.119636
-6.98298  -0.118841  -0.118841
-6.942  -0.118029  -0.118029
-6.901  -0.117113  -0.117113
-6.85997  -0.116008  -0.116008
-6.81891  -0.114664  -0.114664
-6.77783  -0.113083  -0.113083
-6.73672  -0.111324  -0.111324
-6.69559  -0.109485  -0.109485
-6.65443  -0.107691  -0.107691
-6.61324  -0.106079  -0.106079
-6.57203  -0.104781  -0.104781
-6.53079  -0.103912  -0.103912
-6.48953  -0.103556  -0.103556
-6.44824  -0.103741  -0.103741
-6.40693  -0.104415  -0.104415
-6.36559  -0.105424  -0.105424
-6.32423  -0.106506  -0.106506
-6.28284  -0.10733  -0.10733
-6.24143  -0.107563  -0.107563
-6.2  -0.106966  -0.106966
-6.15854  -0.105469  -0.105469
-6.11706  -0.103192  -0.103192
-6.07556  -0.100407  -0.100407
-6.03403  -0.0974502  -0.0974502
-5.99247  -0.0946286  -0.0946286
-5.9509  -0.0921603  -0.0921603
-5.9093  -0.0901542  -0.0901542
-5.86768  -0.0886259  -0.0886259
-5.82604  -0.0875284  -0.0875284
-5.78437  -0.0867805  -0.0867805
-5.74268  -0.0862834  -0.0862834
-5.70097  -0.0859267  -0.0859267
-5.65924  -0.0855921  -0.0855921
-5.61749  -0.085164  -0.085164
-5.57571  -0.0845497  -0.0845497
-5.53391  -0.0837035  -0.0837035
-5.49209  -0.0826407  -0.0826407
-5.45025  -0.0814329  -0.0814329
-5.40839  -0.0801848  -0.0801848
-5.36651  -0.079003  -0.079003
-5.32461  -0.077967  -0.077967
-5.28269  -0.0771052  -0.0771052
-5.24074  -0.0763822  -0.0763822
-5.19878  -0.0757032  -0.0757032
-5.1568  -0.0749446  -0.0749446
-5.11479  -0.0740084  -0.0740084
-5.07277  -0.0728748  -0.0728748
-5.03073  -0.0716191  -0.0716191
-4.98867  -0.0703726  -0.0703726
-4.94658  -0.0692464  -0.0692464
-4.90448  -0.0682645  -0.0682645
-4.86237  -0.0673512  -0.0673512
-4.82023  -0.0663818  -0.0663818
-4.77807  -0.0652566  -0.0652566
-4.7359  -0.0639502  -0.0639502
-4.6937  -0.0625054  -0.0625054
-4.65149  -0.0609896  -0.0609896
-4.60926  -0.0594523  -0.0594523
-4.56701  -0.057916  -0.057916
-4.52475  -0.0563984  -0.0563984
-4.48247  -0.0549383  -0.0549383
-4.44017  -0.0535995  -0.0535995
-4.39785  -0.0524466  -0.0524466
-4.35552  -0.051512  -0.051512
-4.31317  -0.0507783  -0.0507783
-4.2708  -0.0501859  -0.0501859
-4.22842  -0.0496574  -0.0496574
-4.18602  -0.0491212  -0.0491212
-4.1436  -0.0485202  -0.0485202
-4.10117  -0.0478066  -0.0478066
-4.05872  -0.0469343  -0.0469343
-4.01626  -0.0458599  -0.0458599
-3.97378  -0.0445562  -0.0445562
-3.93129  -0.0430304  -0.0430304
-3.88878  -0.0413292  -0.0413292
-3.84625  -0.0395255  -0.0395255
-3.80372  -0.0376895  -0.0376895
-3.76116  -0.0358636  -0.0358636
-3.71859  -0.0340566  -0.0340566
-3.67601  -0.0322609  -0.0322609
-3.63341  -0.0304782  -0.0304782
-3.5908  -0.0287333  -0.0287333
-3.54818  -0.0270668  -0.0270668
-3.50554  -0.0255121  -0.0255121
-3.46289  -0.0240761  -0.0240761
-3.42022  -0.0227351  -0.0227351
-3.37755  -0.0214492  -0.0214492
-3.33485  -0.0201818  -0.0201818
-3.29215  -0.0189121  -0.0189121
-3.24943  -0.0176349  -0.0176349
-3.2067  -0.0163521  -0.0163521
-3.16396  -0.0150635  -0.0150635
-3.12121  -0.0137633  -0.0137633
-3.07844  -0.0124433  -0.0124433
-3.03566  -0.0110984  -0.0110984
-2.99288  -0.00973135  -0.00973135
-2.95007  -0.00835451  -0.00835451
-2.90726  -0.00698932  -0.00698932
-2.86444  -0.0056654  -0.0056654
-2.8216  -0.00441912  -0.00441912
-2.77876  -0.00329065  -0.00329065
-2.7359  -0.00231818  -0.00231818
-2.69303  -0.00152968  -0.00152968
-2.65016  -0.000935144  -0.000935144
-2.60727  -0.000523212  -0.000523212
-2.56437  -0.000264174  -0.000264174
-2.52147  -0.00011835  -0.00011835
-2.47855  -4.60558e-05  -4.60558e-05
-2.43562  -1.51491e-05  -1.51491e-05
-2.39269  -4.07893e-06  -4.07893e-06
-2.34974  -8.91834e-07  -8.91834e-07
-2.30679  -1.96612e-07  -1.96612e-07
-2.26382  -8.64849e-08  -8.64849e-08
-2.22085  -6.63725e-08  -6.63725e-08
-2.17787  -5.24108e-08  -5.24108e-08
-2.13488  -3.74473e-08  -3.74473e-08
-2.09188  -2.31305e-08  -2.31305e-08
-2.04888  -1.23901e-08  -1.23901e-08
-2.00587  -6.42642e-09  -6.42642e-09
-1.96285  -3.9496e-09  -3.9496e-09
-1.91982  -3.0272e-09  -3.0272e-09
-1.87678  -2.52874e-09  -2.52874e-09
-1.83374  -2.08906e-09  -2.08906e-09
-1.79069  -1.62973e-09  -1.62973e-09
-1.74763  -1.17022e-09  -1.17022e-09
-1.70457  -7.89809e-10  -7.89809e-10
-1.6615  -5.45244e-10  -5.45244e-10
-1.61842  -4.1732e-10  -4.1732e-10
-1.57534  -3.48796e-10  -3.48796e-10
-1.53225  -2.9962e-10  -2.9962e-10
-1.48915  -2.55159e-10  -2.55159e-10
-1.44605  -2.10383e-10  -2.10383e-10
-1.40295  -1.65216e-10  -1.65216e-10
-1.35983  -1.25775e-10  -1.25775e-10
-1.31672  -9.81003e-11  -9.81003e-11
-1.2736  -8.14851e-11  -8.14851e-11
-1.23047  -7.07253e-11  -7.07253e-11
-1.18734  -6.19771e-11  -6.19771e-11
-1.1442  -5.40046e-11  -5.40046e-11
-1.10106  -4.62468e-11  -4.62468e-11
-1.05792  -3.84552e-11  -3.84552e-11
-1.01477  -3.14016e-11  -3.14016e-11
-0.971614  -2.61409e-11  -2.61409e-11
-0.928458  -2.26908e-11  -2.26908e-11
-0.885297  -2.01954e-11  -2.01954e-11
-0.842134  -1.80143e-11  -1.80143e-11
-0.798967  -1.60153e-11  -1.60153e-11
-0.755797  -1.41306e-11  -1.41306e-11
-0.712624  -1.2262e-11  -1.2262e-11
-0.669449  -1.05318e-11  -1.05318e-11
-0.62627  -9.18949e-12  -9.18949e-12
-0.58309  -8.26495e-12  -8.26495e-12
-0.539907  -7.55377e-12  -7.55377e-12
-0.496722  -6.90113e-12  -6.90113e-12
-0.453535  -6.30133e-12  -6.30133e-12
-0.410347  -5.76137e-12  -5.76137e-12
-0.367157  -5.2502e-12  -5.2502e-12
-0.323965  -4.78465e-12  -4.78465e-12
-0.280772  -4.43119e-12  -4.43119e-12
-0.237578  -4.20173e-12  -4.20173e-12
-0.194384  -4.03042e-12  -4.03042e-12
-0.151188  -3.86458e-12  -3.86458e-12
-0.107992  -3.71706e-12  -3.71706e-12
-0.0647953  -3.61978e-12  -3.61978e-12
-0.0215984  -3.57801e-12  -3.57801e-12
0.0215984  -3.5865e-12  -3.5865e-12
0.0647953  -3.65056e-12  -3.65056e-12
0.107992  -3.76502e-12  -3.76502e-12
0.151188  -3.89428e-12  -3.89428e-12
0.194384  -4.00747e-12  -4.00747e-12
0.237578  -4.13298e-12  -4.13298e-12
0.280772  -4.34803e-12  -4.34803e-12
0.323965  -4.70336e-12  -4.70336e-12
0.367157  -5.18339e-12  -5.18339e-12
0.410347  -5.74611e-12  -5.74611e-12
0.453535  -6.3554e-12  -6.3554e-12
0.496722  -6.95833e-12  -6.95833e-12
0.539907  -7.51283e-12  -7.51283e-12
0.58309  -8.1043e-12  -8.1043e-12
0.62627  -8.96104e-12  -8.96104e-12
0.669449  -1.02608e-11  -1.02608e-11
0.712624  -1.19726e-11  -1.19726e-11
0.755797  -1.39498e-11  -1.39498e-11
0.798967  -1.60568e-11  -1.60568e-11
0.842134  -1.81287e-11  -1.81287e-11
0.885297  -2.00588e-11  -2.00588e-11
0.928458  -2.21886e-11  -2.21886e-11
0.971614  -2.53891e-11  -2.53891e-11
1.01477  -3.03866e-11  -3.03866e-11
1.05792  -3.7133e-11  -3.7133e-11
1.10106  -4.50771e-11  -4.50771e-11
1.1442  -5.36407e-11  -5.36407e-11
1.18734  -6.21084e-11  -6.21084e-11
1.23047  -7.01041e-11  -7.01041e-11
1.2736  -7.94813e-11  -7.94813e-11
1.31672  -9.49272e-11  -9.49272e-11
1.35983  -1.20735e-10  -1.20735e-10
1.40295  -1.57166e-10  -1.57166e-10
1.44605  -2.01321e-10  -2.01321e-10
1.48915  -2.49768e-10  -2.49768e-10
1.53225  -2.98201e-10  -2.98201e-10
1.57534  -3.44994e-10  -3.44994e-10
1.61842  -4.06363e-10  -4.06363e-10
1.6615  -5.25658e-10  -5.25658e-10
1.70457  -7.49725e-10  -7.49725e-10
1.74763  -1.08987e-09  -1.08987e-09
1.79069  -1.51936e-09  -1.51936e-09
1.83374  -2.00136e-09  -2.00136e-09
1.87678  -2.49156e-09  -2.49156e-09
1.91982  -2.99138e-09  -2.99138e-09
1.96285  -3.85346e-09  -3.85346e-09
2.00587  -6.18614e-09  -6.18614e-09
2.04888  -1.16049e-08  -1.16049e-08
2.09188  -2.10201e-08  -2.10201e-08
2.13488  -3.38219e-08  -3.38219e-08
2.17787  -4.87188e-08  -4.87188e-08
2.22085  -6.43765e-08  -6.43765e-08
2.26382  -8.59248e-08  -8.59248e-08
2.30679  -1.96952e-07  -1.96952e-07
2.34974  -8.81426e-07  -8.81426e-07
2.39269  -3.92701e-06  -3.92701e-06
2.43562  -1.42437e-05  -1.42437e-05
2.47855  -4.25774e-05  -4.25774e-05
2.52147  -0.000108343  -0.000108343
2.56437  -0.00024098  -0.00024098
2.60727  -0.000478023  -0.000478023
2.65016  -0.00085902  -0.00085902
2.69303  -0.00141644  -0.00141644
2.7359  -0.00216669  -0.00216669
2.77876  -0.00310488  -0.00310488
2.8216  -0.00420572  -0.00420572
2.86444  -0.00542986  -0.00542986
2.90726  -0.00673291  -0.00673291
2.95007  -0.00807353  -0.00807353
2.99288  -0.00941849  -0.00941849
3.03566  -0.0107444  -0.0107444
3.07844  -0.0120381  -0.0120381
3.12121  -0.0132968  -0.0132968
3.16396  -0.0145315  -0.0145315
3.2067  -0.01577  -0.01577
3.24943  -0.0170603  -0.0170603
3.29215  -0.0184652  -0.0184652
3.33485  -0.0200484  -0.0200484
3.37755  -0.0218505  -0.0218505
3.42022  -0.0238655  -0.0238655
3.46289  -0.0260297  -0.0260297
3.50554  -0.0282324  -0.0282324
3.54818  -0.0303449  -0.0303449
3.5908  -0.0322569  -0.0322569
3.63341  -0.0339015  -0.0339015
3.67601  -0.0352616  -0.0352616
3.71859  -0.03636  -0.03636
3.76116  -0.037244  -0.037244
3.80372  -0.0379764  -0.0379764
3.84625  -0.0386307  -0.0386307
3.88878  -0.0392866  -0.0392866
3.93129  -0.0400176  -0.0400176
3.97378  -0.0408746  -0.0408746
4.01626  -0.0418728  -0.0418728
4.05872  -0.0429915  -0.0429915
4.10117  -0.0441855  -0.0441855
4.1436  -0.0454022  -0.0454022
4.18602  -0.0465956  -0.0465956
4.22842  -0.0477357  -0.0477357
4.2708  -0.0488152  -0.0488152
4.31317  -0.049856  -0.049856
4.35552  -0.05091  -0.05091
4.39785  -0.0520511  -0.0520511
4.44017  -0.053355  -0.053355
4.48247  -0.0548733  -0.0548733
4.52475  -0.0566101  -0.0566101
4.56701  -0.0585094  -0.0585094
4.60926  -0.0604577  -0.0604577
4.65149  -0.0623041  -0.0623041
4.6937  -0.0638963  -0.0638963
4.7359  -0.0651253  -0.0651253
4.77807  -0.065965  -0.065965
4.82023  -0.0664904  -0.0664904
4.86237  -0.0668609  -0.0668609
4.90448  -0.0672741  -0.0672741
4.94658  -0.0679087  -0.0679087
4.98867  -0.0688779  -0.0688779
5.03073  -0.0702092  -0.0702092
5.07277  -0.07185  -0.07185
5.11479  -0.0736882  -0.0736882
5.1568  -0.0755817  -0.0755817
5.19878  -0.07739  -0.07739
5.24074  -0.0790085  -0.0790085
5.28269  -0.0803935  -0.0803935
5.32461  -0.081568  -0.081568
5.36651  -0.082599  -0.082599
5.40839  -0.0835566  -0.0835566
5.45025  -0.0844788  -0.0844788
5.49209  -0.0853644  -0.0853644
5.53391  -0.0861968  -0.0861968
5.57571  -0.0869807  -0.0869807
5.61749  -0.0877603  -0.0877603
5.65924  -0.088603  -0.088603
5.70097  -0.0895557  -0.0895557
5.74268  -0.0906049  -0.0906049
5.78437  -0.0916727  -0.0916727
5.82604  -0.0926598  -0.0926598
5.86768  -0.0935165  -0.0935165
5.9093  -0.0942969  -0.0942969
5.9509  -0.0951545  -0.0951545
5.99247  -0.09627  -0.09627
6.03403  -0.0977466  -0.0977466
6.07556  -0.0995369  -0.0995369
6.11706  -0.101453  -0.101453
6.15854  -0.10326  -0.10326
6.2  -0.104801  -0.104801
6.24143  -0.10607  -0.10607
6.28284  -0.107181  -0.107181
6.32423  -0.108264  -0.108264
6.36559  -0.109344  -0.109344
6.40693  -0.110301  -0.110301
6.44824  -0.110936  -0.110936
6.48953  -0.111096  -0.111096
6.53079  -0.110773  -0.110773
6.57203  -0.110126  -0.110126
6.61324  -0.109407  -0.109407
6.65443  -0.108868  -0.108868
6.69559  -0.108688  -0.108688
6.73672  -0.108968  -0.108968
6.77783  -0.109742  -0.109742
6.81891  -0.110979  -0.110979
6.85997  -0.11256  -0.11256
6.901  -0.114262  -0.114262
6.942  -0.11579  -0.11579
6.98298  -0.116876  -0.116876
7.02393  -0.117393  -0.117393
7.06485  -0.117423  -0.117423
7.10575  -0.117228  -0.117228
7.14661  -0.117118  -0.117118
7.18745  -0.117308  -0.117308
7.22827  -0.117832  -0.117832
7.26905  -0.118562  -0.118562
7.30981  -0.119302  -0.119302
7.35054  -0.119901  -0.119901
7.39124  -0.120298  -0.120298
7.43191  -0.120512  -0.120512
7.47255  -0.120587  -0.120587
7.51317  -0.120569  -0.120569
7.55375  -0.120496  -0.120496
7.59431  -0.120407  -0.120407
7.63484  -0.12033  -0.12033
7.67533  -0.120245  -0.120245
7.7158  -0.120066  -0.120066
7.75624  -0.119661  -0.119661
7.79665  -0.11891  -0.11891
7.83703  -0.117768  -0.117768
7.87737  -0.116286  -0.116286
7.91769  -0.114583  -0.114583
7.95798  -0.112787  -0.112787
7.99823  -0.110979  -0.110979
8.03846  -0.109166  -0.109166
8.07865  -0.107291  -0.107291
8.11882  -0.105276  -0.105276
8.15895  -0.103081  -0.103081
8.19905  -0.100743  -0.100743
8.23912  -0.0983829  -0.0983829
8.27916  -0.0961653  -0.0961653
8.31916  -0.0942229  -0.0942229
8.35914  -0.0925922  -0.0925922
8.39908  -0.0911931  -0.0911931
8.43899  -0.0898686  -0.0898686
8.47886  -0.0884625  -0.0884625
8.51871  -0.0868915  -0.0868915
8.55852  -0.0851686  -0.0851686
8.59829  -0.083367  -0.083367
8.63804  -0.0815487  -0.0815487
8.67775  -0.079706  -0.079706
8.71743  -0.0777605  -0.0777605
8.75707  -0.0756222  -0.0756222
8.79668  -0.0732717  -0.0732717
8.83626  -0.0708076  -0.0708076
8.8758  -0.0684218  -0.0684218
8.91531  -0.0663146  -0.0663146
8.95478  -0.064601  -0.064601
8.99422  -0.0632592  -0.0632592
9.03363  -0.0621468  -0.0621468
9.073  -0.061064  -0.061064
9.11233  -0.0598296  -0.0598296
9.15163  -0.0583392  -0.0583392
9.1909  -0.0565909  -0.0565909
9.23012  -0.0546785  -0.0546785
9.26932  -0.0527561  -0.0527561
9.30848  -0.0509834  -0.0509834
9.3476  -0.0494718  -0.0494718
9.38668  -0.0482527  -0.0482527
9.42573  -0.0472801  -0.0472801
9.46475  -0.0464609  -0.0464609
9.50372  -0.0456919  -0.0456919
9.54266  -0.0448834  -0.0448834
9.58157  -0.0439672  -0.0439672
9.62043  -0.0428981  -0.0428981
9.65926  -0.0416604  -0.0416604
9.69805  -0.0402765  -0.0402765
9.73681  -0.0388073  -0.0388073
9.77552  -0.0373354  -0.0373354
9.8142  -0.0359345  -0.0359345
9.85285  -0.0346408  -0.0346408
9.89145  -0.0334395  -0.0334395
9.93001  -0.0322731  -0.0322731
9.96854  -0.0310658  -0.0310658
10.007  -0.0297509  -0.0297509
10.0455  -0.0282925  -0.0282925
10.0839  -0.0266924  -0.0266924
10.1223  -0.0249856  -0.0249856
10.1606  -0.0232262  -0.0232262
10.1989  -0.0214722  -0.0214722
10.2371  -0.0197725  -0.0197725
10.2754  -0.0181599  -0.0181599
10.3135  -0.0166481  -0.0166481
10.3517  -0.0152328  -0.0152328
10.3898  -0.0138953  -0.0138953
10.4278  -0.0126079  -0.0126079
10.4658  -0.0113439  -0.0113439
10.5038  -0.0100924  -0.0100924
10.5418  -0.00887855  -0.00887855
10.5796  -0.0077768  -0.0077768
10.6175  -0.00689942  -0.00689942
10.6553  -0.00634939  -0.00634939
10.6931  -0.00615686  -0.00615686
10.7308  -0.00624418  -0.00624418
10.7685  -0.00645858  -0.00645858
10.8062  -0.00666449  -0.00666449
10.8438  -0.00683511  -0.00683511
10.8813  -0.00707342  -0.00707342
10.9188  -0.00754245  -0.00754245
10.9563  -0.0083541  -0.0083541
10.9938  -0.00949471  -0.00949471
11.0312  -0.0108332  -0.0108332
11.0685  -0.0121951  -0.0121951
11.1058  -0.0134484  -0.0134484
11.1431  -0.0145524  -0.0145524
11.1803  -0.0155578  -0.0155578
11.2175  -0.0165695  -0.0165695
11.2546  -0.0176961  -0.0176961
11.2917  -0.0190052  -0.0190052
11.3288  -0.0204991  -0.0204991
11.3658  -0.0221203  -0.0221203
11.4028  -0.0237843  -0.0237843
11.4397  -0.0254204  -0.0254204
11.4765  -0.0269983  -0.0269983
11.5134  -0.0285285  -0.0285285
11.5502  -0.0300415  -0.0300415
11.5869  -0.0315649  -0.0315649
11.6236  -0.0331122  -0.0331122
11.6603  -0.0346861  -0.0346861
11.6969  -0.0362859  -0.0362859
11.7334  -0.0379102  -0.0379102
11.7699  -0.0395535  -0.0395535
11.8064  -0.0412029  -0.0412029
11.8428  -0.0428412  -0.0428412
11.8792  -0.0444521  -0.0444521
11.9156  -0.0460236  -0.0460236
11.9519  -0.0475445  -0.0475445
11.9881  -0.0490032  -0.0490032
12.0243  -0.0503957  -0.0503957
12.0604  -0.0517393  -0.0517393
12.0965  -0.0530794  -0.0530794
12.1326  -0.0544727  -0.0544727
12.1686  -0.0559541  -0.0559541
12.2046  -0.0575098  -0.0575098
12.2405  -0.0590834  -0.0590834
12.2764  -0.0606162  -0.0606162
12.3122  -0.0620903  -0.0620903
12.348  -0.0635373  -0.0635373
12.3837  -0.0650037  -0.0650037
12.4194  -0.0665013  -0.0665013
12.455  -0.0679892  -0.0679892
12.4906  -0.0694061  -0.0694061
12.5261  -0.0707253  -0.0707253
12.5616  -0.0719836  -0.0719836
12.597  -0.0732541  -0.0732541
12.6324  -0.074583  -0.074583
12.6678  -0.0759408  -0.0759408
12.7031  -0.077232  -0.077232
12.7383  -0.0783582  -0.0783582
12.7735  -0.0792936  -0.0792936
12.8087  -0.0801206  -0.0801206
12.8438  -0.081003  -0.081003
12.8788  -0.0821157  -0.0821157
12.9138  -0.0835717  -0.0835717
12.9487  -0.0853848  -0.0853848
12.9836  -0.0874798  -0.0874798
13.0185  -0.0897357  -0.0897357
13.0533  -0.0920368  -0.0920368
13.088  -0.0943086  -0.0943086
13.1227  -0.096533  -0.096533
13.1574  -0.0987437  -0.0987437
13.192  -0.101013  -0.101013
13.2265  -0.103433  -0.103433
13.261  -0.106102  -0.106102
13.2954  -0.109098  -0.109098
13.3298  -0.112453  -0.112453
13.3642  -0.116112  -0.116112
13.3985  -0.119907  -0.119907
13.4327  -0.123568  -0.123568
13.4669  -0.126796  -0.126796
13.501  -0.129377  -0.129377
13.5351  -0.131288  -0.131288
13.5691  -0.132712  -0.132712
13.6031  -0.133944  -0.133944
13.637  -0.135219  -0.135219
13.6709  -0.136585  -0.136585
13.7047  -0.1379  -0.1379
13.7385  -0.13897  -0.13897
13.7722  -0.139744  -0.139744
13.8058  -0.140429  -0.140429
13.8395  -0.141437  -0.141437
13.873  -0.143175  -0.143175
13.9065  -0.145796  -0.145796
13.9399  -0.149047  -0.149047
13.9733  -0.152324  -0.152324
14.0067  -0.154901  -0.154901
14.04  -0.156236  -0.156236
14.0732  -0.156192  -0.156192
14.1064  -0.15508  -0.15508
14.1395  -0.153514  -0.153514
14.1726  -0.152153  -0.152153
14.2056  -0.151448  -0.151448
14.2385  -0.151507  -0.151507
14.2714  -0.152109  -0.152109
14.3043  -0.152853  -0.152853
14.3371  -0.153357  -0.153357
14.3698  -0.153407  -0.153407
14.4025  -0.153018  -0.153018
14.4351  -0.152371  -0.152371
14.4677  -0.151696  -0.151696
14.5002  -0.151159  -0.151159
14.5327  -0.1508  -0.1508
14.5651  -0.150554  -0.150554
14.5974  -0.150308  -0.150308
14.6297  -0.149969  -0.149969
14.6619  -0.149516  -0.149516
14.6941  -0.149004  -0.149004
14.7262  -0.148546  -0.148546
14.7583  -0.148258  -0.148258
14.7903  -0.148206  -0.148206
14.8222  -0.148361  -0.148361
14.8541  -0.148605  -0.148605
14.886  -0.148772  -0.148772
14.9177  -0.148707  -0.148707
14.9495  -0.148321  -0.148321
14.9811  -0.147602  -0.147602
15.0127  -0.146601  -0.146601
15.0443  -0.145411  -0.145411
15.0758  -0.144147  -0.144147
15.1072  -0.142935  -0.142935
15.1386  -0.141893  -0.141893
15.1699  -0.141108  -0.141108
15.2011  -0.140607  -0.140607
15.2323  -0.140362  -0.140362
15.2635  -0.140319  -0.140319
15.2946  -0.140436  -0.140436
15.3256  -0.140693  -0.140693
15.3565  -0.141067  -0.141067
15.3874  -0.141498  -0.141498
15.4183  -0.141856  -0.141856
15.4491  -0.141957  -0.141957
15.4798  -0.141617  -0.141617
15.5105  -0.140708  -0.140708
15.5411  -0.139203  -0.139203
15.5716  -0.13719  -0.13719
15.6021  -0.134849  -0.134849
15.6325  -0.132404  -0.132404
15.6629  -0.130059  -0.130059
15.6932  -0.12794  -0.12794
15.7234  -0.126051  -0.126051
15.7536  -0.124299  -0.124299
15.7837  -0.122556  -0.122556
15.8138  -0.120772  -0.120772
15.8438  -0.119038  -0.119038
15.8737  -0.117586  -0.117586
15.9036  -0.116695  -0.116695
15.9334  -0.116562  -0.116562
15.9632  -0.117199  -0.117199
15.9929  -0.118424  -0.118424
16.0225  -0.119939  -0.119939
16.0521  -0.12144  -0.12144
16.0816  -0.122694  -0.122694
16.111  -0.123567  -0.123567
16.1404  -0.123998  -0.123998
16.1697  -0.123976  -0.123976
16.199  -0.123537  -0.123537
16.2282  -0.122772  -0.122772
16.2573  -0.121814  -0.121814
16.2864  -0.12079  -0.12079
16.3154  -0.119747  -0.119747
16.3444  -0.118617  -0.118617
16.3733  -0.117245  -0.117245
16.4021  -0.115491  -0.115491
16.4308  -0.113339  -0.113339
16.4595  -0.11095  -0.11095
16.4882  -0.10861  -0.10861
16.5167  -0.106611  -0.106611
16.5452  -0.105124  -0.105124
16.5737  -0.104128  -0.104128
16.602  -0.103431  -0.103431
16.6303  -0.102762  -0.102762
16.6586  -0.101896  -0.101896
16.6868  -0.10075  -0.10075
16.7149  -0.0994102  -0.0994102
16.743  -0.0980776  -0.0980776
16.7709  -0.0969593  -0.0969593
16.7989  -0.0961597  -0.0961597
16.8267  -0.0956318  -0.0956318
16.8545  -0.0952156  -0.0952156
16.8823  -0.0947348  -0.0947348
16.9099  -0.0940938  -0.0940938
16.9375  -0.0933145  -0.0933145
16.9651  -0.0924968  -0.0924968
16.9925  -0.0917313  -0.0917313
17.0199  -0.0910216  -0.0910216
17.0473  -0.0902624  -0.0902624
17.0745  -0.0892837  -0.0892837
17.1017  -0.0879405  -0.0879405
17.1289  -0.0861982  -0.0861982
17.156  -0.0841728  -0.0841728
17.183  -0.0821016  -0.0821016
17.2099  -0.0802569  -0.0802569
17.2368  -0.0788397  -0.0788397
17.2636  -0.0779046  -0.0779046
17.2903  -0.0773476  -0.0773476
17.317  -0.0769606  -0.0769606
17.3436  -0.0765218  -0.0765218
17.3702  -0.0758756  -0.0758756
17.3966  -0.0749714  -0.0749714
17.423  -0.0738514  -0.0738514
17.4494  -0.0726073  -0.0726073
17.4757  -0.0713354  -0.0713354
17.5019  -0.0701102  -0.0701102
17.528  -0.0689802  -0.0689802
17.5541  -0.0679715  -0.0679715
17.5801  -0.0670903  -0.0670903
17.606  -0.066322  -0.066322
17.6319  -0.0656335  -0.0656335
17.6577  -0.0649894  -0.0649894
17.6834  -0.0643725  -0.0643725
17.7091  -0.0637955  -0.0637955
17.7347  -0.0632901  -0.0632901
17.7602  -0.0628763  -0.0628763
17.7857  -0.062533  -0.062533
17.8111  -0.0621917  -0.0621917
17.8364  -0.0617595  -0.0617595
17.8616  -0.0611566  -0.0611566
17.8868  -0.0603415  -0.0603415
17.9119  -0.0593108  -0.0593108
17.937  -0.0580806  -0.0580806
17.962  -0.0566707  -0.0566707
17.9869  -0.055106  -0.055106
18.0117  -0.0534294  -0.0534294
18.0365  -0.0517084  -0.0517084
18.0612  -0.0500203  -0.0500203
18.0858  -0.0484232  -0.0484232
18.1104  -0.046931  -0.046931
18.1349  -0.0455139  -0.0455139
18.1593  -0.0441223  -0.0441223
18.1836  -0.0427182  -0.0427182
18.2079  -0.0412928  -0.0412928
18.2321  -0.0398614  -0.0398614
18.2563  -0.0384442  -0.0384442
18.2803  -0.0370499  -0.0370499
18.3043  -0.0356738  -0.0356738
18.3283  -0.034309  -0.034309
18.3521  -0.0329585  -0.0329585
18.3759  -0.0316371  -0.0316371
18.3996  -0.0303608  -0.0303608
18.4233  -0.0291314  -0.0291314
18.4468  -0.0279288  -0.0279288
18.4703  -0.0267168  -0.0267168
18.4938  -0.0254598  -0.0254598
18.5171  -0.0241366  -0.0241366
18.5404  -0.0227447  -0.0227447
18.5636  -0.0212927  -0.0212927
18.5868  -0.0197901  -0.0197901
18.6099  -0.0182422  -0.0182422
18.6329  -0.0166558  -0.0166558
18.6558  -0.0150473  -0.0150473
18.6786  -0.0134473  -0.0134473
18.7014  -0.0118938  -0.0118938
18.7241  -0.0104183  -0.0104183
18.7468  -0.0090336  -0.0090336
18.7694  -0.00773203  -0.00773203
18.7919  -0.00649551  -0.00649551
18.8143  -0.00531177  -0.00531177
18.8366  -0.00418714  -0.00418714
18.8589  -0.00314881  -0.00314881
18.8811  -0.00223576  -0.00223576
18.9033  -0.00148349  -0.00148349
18.9253  -0.00091018  -0.00091018
18.9473  -0.000510473  -0.000510473
18.9692  -0.000258271  -0.000258271
18.9911  -0.000115995  -0.000115995
19.0128  -4.53057e-05  -4.53057e-05
19.0345  -1.49863e-05  -1.49863e-05
19.0562  -4.06989e-06  -4.06989e-06
19.0777  -9.02441e-07  -9.02441e-07
19.0992  -2.04522e-07  -2.04522e-07
19.1206  -9.32142e-08  -9.32142e-08
19.1419  -7.25819e-08  -7.25819e-08
19.1632  -5.71339e-08  -5.71339e-08
19.1843  -4.03206e-08  -4.03206e-08
19.2055  -2.46229e-08  -2.46229e-08
19.2265  -1.31507e-08  -1.31507e-08
19.2474  -6.91397e-09  -6.91397e-09
19.2683  -4.40499e-09  -4.40499e-09
19.2891  -3.52467e-09  -3.52467e-09
19.3099  -3.02742e-09  -3.02742e-09
19.3305  -2.51077e-09  -2.51077e-09
19.3511  -1.93295e-09  -1.93295e-09
19.3716  -1.36797e-09  -1.36797e-09
19.3921  -9.20567e-10  -9.20567e-10
19.4124  -6.44511e-10  -6.44511e-10
19.4327  -5.08696e-10  -5.08696e-10
19.4529  -4.42533e-10  -4.42533e-10
19.4731  -3.926e-10  -3.926e-10
19.4931  -3.37323e-10  -3.37323e-10
19.5131  -2.74947e-10  -2.74947e-10
19.533  -2.12952e-10  -2.12952e-10
19.5529  -1.61742e-10  -1.61742e-10
19.5726  -1.27589e-10  -1.27589e-10
19.5923  -1.0861e-10  -1.0861e-10
19.6119  -9.77229e-11  -9.77229e-11
19.6315  -8.84921e-11  -8.84921e-11
19.6509  -7.80006e-11  -7.80006e-11
19.6703  -6.61798e-11  -6.61798e-11
19.6896  -5.43503e-11  -5.43503e-11
19.7089  -4.42498e-11  -4.42498e-11
19.728  -3.70929e-11  -3.70929e-11
19.7471  -3.27807e-11  -3.27807e-11
19.7661  -3.00725e-11  -3.00725e-11
19.785  -2.7629e-11  -2.7629e-11
19.8039  -2.48184e-11  -2.48184e-11
19.8227  -2.16798e-11  -2.16798e-11
19.8414  -1.85311e-11  -1.85311e-11
19.86  -1.57607e-11  -1.57607e-11
19.8785  -1.36961e-11  -1.36961e-11
19.897  -1.23804e-11  -1.23804e-11
19.9154  -1.15065e-11  -1.15065e-11
19.9337  -1.06851e-11  -1.06851e-11
19.9519  -9.73685e-12  -9.73685e-12
19.9701  -8.69328e-12  -8.69328e-12
19.9882  -7.64597e-12  -7.64597e-12
20.0062  -6.69714e-12  -6.69714e-12
20.0241  -5.959e-12  -5.959e-12
20.042  -5.4698e-12  -5.4698e-12
20.0598  -5.13219e-12  -5.13219e-12
20.0774  -4.80446e-12  -4.80446e-12
20.0951  -4.42695e-12  -4.42695e-12
20.1126  -4.01962e-12  -4.01962e-12
20.1301  -3.61096e-12  -3.61096e-12
20.1475  -3.22933e-12  -3.22933e-12
20.1648  -2.92125e-12  -2.92125e-12
20.182  -2.71173e-12  -2.71173e-12
20.1992  -2.56298e-12  -2.56298e-12
20.2162  -2.41408e-12  -2.41408e-12
20.2332  -2.24373e-12  -2.24373e-12
20.2502  -2.06462e-12  -2.06462e-12
20.267  -1.88492e-12  -1.88492e-12
20.2838  -1.71135e-12  -1.71135e-12
20.3005  -1.56668e-12  -1.56668e-12
20.3171  -1.46699e-12  -1.46699e-12
20.3336  -1.39459e-12  -1.39459e-12
20.3501  -1.31959e-12  -1.31959e-12
20.3664  -1.23474e-12  -1.23474e-12
20.3827  -1.14851e-12  -1.14851e-12
20.3989  -1.06188e-12  -1.06188e-12
20.4151  -9.74784e-13  -9.74784e-13
20.4311  -9.00174e-13  -9.00174e-13
20.4471  -8.48803e-13  -8.48803e-13
20.463  -8.10761e-13  -8.10761e-13
20.4788  -7.69609e-13  -7.69609e-13
20.4946  -7.23773e-13  -7.23773e-13
20.5103  -6.793e-13  -6.793e-13
20.5258  -6.34436e-13  -6.34436e-13
20.5413  -5.86996e-13  -5.86996e-13
20.5568  -5.45433e-13  -5.45433e-13
20.5721  -5.17321e-13  -5.17321e-13
20.5874  -4.96111e-13  -4.96111e-13
20.6026  -4.71801e-13  -4.71801e-13
20.6177  -4.45288e-13  -4.45288e-13
20.6327  -4.21157e-13  -4.21157e-13
20.6477  -3.96594e-13  -3.96594e-13
20.6625  -3.68847e-13  -3.68847e-13
20.6773  -3.44125e-13  -3.44125e-13
20.6921  -3.28066e-13  -3.28066e-13
20.7067  -3.15698e-13  -3.15698e-13
20.7212  -3.00352e-13  -3.00352e-13
20.7357  -2.84075e-13  -2.84075e-13
20.7501  -2.70539e-13  -2.70539e-13
20.7644  -2.56518e-13  -2.56518e-13
20.7786  -2.39212e-13  -2.39212e-13
20.7928  -2.23642e-13  -2.23642e-13
20.8069  -2.1423e-13  -2.1423e-13
20.8209  -2.06785e-13  -2.06785e-13
20.8348  -1.96482e-13  -1.96482e-13
20.8486  -1.85943e-13  -1.85943e-13
20.8624  -1.78253e-13  -1.78253e-13
20.876  -1.70018e-13  -1.70018e-13
20.8896  -1.58556e-13  -1.58556e-13
20.9031  -1.48238e-13  -1.48238e-13
20.9166  -1.42697e-13  -1.42697e-13
20.9299  -1.38133e-13  -1.38133e-13
20.9432  -1.30798e-13  -1.30798e-13
20.9564  -1.23635e-13  -1.23635e-13
20.9695  -1.19343e-13  -1.19343e-13
20.9825  -1.1444e-13  -1.1444e-13
20.9954  -1.06396e-13  -1.06396e-13
21.0083  -9.92361e-14  -9.92361e-14
21.0211  -9.60665e-14  -9.60665e-14
21.0338  -9.32633e-14  -9.32633e-14
21.0464  -8.77355e-14  -8.77355e-14
21.0589  -8.26448e-14  -8.26448e-14
21.0714  -8.04266e-14  -8.04266e-14
21.0838  -7.75259e-14  -7.75259e-14
21.0961  -7.15517e-14  -7.15517e-14
21.1083  -6.63686e-14  -6.63686e-14
21.1204  -6.47265e-14  -6.47265e-14
21.1325  -6.30436e-14  -6.30436e-14
21.1444  -5.86431e-14  -5.86431e-14
21.1563  -5.48714e-14  -5.48714e-14
21.1681  -5.39864e-14  -5.39864e-14
21.1799  -5.23373e-14  -5.23373e-14
21.1915  -4.76457e-14  -4.76457e-14
21.2031  -4.37442e-14  -4.37442e-14
21.2146  -4.31405e-14  -4.31405e-14
21.226  -4.21984e-14  -4.21984e-14
21.2373  -3.85062e-14  -3.85062e-14
21.2485  -3.56015e-14  -3.56015e-14
21.2597  -3.56254e-14  -3.56254e-14
21.2707  -3.47898e-14  -3.47898e-14
21.2817  -3.08991e-14  -3.08991e-14
21.2926  -2.78547e-14  -2.78547e-14
21.3034  -2.80023e-14  -2.80023e-14
21.3142  -2.75705e-14  -2.75705e-14
21.3249  -2.43147e-14  -2.43147e-14
21.3354  -2.19967e-14  -2.19967e-14
21.3459  -2.2686e-14  -2.2686e-14
21.3563  -2.24019e-14  -2.24019e-14
21.3667  -1.90016e-14  -1.90016e-14
21.3769  -1.65467e-14  -1.65467e-14
21.3871  -1.728e-14  -1.728e-14
21.3972  -1.72163e-14  -1.72163e-14
21.4072  -1.42097e-14  -1.42097e-14
21.4171  -1.22993e-14  -1.22993e-14
21.4269  -1.35201e-14  -1.35201e-14
21.4367  -1.3629e-14  -1.3629e-14
21.4464  -1.05069e-14  -1.05069e-14
21.4559  -8.46779e-15  -8.46779e-15
21.4654  -9.69982e-15  -9.69982e-15
21.4749  -9.91698e-15  -9.91698e-15
21.4842  -7.02057e-15  -7.02057e-15
21.4935  -5.40089e-15  -5.40089e-15
21.5026  -7.0912e-15  -7.0912e-15
21.5117  -7.49812e-15  -7.49812e-15
21.5207  -4.4974e-15  -4.4974e-15
21.5297  -2.75949e-15  -2.75949e-15
21.5385  -4.45892e-15  -4.45892e-15
21.5473  -4.90595e-15  -4.90595e-15
21.5559  -2.00606e-15  -2.00606e-15
21.5645  -6.00144e-16  -6.00144e-16
21.5731  -2.75128e-15  -2.75128e-15
21.5815  -3.40309e-15  -3.40309e-15
21.5898  -3.95621e-16  -3.95621e-16
21.5981  1.11701e-15  1.11701e-15
21.6063  -1.06472e-15  -1.06472e-15
21.6144  -1.71681e-15  -1.71681e-15
21.6224  1.29087e-15  1.29087e-15
21.6303  2.53271e-15  2.53271e-15
21.6381  -1.17428e-16  -1.17428e-16
21.6459  -9.91156e-16  -9.91156e-16
21.6536  2.14108e-15  2.14108e-15
21.6612  3.47704e-15  3.47704e-15
21.6687  7.52141e-16  7.52141e-16
21.6761  -1.0187e-16  -1.0187e-16
21.6835  3.12186e-15  3.12186e-15
21.6907  4.22845e-15  4.22845e-15
21.6979  9.90648e-16  9.90648e-16
21.705  -1.07545e-16  -1.07545e-16
21.712  3.27323e-15  3.27323e-15
21.7189  4.45909e-15  4.45909e-15
21.7258  1.07467e-15  1.07467e-15
21.7325  0  0
21.7392  0  0
21.7458  0  0
21.7523  0  0
21.7587  0  0
21.765  0  0
21.7713  0  0
21.7775  0  0
21.7836  0  0
21.7896  0  0
21.7955  0  0
21.8013  0  0
21.8071  0  0
21.8127  0  0
21.8183  0  0
21.8238  0  0
21.8292  0  0
21.8345  0  0
21.8398  0  0
21.845  0  0
21.85  0  0
21.855  0  0
21.8599  0  0
21.8648  0  0
21.8695  0  0
21.8742  0  0
21.8787  0  0
21.8832  0  0
21.8876  0  0
21.8919  0  0
21.8962  0  0
21.9003  0  0
21.9044  0  0
21.9084  0  0
21.9123  0  0
21.9161  0  0
21.9198  0  0
21.9234  0  0
21.927  0  0
21.9305  0  0
21.9339  0  0
21.9372  0  0
21.9404  0  0
21.9435  0  0
21.9466  0  0
21.9495  0  0
21.9524  0  0
21.9552  0  0
21.9579  0  0
21.9606  0  0
21.9631  0  0
21.9656  0  0
21.9679  0  0
21.9702  0  0
21.9724  0  0
21.9745  0  0
21.9766  0  0
21.9785  0  0
21.9804  0  0
21.9822  0  0
21.9839  0  0
21.9855  0  0
21.987  0  0
21.9885  0  0
21.9898  0  0
21.9911  0  0
21.9923  0  0
21.9934  0  0
21.9944  0  0
21.9953  0  0
21.9962  0  0
21.9969  0  0
21.9976  0  0
21.9982  0  0
21.9987  0  0
21.9991  0  0
21.9995  0  0
21.9997  0  0
21.9999  0  0
22  0  0
