-22  8.66058e-12  8.66058e-12
-22  -2.06187e-11  -2.06187e-11
-21.9999  -2.12817e-11  -2.12817e-11
-21.9999  -2.12115e-11  -2.12115e-11
-21.9998  -2.09913e-11  -2.09913e-11
-21.9997  -2.08034e-11  -2.08034e-11
-21.9996  -2.07244e-11  -2.07244e-11
-21.9994  -2.07395e-11  -2.07395e-11
-21.9992  -2.07963e-11  -2.07963e-11
-21.999  -2.08509e-11  -2.08509e-11
-21.9988  -2.0874e-11  -2.0874e-11
-21.9986  -2.08531e-11  -2.08531e-11
-21.9983  -2.08034e-11  -2.08034e-11
-21.9981  -2.07594e-11  -2.07594e-11
-21.9978  -2.0751e-11  -2.0751e-11
-21.9975  -2.07808e-11  -2.07808e-11
-21.9971  -2.08287e-11  -2.08287e-11
-21.9968  -2.08669e-11  -2.08669e-11
-21.9964  -2.08762e-11  -2.08762e-11
-21.996  -2.08527e-11  -2.08527e-11
-21.9955  -2.08127e-11  -2.08127e-11
-21.9951  -2.07843e-11  -2.07843e-11
-21.9946  -2.07883e-11  -2.07883e-11
-21.9941  -2.08252e-11  -2.08252e-11
-21.9936  -2.08753e-11  -2.08753e-11
-21.9931  -2.0914e-11  -2.0914e-11
-21.9926  -2.09229e-11  -2.09229e-11
-21.992  -2.09015e-11  -2.09015e-11
-21.9914  -2.08682e-11  -2.08682e-11
-21.9908  -2.08487e-11  -2.08487e-11
-21.9901  -2.08616e-11  -2.08616e-11
-21.9895  -2.09055e-11  -2.09055e-11
-21.9888  -2.09615e-11  -2.09615e-11
-21.9881  -2.10037e-11  -2.10037e-11
-21.9874  -2.10166e-11  -2.10166e-11
-21.9866  -2.10006e-11  -2.10006e-11
-21.9859  -2.09739e-11  -2.09739e-11
-21.9851  -2.09633e-11  -2.09633e-11
-21.9843  -2.09855e-11  -2.09855e-11
-21.9835  -2.10383e-11  -2.10383e-11
-21.9826  -2.11014e-11  -2.11014e-11
-21.9817  -2.11507e-11  -2.11507e-11
-21.9809  -2.11693e-11  -2.11693e-11
-21.9799  -2.116e-11  -2.116e-11
-21.979  -2.11422e-11  -2.11422e-11
-21.9781  -2.11418e-11  -2.11418e-11
-21.9771  -2.11747e-11  -2.11747e-11
-21.9761  -2.12377e-11  -2.12377e-11
-21.9751  -2.13106e-11  -2.13106e-11
-21.974  -2.13683e-11  -2.13683e-11
-21.973  -2.13954e-11  -2.13954e-11
-21.9719  -2.13949e-11  -2.13949e-11
-21.9708  -2.13869e-11  -2.13869e-11
-21.9697  -2.1398e-11  -2.1398e-11
-21.9685  -2.14433e-11  -2.14433e-11
-21.9674  -2.15184e-11  -2.15184e-11
-21.9662  -2.16028e-11  -2.16028e-11
-21.965  -2.16712e-11  -2.16712e-11
-21.9637  -2.17085e-11  -2.17085e-11
-21.9625  -2.17187e-11  -2.17187e-11
-21.9612  -2.17227e-11  -2.17227e-11
-21.9599  -2.17471e-11  -2.17471e-11
-21.9586  -2.18062e-11  -2.18062e-11
-21.9573  -2.18954e-11  -2.18954e-11
-21.9559  -2.19931e-11  -2.19931e-11
-21.9545  -2.20744e-11  -2.20744e-11
-21.9531  -2.21241e-11  -2.21241e-11
-21.9517  -2.21468e-11  -2.21468e-11
-21.9503  -2.2165e-11  -2.2165e-11
-21.9488  -2.22041e-11  -2.22041e-11
-21.9473  -2.22796e-11  -2.22796e-11
-21.9458  -2.23848e-11  -2.23848e-11
-21.9443  -2.2498e-11  -2.2498e-11
-21.9427  -2.2594e-11  -2.2594e-11
-21.9412  -2.26579e-11  -2.26579e-11
-21.9396  -2.26952e-11  -2.26952e-11
-21.938  -2.2729e-11  -2.2729e-11
-21.9364  -2.27854e-11  -2.27854e-11
-21.9347  -2.28786e-11  -2.28786e-11
-21.933  -2.30025e-11  -2.30025e-11
-21.9313  -2.31335e-11  -2.31335e-11
-21.9296  -2.32463e-11  -2.32463e-11
-21.9279  -2.33267e-11  -2.33267e-11
-21.9261  -2.33809e-11  -2.33809e-11
-21.9243  -2.34324e-11  -2.34324e-11
-21.9225  -2.35079e-11  -2.35079e-11
-21.9207  -2.36216e-11  -2.36216e-11
-21.9189  -2.37655e-11  -2.37655e-11
-21.917  -2.39169e-11  -2.39169e-11
-21.9151  -2.40484e-11  -2.40484e-11
-21.9132  -2.41474e-11  -2.41474e-11
-21.9113  -2.42211e-11  -2.42211e-11
-21.9093  -2.42926e-11  -2.42926e-11
-21.9074  -2.43899e-11  -2.43899e-11
-21.9054  -2.45258e-11  -2.45258e-11
-21.9034  -2.46927e-11  -2.46927e-11
-21.9013  -2.48659e-11  -2.48659e-11
-21.8993  -2.50196e-11  -2.50196e-11
-21.8972  -2.51395e-11  -2.51395e-11
-21.8951  -2.52341e-11  -2.52341e-11
-21.893  -2.53282e-11  -2.53282e-11
-21.8909  -2.5449e-11  -2.5449e-11
-21.8887  -2.56102e-11  -2.56102e-11
-21.8865  -2.58025e-11  -2.58025e-11
-21.8843  -2.60006e-11  -2.60006e-11
-21.8821  -2.61782e-11  -2.61782e-11
-21.8799  -2.63217e-11  -2.63217e-11
-21.8776  -2.64398e-11  -2.64398e-11
-21.8753  -2.65588e-11  -2.65588e-11
-21.873  -2.67062e-11  -2.67062e-11
-21.8707  -2.6895e-11  -2.6895e-11
-21.8683  -2.71152e-11  -2.71152e-11
-21.866  -2.73413e-11  -2.73413e-11
-21.8636  -2.75451e-11  -2.75451e-11
-21.8611  -2.77148e-11  -2.77148e-11
-21.8587  -2.78595e-11  -2.78595e-11
-21.8563  -2.80061e-11  -2.80061e-11
-21.8538  -2.81824e-11  -2.81824e-11
-21.8513  -2.84018e-11  -2.84018e-11
-21.8488  -2.86531e-11  -2.86531e-11
-21.8462  -2.89094e-11  -2.89094e-11
-21.8437  -2.9143e-11  -2.9143e-11
-21.8411  -2.93419e-11  -2.93419e-11
-21.8385  -2.95155e-11  -2.95155e-11
-21.8359  -2.96923e-11  -2.96923e-11
-21.8332  -2.9901e-11  -2.9901e-11
-21.8306  -3.01537e-11  -3.01537e-11
-21.8279  -3.04388e-11  -3.04388e-11
-21.8252  -3.07288e-11  -3.07288e-11
-21.8224  -3.09953e-11  -3.09953e-11
-21.8197  -3.12257e-11  -3.12257e-11
-21.8169  -3.14318e-11  -3.14318e-11
-21.8141  -3.16418e-11  -3.16418e-11
-21.8113  -3.18857e-11  -3.18857e-11
-21.8085  -3.21752e-11  -3.21752e-11
-21.8056  -3.24976e-11  -3.24976e-11
-21.8028  -3.28245e-11  -3.28245e-11
-21.7999  -3.31269e-11  -3.31269e-11
-21.7969  -3.33924e-11  -3.33924e-11
-21.794  -3.3634e-11  -3.3634e-11
-21.791  -3.38809e-11  -3.38809e-11
-21.7881  -3.41634e-11  -3.41634e-11
-21.7851  -3.44929e-11  -3.44929e-11
-21.782  -3.48562e-11  -3.48562e-11
-21.779  -3.52234e-11  -3.52234e-11
-21.7759  -3.55654e-11  -3.55654e-11
-21.7728  -3.58696e-11  -3.58696e-11
-21.7697  -3.61498e-11  -3.61498e-11
-21.7666  -3.64371e-11  -3.64371e-11
-21.7635  -3.67617e-11  -3.67617e-11
-21.7603  -3.71352e-11  -3.71352e-11
-21.7571  -3.75433e-11  -3.75433e-11
-21.7539  -3.7955e-11  -3.7955e-11
-21.7507  -3.834e-11  -3.834e-11
-21.7474  -3.86869e-11  -3.86869e-11
-21.7441  -3.90097e-11  -3.90097e-11
-21.7408  -3.9341e-11  -3.9341e-11
-21.7375  -3.97118e-11  -3.97118e-11
-21.7342  -4.01333e-11  -4.01333e-11
-21.7308  -4.05907e-11  -4.05907e-11
-21.7275  -4.10508e-11  -4.10508e-11
-21.7241  -4.14829e-11  -4.14829e-11
-21.7206  -4.18763e-11  -4.18763e-11
-21.7172  -4.22463e-11  -4.22463e-11
-21.7137  -4.26255e-11  -4.26255e-11
-21.7102  -4.30469e-11  -4.30469e-11
-21.7067  -4.35208e-11  -4.35208e-11
-21.7032  -4.4031e-11  -4.4031e-11
-21.6997  -4.45444e-11  -4.45444e-11
-21.6961  -4.50285e-11  -4.50285e-11
-21.6925  -4.5473e-11  -4.5473e-11
-21.6889  -4.5894e-11  -4.5894e-11
-21.6853  -4.63261e-11  -4.63261e-11
-21.6816  -4.68026e-11  -4.68026e-11
-21.678  -4.73337e-11  -4.73337e-11
-21.6743  -4.79026e-11  -4.79026e-11
-21.6705  -4.84733e-11  -4.84733e-11
-21.6668  -4.90142e-11  -4.90142e-11
-21.6631  -4.95147e-11  -4.95147e-11
-21.6593  -4.99916e-11  -4.99916e-11
-21.6555  -5.04814e-11  -5.04814e-11
-21.6517  -5.10179e-11  -5.10179e-11
-21.6478  -5.16116e-11  -5.16116e-11
-21.644  -5.2244e-11  -5.2244e-11
-21.6401  -5.28782e-11  -5.28782e-11
-21.6362  -5.34808e-11  -5.34808e-11
-21.6323  -5.40421e-11  -5.40421e-11
-21.6283  -5.45804e-11  -5.45804e-11
-21.6244  -5.51333e-11  -5.51333e-11
-21.6204  -5.57359e-11  -5.57359e-11
-21.6164  -5.63976e-11  -5.63976e-11
-21.6123  -5.70993e-11  -5.70993e-11
-21.6083  -5.78027e-11  -5.78027e-11
-21.6042  -5.84733e-11  -5.84733e-11
-21.6001  -5.91012e-11  -5.91012e-11
-21.596  -5.97065e-11  -5.97065e-11
-21.5919  -6.03282e-11  -6.03282e-11
-21.5877  -6.10024e-11  -6.10024e-11
-21.5836  -6.17387e-11  -6.17387e-11
-21.5794  -6.25158e-11  -6.25158e-11
-21.5752  -6.32947e-11  -6.32947e-11
-21.5709  -6.40395e-11  -6.40395e-11
-21.5667  -6.47403e-11  -6.47403e-11
-21.5624  -6.54188e-11  -6.54188e-11
-21.5581  -6.6116e-11  -6.6116e-11
-21.5538  -6.68683e-11  -6.68683e-11
-21.5494  -6.76859e-11  -6.76859e-11
-21.5451  -6.85461e-11  -6.85461e-11
-21.5407  -6.94067e-11  -6.94067e-11
-21.5363  -7.02328e-11  -7.02328e-11
-21.5319  -7.10135e-11  -7.10135e-11
-21.5274  -7.1772e-11  -7.1772e-11
-21.523  -7.25518e-11  -7.25518e-11
-21.5185  -7.33898e-11  -7.33898e-11
-21.514  -7.42957e-11  -7.42957e-11
-21.5095  -7.52461e-11  -7.52461e-11
-21.5049  -7.61969e-11  -7.61969e-11
-21.5004  -7.71113e-11  -7.71113e-11
-21.4958  -7.79794e-11  -7.79794e-11
-21.4912  -7.88259e-11  -7.88259e-11
-21.4865  -7.96954e-11  -7.96954e-11
-21.4819  -8.06271e-11  -8.06271e-11
-21.4772  -8.16303e-11  -8.16303e-11
-21.4725  -8.26788e-11  -8.26788e-11
-21.4678  -8.37277e-11  -8.37277e-11
-21.4631  -8.47389e-11  -8.47389e-11
-21.4583  -8.57026e-11  -8.57026e-11
-21.4536  -8.66454e-11  -8.66454e-11
-21.4488  -8.76135e-11  -8.76135e-11
-21.4439  -8.86474e-11  -8.86474e-11
-21.4391  -8.97562e-11  -8.97562e-11
-21.4343  -9.09127e-11  -9.09127e-11
-21.4294  -9.20691e-11  -9.20691e-11
-21.4245  -9.31864e-11  -9.31864e-11
-21.4196  -9.42549e-11  -9.42549e-11
-21.4146  -9.53025e-11  -9.53025e-11
-21.4097  -9.63785e-11  -9.63785e-11
-21.4047  -9.75243e-11  -9.75243e-11
-21.3997  -9.87491e-11  -9.87491e-11
-21.3947  -1.00023e-10  -1.00023e-10
-21.3896  -1.01297e-10  -1.01297e-10
-21.3846  -1.0253e-10  -1.0253e-10
-21.3795  -1.03714e-10  -1.03714e-10
-21.3744  -1.04877e-10  -1.04877e-10
-21.3692  -1.06071e-10  -1.06071e-10
-21.3641  -1.07339e-10  -1.07339e-10
-21.3589  -1.0869e-10  -1.0869e-10
-21.3537  -1.10094e-10  -1.10094e-10
-21.3485  -1.11497e-10  -1.11497e-10
-21.3433  -1.12856e-10  -1.12856e-10
-21.3381  -1.14166e-10  -1.14166e-10
-21.3328  -1.15455e-10  -1.15455e-10
-21.3275  -1.16779e-10  -1.16779e-10
-21.3222  -1.18182e-10  -1.18182e-10
-21.3169  -1.19671e-10  -1.19671e-10
-21.3115  -1.21216e-10  -1.21216e-10
-21.3061  -1.2276e-10  -1.2276e-10
-21.3007  -1.24259e-10  -1.24259e-10
-21.2953  -1.25706e-10  -1.25706e-10
-21.2899  -1.27134e-10  -1.27134e-10
-21.2845  -1.286e-10  -1.286e-10
-21.279  -1.30151e-10  -1.30151e-10
-21.2735  -1.31792e-10  -1.31792e-10
-21.268  -1.33491e-10  -1.33491e-10
-21.2624  -1.3519e-10  -1.3519e-10
-21.2569  -1.36843e-10  -1.36843e-10
-21.2513  -1.38441e-10  -1.38441e-10
-21.2457  -1.40022e-10  -1.40022e-10
-21.2401  -1.41644e-10  -1.41644e-10
-21.2344  -1.43356e-10  -1.43356e-10
-21.2288  -1.45164e-10  -1.45164e-10
-21.2231  -1.47033e-10  -1.47033e-10
-21.2174  -1.48902e-10  -1.48902e-10
-21.2117  -1.50722e-10  -1.50722e-10
-21.206  -1.52488e-10  -1.52488e-10
-21.2002  -1.54236e-10  -1.54236e-10
-21.1944  -1.56029e-10  -1.56029e-10
-21.1886  -1.57919e-10  -1.57919e-10
-21.1828  -1.59911e-10  -1.59911e-10
-21.1769  -1.61966e-10  -1.61966e-10
-21.1711  -1.64021e-10  -1.64021e-10
-21.1652  -1.66027e-10  -1.66027e-10
-21.1593  -1.67975e-10  -1.67975e-10
-21.1534  -1.69909e-10  -1.69909e-10
-21.1474  -1.71891e-10  -1.71891e-10
-21.1415  -1.73976e-10  -1.73976e-10
-21.1355  -1.76169e-10  -1.76169e-10
-21.1295  -1.7843e-10  -1.7843e-10
-21.1234  -1.8069e-10  -1.8069e-10
-21.1174  -1.82899e-10  -1.82899e-10
-21.1113  -1.8505e-10  -1.8505e-10
-21.1052  -1.87186e-10  -1.87186e-10
-21.0991  -1.89377e-10  -1.89377e-10
-21.093  -1.91676e-10  -1.91676e-10
-21.0869  -1.94092e-10  -1.94092e-10
-21.0807  -1.96578e-10  -1.96578e-10
-21.0745  -1.99065e-10  -1.99065e-10
-21.0683  -2.01498e-10  -2.01498e-10
-21.0621  -2.03872e-10  -2.03872e-10
-21.0558  -2.06232e-10  -2.06232e-10
-21.0496  -2.08653e-10  -2.08653e-10
-21.0433  -2.1119e-10  -2.1119e-10
-21.0369  -2.1385e-10  -2.1385e-10
-21.0306  -2.16585e-10  -2.16585e-10
-21.0243  -2.19321e-10  -2.19321e-10
-21.0179  -2.22002e-10  -2.22002e-10
-21.0115  -2.24622e-10  -2.24622e-10
-21.0051  -2.27231e-10  -2.27231e-10
-20.9987  -2.29905e-10  -2.29905e-10
-20.9922  -2.32704e-10  -2.32704e-10
-20.9857  -2.35635e-10  -2.35635e-10
-20.9792  -2.38644e-10  -2.38644e-10
-20.9727  -2.41656e-10  -2.41656e-10
-20.9662  -2.4461e-10  -2.4461e-10
-20.9596  -2.47503e-10  -2.47503e-10
-20.9531  -2.50386e-10  -2.50386e-10
-20.9465  -2.5334e-10  -2.5334e-10
-20.9399  -2.56429e-10  -2.56429e-10
-20.9332  -2.59659e-10  -2.59659e-10
-20.9266  -2.62972e-10  -2.62972e-10
-20.9199  -2.66288e-10  -2.66288e-10
-20.9132  -2.69545e-10  -2.69545e-10
-20.9065  -2.7274e-10  -2.7274e-10
-20.8998  -2.75926e-10  -2.75926e-10
-20.893  -2.79192e-10  -2.79192e-10
-20.8862  -2.82602e-10  -2.82602e-10
-20.8794  -2.86163e-10  -2.86163e-10
-20.8726  -2.89813e-10  -2.89813e-10
-20.8658  -2.93466e-10  -2.93466e-10
-20.8589  -2.97059e-10  -2.97059e-10
-20.8521  -3.00588e-10  -3.00588e-10
-20.8452  -3.04113e-10  -3.04113e-10
-20.8382  -3.07724e-10  -3.07724e-10
-20.8313  -3.1149e-10  -3.1149e-10
-20.8243  -3.15417e-10  -3.15417e-10
-20.8174  -3.19441e-10  -3.19441e-10
-20.8104  -3.23468e-10  -3.23468e-10
-20.8034  -3.27435e-10  -3.27435e-10
-20.7963  -3.31336e-10  -3.31336e-10
-20.7893  -3.35236e-10  -3.35236e-10
-20.7822  -3.3923e-10  -3.3923e-10
-20.7751  -3.43393e-10  -3.43393e-10
-20.768  -3.47728e-10  -3.47728e-10
-20.7608  -3.52166e-10  -3.52166e-10
-20.7537  -3.5661e-10  -3.5661e-10
-20.7465  -3.60992e-10  -3.60992e-10
-20.7393  -3.65307e-10  -3.65307e-10
-20.7321  -3.69626e-10  -3.69626e-10
-20.7249  -3.74048e-10  -3.74048e-10
-20.7176  -3.78652e-10  -3.78652e-10
-20.7103  -3.8344e-10  -3.8344e-10
-20.703  -3.8834e-10  -3.8834e-10
-20.6957  -3.93249e-10  -3.93249e-10
-20.6884  -3.98092e-10  -3.98092e-10
-20.681  -4.02871e-10  -4.02871e-10
-20.6736  -4.07656e-10  -4.07656e-10
-20.6663  -4.12556e-10  -4.12556e-10
-20.6588  -4.17652e-10  -4.17652e-10
-20.6514  -4.22946e-10  -4.22946e-10
-20.6439  -4.28362e-10  -4.28362e-10
-20.6365  -4.33788e-10  -4.33788e-10
-20.629  -4.39149e-10  -4.39149e-10
-20.6215  -4.44445e-10  -4.44445e-10
-20.6139  -4.49752e-10  -4.49752e-10
-20.6064  -4.55187e-10  -4.55187e-10
-20.5988  -4.60833e-10  -4.60833e-10
-20.5912  -4.66694e-10  -4.66694e-10
-20.5836  -4.72685e-10  -4.72685e-10
-20.5759  -4.78691e-10  -4.78691e-10
-20.5683  -4.84631e-10  -4.84631e-10
-20.5606  -4.90507e-10  -4.90507e-10
-20.5529  -4.96401e-10  -4.96401e-10
-20.5452  -5.02434e-10  -5.02434e-10
-20.5375  -5.08698e-10  -5.08698e-10
-20.5297  -5.15193e-10  -5.15193e-10
-20.522  -5.21831e-10  -5.21831e-10
-20.5142  -5.28486e-10  -5.28486e-10
-20.5063  -5.35076e-10  -5.35076e-10
-20.4985  -5.41604e-10  -5.41604e-10
-20.4907  -5.48157e-10  -5.48157e-10
-20.4828  -5.54864e-10  -5.54864e-10
-20.4749  -5.61821e-10  -5.61821e-10
-20.467  -5.69031e-10  -5.69031e-10
-20.4591  -5.76395e-10  -5.76395e-10
-20.4511  -5.8378e-10  -5.8378e-10
-20.4431  -5.91101e-10  -5.91101e-10
-20.4351  -5.98364e-10  -5.98364e-10
-20.4271  -6.0566e-10  -6.0566e-10
-20.4191  -6.13128e-10  -6.13128e-10
-20.4111  -6.20867e-10  -6.20867e-10
-20.403  -6.28881e-10  -6.28881e-10
-20.3949  -6.37063e-10  -6.37063e-10
-20.3868  -6.45272e-10  -6.45272e-10
-20.3787  -6.53419e-10  -6.53419e-10
-20.3705  -6.61512e-10  -6.61512e-10
-20.3623  -6.69651e-10  -6.69651e-10
-20.3542  -6.77977e-10  -6.77977e-10
-20.346  -6.86601e-10  -6.86601e-10
-20.3377  -6.95524e-10  -6.95524e-10
-20.3295  -7.04632e-10  -7.04632e-10
-20.3212  -7.13773e-10  -7.13773e-10
-20.3129  -7.22854e-10  -7.22854e-10
-20.3046  -7.3189e-10  -7.3189e-10
-20.2963  -7.40985e-10  -7.40985e-10
-20.288  -7.50287e-10  -7.50287e-10
-20.2796  -7.59914e-10  -7.59914e-10
-20.2712  -7.69868e-10  -7.69868e-10
-20.2628  -7.80026e-10  -7.80026e-10
-20.2544  -7.90224e-10  -7.90224e-10
-20.2459  -8.00368e-10  -8.00368e-10
-20.2375  -8.10477e-10  -8.10477e-10
-20.229  -8.20662e-10  -8.20662e-10
-20.2205  -8.31077e-10  -8.31077e-10
-20.212  -8.41847e-10  -8.41847e-10
-20.2034  -8.52976e-10  -8.52976e-10
-20.1949  -8.6433e-10  -8.6433e-10
-20.1863  -8.75732e-10  -8.75732e-10
-20.1777  -8.87086e-10  -8.87086e-10
-20.1691  -8.98423e-10  -8.98423e-10
-20.1605  -9.09858e-10  -9.09858e-10
-20.1518  -9.21547e-10  -9.21547e-10
-20.1431  -9.33623e-10  -9.33623e-10
-20.1344  -9.46095e-10  -9.46095e-10
-20.1257  -9.58818e-10  -9.58818e-10
-20.117  -9.71596e-10  -9.71596e-10
-20.1082  -9.84337e-10  -9.84337e-10
-20.0995  -9.97085e-10  -9.97085e-10
-20.0907  -1.00996e-09  -1.00996e-09
-20.0819  -1.02311e-09  -1.02311e-09
-20.073  -1.03669e-09  -1.03669e-09
-20.0642  -1.05071e-09  -1.05071e-09
-20.0553  -1.065e-09  -1.065e-09
-20.0464  -1.07936e-09  -1.07936e-09
-20.0375  -1.0937e-09  -1.0937e-09
-20.0286  -1.10808e-09  -1.10808e-09
-20.0196  -1.12262e-09  -1.12262e-09
-20.0107  -1.13747e-09  -1.13747e-09
-20.0017  -1.15278e-09  -1.15278e-09
-19.9927  -1.16858e-09  -1.16858e-09
-19.9837  -1.1847e-09  -1.1847e-09
-19.9746  -1.20088e-09  -1.20088e-09
-19.9656  -1.21706e-09  -1.21706e-09
-19.9565  -1.23333e-09  -1.23333e-09
-19.9474  -1.24983e-09  -1.24983e-09
-19.9383  -1.26666e-09  -1.26666e-09
-19.9291  -1.28398e-09  -1.28398e-09
-19.92  -1.30186e-09  -1.30186e-09
-19.9108  -1.3201e-09  -1.3201e-09
-19.9016  -1.33839e-09  -1.33839e-09
-19.8924  -1.3567e-09  -1.3567e-09
-19.8831  -1.3752e-09  -1.3752e-09
-19.8739  -1.394e-09  -1.394e-09
-19.8646  -1.41316e-09  -1.41316e-09
-19.8553  -1.43284e-09  -1.43284e-09
-19.846  -1.45316e-09  -1.45316e-09
-19.8367  -1.47389e-09  -1.47389e-09
-19.8273  -1.49464e-09  -1.49464e-09
-19.818  -1.51542e-09  -1.51542e-09
-19.8086  -1.53655e-09  -1.53655e-09
-19.7992  -1.55812e-09  -1.55812e-09
-19.7897  -1.58005e-09  -1.58005e-09
-19.7803  -1.6025e-09  -1.6025e-09
-19.7708  -1.62572e-09  -1.62572e-09
-19.7614  -1.64941e-09  -1.64941e-09
-19.7519  -1.67304e-09  -1.67304e-09
-19.7423  -1.6967e-09  -1.6967e-09
-19.7328  -1.72097e-09  -1.72097e-09
-19.7232  -1.74591e-09  -1.74591e-09
-19.7137  -1.77117e-09  -1.77117e-09
-19.7041  -1.79692e-09  -1.79692e-09
-19.6944  -1.82363e-09  -1.82363e-09
-19.6848  -1.85092e-09  -1.85092e-09
-19.6752  -1.87792e-09  -1.87792e-09
-19.6655  -1.9049e-09  -1.9049e-09
-19.6558  -1.93296e-09  -1.93296e-09
-19.6461  -1.96213e-09  -1.96213e-09
-19.6363  -1.99148e-09  -1.99148e-09
-19.6266  -2.02116e-09  -2.02116e-09
-19.6168  -2.05218e-09  -2.05218e-09
-19.607  -2.08397e-09  -2.08397e-09
-19.5972  -2.11492e-09  -2.11492e-09
-19.5874  -2.14559e-09  -2.14559e-09
-19.5776  -2.17827e-09  -2.17827e-09
-19.5677  -2.21295e-09  -2.21295e-09
-19.5578  -2.24744e-09  -2.24744e-09
-19.5479  -2.28182e-09  -2.28182e-09
-19.538  -2.31831e-09  -2.31831e-09
-19.5281  -2.35603e-09  -2.35603e-09
-19.5181  -2.39156e-09  -2.39156e-09
-19.5081  -2.42595e-09  -2.42595e-09
-19.4981  -2.46424e-09  -2.46424e-09
-19.4881  -2.50653e-09  -2.50653e-09
-19.4781  -2.54758e-09  -2.54758e-09
-19.4681  -2.58726e-09  -2.58726e-09
-19.458  -2.63106e-09  -2.63106e-09
-19.4479  -2.67751e-09  -2.67751e-09
-19.4378  -2.71826e-09  -2.71826e-09
-19.4277  -2.75489e-09  -2.75489e-09
-19.4175  -2.7996e-09  -2.7996e-09
-19.4074  -2.85318e-09  -2.85318e-09
-19.3972  -2.9022e-09  -2.9022e-09
-19.387  -2.94581e-09  -2.94581e-09
-19.3768  -2.99965e-09  -2.99965e-09
-19.3665  -3.06188e-09  -3.06188e-09
-19.3563  -3.10868e-09  -3.10868e-09
-19.346  -3.14031e-09  -3.14031e-09
-19.3357  -3.18956e-09  -3.18956e-09
-19.3254  -3.26042e-09  -3.26042e-09
-19.3151  -3.3129e-09  -3.3129e-09
-19.3047  -3.3432e-09  -3.3432e-09
-19.2943  -3.40664e-09  -3.40664e-09
-19.2839  -3.50854e-09  -3.50854e-09
-19.2735  -3.56694e-09  -3.56694e-09
-19.2631  -3.56118e-09  -3.56118e-09
-19.2527  -3.59116e-09  -3.59116e-09
-19.2422  -3.67219e-09  -3.67219e-09
-19.2317  -3.64706e-09  -3.64706e-09
-19.2212  -3.49333e-09  -3.49333e-09
-19.2107  -3.48436e-09  -3.48436e-09
-19.2002  -3.73443e-09  -3.73443e-09
-19.1896  -3.87731e-09  -3.87731e-09
-19.1791  -3.65601e-09  -3.65601e-09
-19.1685  -3.38417e-09  -3.38417e-09
-19.1579  -3.03309e-09  -3.03309e-09
-19.1472  -1.55048e-09  -1.55048e-09
-19.1366  1.34051e-09  1.34051e-09
-19.1259  3.35539e-09  3.35539e-09
-19.1152  2.40313e-09  2.40313e-09
-19.1045  8.56255e-10  8.56255e-10
-19.0938  3.38561e-09  3.38561e-09
-19.0831  1.23833e-08  1.23833e-08
-19.0723  3.49444e-08  3.49444e-08
-19.0616  9.25612e-08  9.25612e-08
-19.0508  1.98293e-07  1.98293e-07
-19.0399  3.07934e-07  3.07934e-07
-19.0291  3.31644e-07  3.31644e-07
-19.0183  2.78284e-07  2.78284e-07
-19.0074  6.27583e-07  6.27583e-07
-18.9965  3.73875e-06  3.73875e-06
-18.9856  1.89147e-05  1.89147e-05
-18.9747  7.51822e-05  7.51822e-05
-18.9638  0.000243286  0.000243286
-18.9528  0.00065923  0.00065923
-18.9418  0.00152945  0.00152945
-18.9308  0.00309296  0.00309296
-18.9198  0.00552914  0.00552914
-18.9088  0.00883002  0.00883002
-18.8977  0.0126864  0.0126864
-18.8867  0.0164453  0.0164453
-18.8756  0.0191735  0.0191735
-18.8645  0.0198195  0.0198195
-18.8534  0.0174348  0.0174348
-18.8422  0.0114121  0.0114121
-18.8311  0.00171661  0.00171661
-18.8199  -0.0109019  -0.0109019
-18.8087  -0.0247648  -0.0247648
-18.7975  -0.0373089  -0.0373089
-18.7862  -0.045491  -0.045491
-18.775  -0.0466407  -0.0466407
-18.7637  -0.039598  -0.039598
-18.7524  -0.0256484  -0.0256484
-18.7411  -0.00862734  -0.00862734
-18.7298  0.00615173  0.00615173
-18.7185  0.0138366  0.0138366
-18.7071  0.0118892  0.0118892
-18.6957  0.000801615  0.000801615
-18.6843  -0.0167164  -0.0167164
-18.6729  -0.0374381  -0.0374381
-18.6615  -0.058969  -0.058969
-18.6501  -0.0798807  -0.0798807
-18.6386  -0.0988882  -0.0988882
-18.6271  -0.114228  -0.114228
-18.6156  -0.124215  -0.124215
-18.6041  -0.128718  -0.128718
-18.5926  -0.130124  -0.130124
-18.581  -0.132384  -0.132384
-18.5694  -0.138213  -0.138213
-18.5578  -0.146271  -0.146271
-18.5462  -0.150643  -0.150643
-18.5346  -0.143596  -0.143596
-18.523  -0.12026  -0.12026
-18.5113  -0.0824004  -0.0824004
-18.4996  -0.0388364  -0.0388364
-18.4879  -0.00207815  -0.00207815
-18.4762  0.016985  0.016985
-18.4645  0.0134779  0.0134779
-18.4527  -0.0101834  -0.0101834
-18.4409  -0.0464376  -0.0464376
-18.4292  -0.0864988  -0.0864988
-18.4174  -0.123539  -0.123539
-18.4055  -0.153394  -0.153394
-18.3937  -0.172995  -0.172995
-18.3818  -0.17856  -0.17856
-18.37  -0.165759  -0.165759
-18.3581  -0.132404  -0.132404
-18.3462  -0.0818417  -0.0818417
-18.3342  -0.0241372  -0.0241372
-18.3223  0.0264813  0.0264813
-18.3103  0.056769  0.056769
-18.2983  0.0591554  0.0591554
-18.2863  0.0334819  0.0334819
-18.2743  -0.0143942  -0.0143942
-18.2623  -0.0753453  -0.0753453
-18.2502  -0.139266  -0.139266
-18.2382  -0.19657  -0.19657
-18.2261  -0.239696  -0.239696
-18.214  -0.26501  -0.26501
-18.2018  -0.274229  -0.274229
-18.1897  -0.273954  -0.273954
-18.1775  -0.272933  -0.272933
-18.1654  -0.278336  -0.278336
-18.1532  -0.293061  -0.293061
-18.141  -0.315266  -0.315266
-18.1287  -0.339749  -0.339749
-18.1165  -0.359837  -0.359837
-18.1042  -0.368696  -0.368696
-18.0919  -0.359868  -0.359868
-18.0797  -0.32765  -0.32765
-18.0673  -0.268107  -0.268107
-18.055  -0.181042  -0.181042
-18.0427  -0.0723618  -0.0723618
-18.0303  0.0446544  0.0446544
-18.0179  0.150992  0.150992
-18.0055  0.227254  0.227254
-17.9931  0.261384  0.261384
-17.9806  0.255281  0.255281
-17.9682  0.226356  0.226356
-17.9557  0.202224  0.202224
-17.9432  0.210247  0.210247
-17.9307  0.266538  0.266538
-17.9182  0.369283  0.369283
-17.9057  0.499088  0.499088
-17.8931  0.625838  0.625838
-17.8805  0.719153  0.719153
-17.8679  0.758518  0.758518
-17.8553  0.739409  0.739409
-17.8427  0.673007  0.673007
-17.8301  0.579582  0.579582
-17.8174  0.478725  0.478725
-17.8047  0.381859  0.381859
-17.792  0.291523  0.291523
-17.7793  0.207581  0.207581
-17.7666  0.135249  0.135249
-17.7538  0.0880429  0.0880429
-17.7411  0.0823233  0.0823233
-17.7283  0.126833  0.126833
-17.7155  0.214919  0.214919
-17.7027  0.325422  0.325422
-17.6898  0.431802  0.431802
-17.677  0.513301  0.513301
-17.6641  0.561416  0.561416
-17.6512  0.579321  0.579321
-17.6383  0.576851  0.576851
-17.6254  0.565041  0.565041
-17.6125  0.552069  0.552069
-17.5995  0.540099  0.540099
-17.5866  0.522827  0.522827
-17.5736  0.485607  0.485607
-17.5606  0.410437  0.410437
-17.5476  0.285131  0.285131
-17.5345  0.111849  0.111849
-17.5215  -0.0907762  -0.0907762
-17.5084  -0.293784  -0.293784
-17.4953  -0.468419  -0.468419
-17.4822  -0.594656  -0.594656
-17.4691  -0.664035  -0.664035
-17.456  -0.678059  -0.678059
-17.4428  -0.645648  -0.645648
-17.4296  -0.581165  -0.581165
-17.4165  -0.501433  -0.501433
-17.4032  -0.420325  -0.420325
-17.39  -0.34308  -0.34308
-17.3768  -0.265443  -0.265443
-17.3635  -0.180504  -0.180504
-17.3503  -0.0896759  -0.0896759
-17.337  -0.0093133  -0.0093133
-17.3237  0.0336618  0.0336618
-17.3103  0.0155761  0.0155761
-17.297  -0.0700235  -0.0700235
-17.2837  -0.208176  -0.208176
-17.2703  -0.370815  -0.370815
-17.2569  -0.531169  -0.531169
-17.2435  -0.674094  -0.674094
-17.2301  -0.796241  -0.796241
-17.2166  -0.897829  -0.897829
-17.2032  -0.97322  -0.97322
-17.1897  -1.00705  -1.00705
-17.1762  -0.978199  -0.978199
-17.1627  -0.869166  -0.869166
-17.1492  -0.676495  -0.676495
-17.1357  -0.417843  -0.417843
-17.1221  -0.132467  -0.132467
-17.1085  0.12663  0.12663
-17.0949  0.307866  0.307866
-17.0813  0.378715  0.378715
-17.0677  0.338261  0.338261
-17.0541  0.218111  0.218111
-17.0404  0.0703804  0.0703804
-17.0268  -0.0518797  -0.0518797
-17.0131  -0.112619  -0.112619
-16.9994  -0.101269  -0.101269
-16.9857  -0.0295065  -0.0295065
-16.9719  0.0797968  0.0797968
-16.9582  0.20418  0.20418
-16.9444  0.327453  0.327453
-16.9306  0.437931  0.437931
-16.9168  0.522458  0.522458
-16.903  0.562536  0.562536
-16.8892  0.537451  0.537451
-16.8753  0.434041  0.434041
-16.8615  0.257147  0.257147
-16.8476  0.0329547  0.0329547
-16.8337  -0.198888  -0.198888
-16.8198  -0.401486  -0.401486
-16.8058  -0.556636  -0.556636
-16.7919  -0.671347  -0.671347
-16.7779  -0.770752  -0.770752
-16.7639  -0.880761  -0.880761
-16.75  -1.00966  -1.00966
-16.7359  -1.13876  -1.13876
-16.7219  -1.22757  -1.22757
-16.7079  -1.23142  -1.23142
-16.6938  -1.12238  -1.12238
-16.6797  -0.903282  -0.903282
-16.6656  -0.608169  -0.608169
-16.6515  -0.290635  -0.290635
-16.6374  -0.00667684  -0.00667684
-16.6233  0.20017  0.20017
-16.6091  0.307209  0.307209
-16.5949  0.314335  0.314335
-16.5808  0.240856  0.240856
-16.5666  0.118637  0.118637
-16.5523  -0.0175326  -0.0175326
-16.5381  -0.140162  -0.140162
-16.5239  -0.236042  -0.236042
-16.5096  -0.306602  -0.306602
-16.4953  -0.361816  -0.361816
-16.481  -0.412002  -0.412002
-16.4667  -0.462989  -0.462989
-16.4524  -0.516884  -0.516884
-16.438  -0.575729  -0.575729
-16.4236  -0.643084  -0.643084
-16.4093  -0.721044  -0.721044
-16.3949  -0.80498  -0.80498
-16.3805  -0.880873  -0.880873
-16.366  -0.928296  -0.928296
-16.3516  -0.927606  -0.927606
-16.3371  -0.867071  -0.867071
-16.3227  -0.746564  -0.746564
-16.3082  -0.577497  -0.577497
-16.2937  -0.380703  -0.380703
-16.2792  -0.183457  -0.183457
-16.2646  -0.015442  -0.015442
-16.2501  0.0966727  0.0966727
-16.2355  0.135174  0.135174
-16.2209  0.0961624  0.0961624
-16.2063  -0.0074637  -0.0074637
-16.1917  -0.144779  -0.144779
-16.1771  -0.268097  -0.268097
-16.1624  -0.319561  -0.319561
-16.1478  -0.245803  -0.245803
-16.1331  -0.0187536  -0.0187536
-16.1184  0.346165  0.346165
-16.1037  0.786177  0.786177
-16.089  1.20798  1.20798
-16.0742  1.5201  1.5201
-16.0595  1.66572  1.66572
-16.0447  1.64035  1.64035
-16.0299  1.48718  1.48718
-16.0151  1.27556  1.27556
-16.0003  1.07518  1.07518
-15.9855  0.937404  0.937404
-15.9706  0.888193  0.888193
-15.9558  0.929685  0.929685
-15.9409  1.04481  1.04481
-15.926  1.20128  1.20128
-15.9111  1.35535  1.35535
-15.8962  1.45792  1.45792
-15.8812  1.46534  1.46534
-15.8663  1.35322  1.35322
-15.8513  1.12849  1.12849
-15.8363  0.832668  0.832668
-15.8213  0.532254  0.532254
-15.8063  0.297815  0.297815
-15.7913  0.179496  0.179496
-15.7762  0.189377  0.189377
-15.7612  0.298119  0.298119
-15.7461  0.446551  0.446551
-15.731  0.566335  0.566335
-15.7159  0.601164  0.601164
-15.7008  0.521549  0.521549
-15.6856  0.330149  0.330149
-15.6705  0.0581908  0.0581908
-15.6553  -0.244413  -0.244413
-15.6401  -0.521785  -0.521785
-15.6249  -0.724292  -0.724292
-15.6097  -0.817749  -0.817749
-15.5945  -0.788603  -0.788603
-15.5792  -0.645501  -0.645501
-15.564  -0.417768  -0.417768
-15.5487  -0.150532  -0.150532
-15.5334  0.104288  0.104288
-15.5181  0.300296  0.300296
-15.5028  0.408438  0.408438
-15.4875  0.422742  0.422742
-15.4721  0.356783  0.356783
-15.4568  0.233342  0.233342
-15.4414  0.0744146  0.0744146
-15.426  -0.10211  -0.10211
-15.4106  -0.279041  -0.279041
-15.3952  -0.435987  -0.435987
-15.3797  -0.551527  -0.551527
-15.3643  -0.611621  -0.611621
-15.3488  -0.616996  -0.616996
-15.3333  -0.581283  -0.581283
-15.3178  -0.518881  -0.518881
-15.3023  -0.431411  -0.431411
-15.2868  -0.305151  -0.305151
-15.2713  -0.124704  -0.124704
-15.2557  0.105212  0.105212
-15.2401  0.347167  0.347167
-15.2246  0.541451  0.541451
-15.209  0.637719  0.637719
-15.1933  0.628914  0.628914
-15.1777  0.563136  0.563136
-15.1621  0.521369  0.521369
-15.1464  0.571555  0.571555
-15.1307  0.726393  0.726393
-15.1151  0.930972  0.930972
-15.0994  1.08741  1.08741
-15.0836  1.10095  1.10095
-15.0679  0.921081  0.921081
-15.0522  0.558422  0.558422
-15.0364  0.0750663  0.0750663
-15.0206  -0.439974  -0.439974
-15.0048  -0.896351  -0.896351
-14.989  -1.22174  -1.22174
-14.9732  -1.37466  -1.37466
-14.9574  -1.35181  -1.35181
-14.9415  -1.18816  -1.18816
-14.9257  -0.94664  -0.94664
-14.9098  -0.698553  -0.698553
-14.8939  -0.501387  -0.501387
-14.878  -0.383979  -0.383979
-14.8621  -0.344855  -0.344855
-14.8462  -0.362183  -0.362183
-14.8302  -0.408097  -0.408097
-14.8143  -0.45987  -0.45987
-14.7983  -0.504348  -0.504348
-14.7823  -0.536569  -0.536569
-14.7663  -0.555872  -0.555872
-14.7503  -0.562907  -0.562907
-14.7342  -0.559616  -0.559616
-14.7182  -0.551909  -0.551909
-14.7021  -0.552226  -0.552226
-14.6861  -0.578035  -0.578035
-14.67  -0.644498  -0.644498
-14.6539  -0.754364  -0.754364
-14.6378  -0.891925  -0.891925
-14.6216  -1.02672  -1.02672
-14.6055  -1.12634  -1.12634
-14.5893  -1.17097  -1.17097
-14.5731  -1.16097  -1.16097
-14.557  -1.11342  -1.11342
-14.5408  -1.05118  -1.05118
-14.5245  -0.991974  -0.991974
-14.5083  -0.943355  -0.943355
-14.4921  -0.904091  -0.904091
-14.4758  -0.86855  -0.86855
-14.4595  -0.829897  -0.829897
-14.4433  -0.78073  -0.78073
-14.427  -0.712835  -0.712835
-14.4106  -0.618758  -0.618758
-14.3943  -0.496107  -0.496107
-14.378  -0.352379  -0.352379
-14.3616  -0.206336  -0.206336
-14.3453  -0.0832455  -0.0832455
-14.3289  -0.00501387  -0.00501387
-14.3125  0.0202525  0.0202525
-14.2961  0.00405105  0.00405105
-14.2796  -0.0240554  -0.0240554
-14.2632  -0.0245468  -0.0245468
-14.2468  0.0402047  0.0402047
-14.2303  0.19338  0.19338
-14.2138  0.43332  0.43332
-14.1973  0.728734  0.728734
-14.1808  1.0232  1.0232
-14.1643  1.25042  1.25042
-14.1478  1.35659  1.35659
-14.1312  1.32128  1.32128
-14.1147  1.16709  1.16709
-14.0981  0.953192  0.953192
-14.0815  0.755266  0.755266
-14.0649  0.639961  0.639961
-14.0483  0.643176  0.643176
-14.0316  0.758814  0.758814
-14.015  0.941235  0.941235
-13.9983  1.12126  1.12126
-13.9817  1.23131  1.23131
-13.965  1.23059  1.23059
-13.9483  1.11833  1.11833
-13.9316  0.928035  0.928035
-13.9149  0.70557  0.70557
-13.8981  0.485554  0.485554
-13.8814  0.281496  0.281496
-13.8646  0.094897  0.094897
-13.8478  -0.067008  -0.067008
-13.8311  -0.182606  -0.182606
-13.8143  -0.226422  -0.226422
-13.7974  -0.191672  -0.191672
-13.7806  -0.105561  -0.105561
-13.7638  -0.021865  -0.021865
-13.7469  0.00711756  0.00711756
-13.73  -0.0398805  -0.0398805
-13.7132  -0.143602  -0.143602
-13.6963  -0.261894  -0.261894
-13.6794  -0.361461  -0.361461
-13.6624  -0.440606  -0.440606
-13.6455  -0.526831  -0.526831
-13.6285  -0.651485  -0.651485
-13.6116  -0.81956  -0.81956
-13.5946  -0.995673  -0.995673
-13.5776  -1.11616  -1.11616
-13.5606  -1.12047  -1.12047
-13.5436  -0.983017  -0.983017
-13.5266  -0.72688  -0.72688
-13.5095  -0.411413  -0.411413
-13.4925  -0.101767  -0.101767
-13.4754  0.161419  0.161419
-13.4583  0.374801  0.374801
-13.4412  0.561958  0.561958
-13.4241  0.748834  0.748834
-13.407  0.941638  0.941638
-13.3899  1.12006  1.12006
-13.3728  1.24729  1.24729
-13.3556  1.2882  1.2882
-13.3384  1.22456  1.22456
-13.3212  1.061  1.061
-13.304  0.822341  0.822341
-13.2868  0.546853  0.546853
-13.2696  0.279166  0.279166
-13.2524  0.0639151  0.0639151
-13.2351  -0.0611358  -0.0611358
-13.2179  -0.0733119  -0.0733119
-13.2006  0.0270579  0.0270579
-13.1833  0.213304  0.213304
-13.166  0.438057  0.438057
-13.1487  0.648516  0.648516
-13.1314  0.805909  0.805909
-13.1141  0.899349  0.899349
-13.0967  0.945595  0.945595
-13.0793  0.973419  0.973419
-13.062  1.00032  1.00032
-13.0446  1.01452  1.01452
-13.0272  0.973048  0.973048
-13.0098  0.819004  0.819004
-12.9924  0.511122  0.511122
-12.9749  0.0523268  0.0523268
-12.9575  -0.497099  -0.497099
-12.94  -1.03059  -1.03059
-12.9225  -1.42913  -1.42913
-12.9051  -1.60506  -1.60506
-12.8876  -1.53634  -1.53634
-12.87  -1.27427  -1.27427
-12.8525  -0.920144  -0.920144
-12.835  -0.58231  -0.58231
-12.8174  -0.336041  -0.336041
-12.7999  -0.206173  -0.206173
-12.7823  -0.178475  -0.178475
-12.7647  -0.227965  -0.227965
-12.7471  -0.34288  -0.34288
-12.7295  -0.527985  -0.527985
-12.7119  -0.786915  -0.786915
-12.6943  -1.09899  -1.09899
-12.6766  -1.4102  -1.4102
-12.6589  -1.64787  -1.64787
-12.6413  -1.75128  -1.75128
-12.6236  -1.69934  -1.69934
-12.6059  -1.51874  -1.51874
-12.5882  -1.26965  -1.26965
-12.5705  -1.01952  -1.01952
-12.5527  -0.820678  -0.820678
-12.535  -0.700989  -0.700989
-12.5172  -0.667246  -0.667246
-12.4995  -0.714182  -0.714182
-12.4817  -0.831988  -0.831988
-12.4639  -1.00885  -1.00885
-12.4461  -1.22894  -1.22894
-12.4283  -1.46872  -1.46872
-12.4105  -1.69533  -1.69533
-12.3926  -1.8705  -1.8705
-12.3748  -1.96061  -1.96061
-12.3569  -1.94911  -1.94911
-12.339  -1.84459  -1.84459
-12.3211  -1.67834  -1.67834
-12.3032  -1.49137  -1.49137
-12.2853  -1.31733  -1.31733
-12.2674  -1.1708  -1.1708
-12.2495  -1.047  -1.047
-12.2315  -0.932008  -0.932008
-12.2136  -0.816238  -0.816238
-12.1956  -0.702422  -0.702422
-12.1776  -0.603612  -0.603612
-12.1596  -0.533093  -0.533093
-12.1416  -0.4932  -0.4932
-12.1236  -0.470641  -0.470641
-12.1056  -0.441891  -0.441891
-12.0875  -0.386035  -0.386035
-12.0695  -0.297816  -0.297816
-12.0514  -0.193198  -0.193198
-12.0333  -0.103822  -0.103822
-12.0152  -0.0627682  -0.0627682
-11.9971  -0.0887878  -0.0887878
-11.979  -0.176873  -0.176873
-11.9609  -0.299695  -0.299695
-11.9428  -0.418891  -0.418891
-11.9246  -0.500539  -0.500539
-11.9065  -0.527717  -0.527717
-11.8883  -0.505122  -0.505122
-11.8701  -0.454805  -0.454805
-11.8519  -0.405958  -0.405958
-11.8337  -0.383662  -0.383662
-11.8155  -0.401134  -0.401134
-11.7973  -0.457843  -0.457843
-11.7791  -0.543017  -0.543017
-11.7608  -0.641727  -0.641727
-11.7426  -0.740117  -0.740117
-11.7243  -0.827798  -0.827798
-11.706  -0.897806  -0.897806
-11.6877  -0.946133  -0.946133
-11.6694  -0.97229  -0.97229
-11.6511  -0.980424  -0.980424
-11.6328  -0.979066  -0.979066
-11.6144  -0.978284  -0.978284
-11.5961  -0.985229  -0.985229
-11.5777  -1.00084  -1.00084
-11.5594  -1.01999  -1.01999
-11.541  -1.03507  -1.03507
-11.5226  -1.04049  -1.04049
-11.5042  -1.03549  -1.03549
-11.4858  -1.02373  -1.02373
-11.4673  -1.01068  -1.01068
-11.4489  -1.00072  -1.00072
-11.4304  -0.995633  -0.995633
-11.412  -0.994791  -0.994791
-11.3935  -0.996389  -0.996389
-11.375  -0.998671  -0.998671
-11.3565  -1.00058  -1.00058
-11.338  -1.0018  -1.0018
-11.3195  -1.00243  -1.00243
-11.301  -1.00271  -1.00271
-11.2825  -1.00284  -1.00284
-11.2639  -1.00293  -1.00293
-11.2454  -1.003  -1.003
-11.2268  -1.00308  -1.00308
-11.2082  -1.00316  -1.00316
-11.1896  -1.00322  -1.00322
-11.171  -1.00326  -1.00326
-11.1524  -1.00329  -1.00329
-11.1338  -1.00331  -1.00331
-11.1151  -1.00332  -1.00332
-11.0965  -1.00334  -1.00334
-11.0778  -1.00336  -1.00336
-11.0592  -1.00338  -1.00338
-11.0405  -1.00339  -1.00339
-11.0218  -1.0034  -1.0034
-11.0031  -1.00341  -1.00341
-10.9844  -1.00342  -1.00342
-10.9657  -1.00342  -1.00342
-10.947  -1.00342  -1.00342
-10.9282  -1.00343  -1.00343
-10.9095  -1.00344  -1.00344
-10.8907  -1.00344  -1.00344
-10.8719  -1.00344  -1.00344
-10.8532  -1.00344  -1.00344
-10.8344  -1.00344  -1.00344
-10.8156  -1.00344  -1.00344
-10.7967  -1.00344  -1.00344
-10.7779  -1.00344  -1.00344
-10.7591  -1.00344  -1.00344
-10.7402  -1.00344  -1.00344
-10.7214  -1.00344  -1.00344
-10.7025  -1.00343  -1.00343
-10.6836  -1.00342  -1.00342
-10.6648  -1.00342  -1.00342
-10.6459  -1.00341  -1.00341
-10.627  -1.00341  -1.00341
-10.608  -1.0034  -1.0034
-10.5891  -1.00339  -1.00339
-10.5702  -1.00338  -1.00338
-10.5512  -1.00336  -1.00336
-10.5323  -1.00334  -1.00334
-10.5133  -1.00332  -1.00332
-10.4943  -1.0033  -1.0033
-10.4753  -1.00329  -1.00329
-10.4563  -1.00327  -1.00327
-10.4373  -1.00323  -1.00323
-10.4183  -1.00319  -1.00319
-10.3993  -1.00312  -1.00312
-10.3803  -1.00304  -1.00304
-10.3612  -1.00295  -1.00295
-10.3421  -1.00287  -1.00287
-10.3231  -1.00278  -1.00278
-10.304  -1.00266  -1.00266
-10.2849  -1.00241  -1.00241
-10.2658  -1.00191  -1.00191
-10.2467  -1.00087  -1.00087
-10.2276  -0.998669  -0.998669
-10.2085  -0.994014  -0.994014
-10.1893  -0.984765  -0.984765
-10.1702  -0.968233  -0.968233
-10.151  -0.942228  -0.942228
-10.1319  -0.906514  -0.906514
-10.1127  -0.863787  -0.863787
-10.0935  -0.819148  -0.819148
-10.0743  -0.777972  -0.777972
-10.0551  -0.743285  -0.743285
-10.0359  -0.714501  -0.714501
-10.0166  -0.688582  -0.688582
-9.99741  -0.662935  -0.662935
-9.97817  -0.637995  -0.637995
-9.95891  -0.617729  -0.617729
-9.93965  -0.60797  -0.60797
-9.92038  -0.61403  -0.61403
-9.90109  -0.639078  -0.639078
-9.8818  -0.683507  -0.683507
-9.8625  -0.744432  -0.744432
-9.84319  -0.81477  -0.81477
-9.82387  -0.882656  -0.882656
-9.80454  -0.932747  -0.932747
-9.7852  -0.95029  -0.95029
-9.76585  -0.927041  -0.927041
-9.74649  -0.866593  -0.866593
-9.72712  -0.786392  -0.786392
-9.70775  -0.714603  -0.714603
-9.68836  -0.681735  -0.681735
-9.66896  -0.709165  -0.709165
-9.64956  -0.798903  -0.798903
-9.63014  -0.929866  -0.929866
-9.61072  -1.06408  -1.06408
-9.59129  -1.16149  -1.16149
-9.57184  -1.19659  -1.19659
-9.55239  -1.16829  -1.16829
-9.53293  -1.09723  -1.09723
-9.51346  -1.01265  -1.01265
-9.49398  -0.936731  -0.936731
-9.47449  -0.875537  -0.875537
-9.455  -0.8206  -0.8206
-9.43549  -0.758139  -0.758139
-9.41597  -0.678645  -0.678645
-9.39645  -0.580878  -0.580878
-9.37691  -0.469363  -0.469363
-9.35737  -0.349243  -0.349243
-9.33782  -0.223478  -0.223478
-9.31826  -0.0947155  -0.0947155
-9.29869  0.0300095  0.0300095
-9.27911  0.136085  0.136085
-9.25952  0.203131  0.203131
-9.23993  0.211846  0.211846
-9.22032  0.152306  0.152306
-9.20071  0.0290638  0.0290638
-9.18108  -0.139558  -0.139558
-9.16145  -0.326881  -0.326881
-9.14181  -0.504464  -0.504464
-9.12216  -0.646761  -0.646761
-9.1025  -0.733156  -0.733156
-9.08283  -0.749055  -0.749055
-9.06316  -0.688108  -0.688108
-9.04347  -0.556163  -0.556163
-9.02378  -0.375293  -0.375293
-9.00408  -0.184519  -0.184519
-8.98437  -0.033826  -0.033826
-8.96465  0.0295913  0.0295913
-8.94492  -0.0207209  -0.0207209
-8.92518  -0.176497  -0.176497
-8.90544  -0.393639  -0.393639
-8.88568  -0.607235  -0.607235
-8.86592  -0.75632  -0.75632
-8.84615  -0.805109  -0.805109
-8.82637  -0.749558  -0.749558
-8.80658  -0.60866  -0.60866
-8.78678  -0.410804  -0.410804
-8.76698  -0.187315  -0.187315
-8.74716  0.0237105  0.0237105
-8.72734  0.172275  0.172275
-8.70751  0.202674  0.202674
-8.68767  0.0746606  0.0746606
-8.66782  -0.211297  -0.211297
-8.64797  -0.602974  -0.602974
-8.62811  -1.01088  -1.01088
-8.60823  -1.34301  -1.34301
-8.58835  -1.54082  -1.54082
-8.56846  -1.59663  -1.59663
-8.54857  -1.54487  -1.54487
-8.52866  -1.43554  -1.43554
-8.50875  -1.30708  -1.30708
-8.48883  -1.17354  -1.17354
-8.4689  -1.02983  -1.02983
-8.44896  -0.867825  -0.867825
-8.42901  -0.690754  -0.690754
-8.40906  -0.516579  -0.516579
-8.38909  -0.369293  -0.369293
-8.36912  -0.265273  -0.265273
-8.34915  -0.204454  -0.204454
-8.32916  -0.172129  -0.172129
-8.30916  -0.149482  -0.149482
-8.28916  -0.125063  -0.125063
-8.26915  -0.0992742  -0.0992742
-8.24913  -0.0794017  -0.0794017
-8.22911  -0.0695141  -0.0695141
-8.20907  -0.0629598  -0.0629598
-8.18903  -0.0431117  -0.0431117
-8.16898  0.00769867  0.00769867
-8.14892  0.096555  0.096555
-8.12885  0.213031  0.213031
-8.10878  0.331802  0.331802
-8.0887  0.424132  0.424132
-8.06861  0.472103  0.472103
-8.04851  0.477272  0.477272
-8.02841  0.458224  0.458224
-8.00829  0.438186  0.438186
-7.98817  0.430486  0.430486
-7.96804  0.431383  0.431383
-7.94791  0.424955  0.424955
-7.92777  0.396325  0.396325
-7.90761  0.343697  0.343697
-7.88746  0.280899  0.280899
-7.86729  0.229331  0.229331
-7.84712  0.205672  0.205672
-7.82693  0.213724  0.213724
-7.80674  0.244533  0.244533
-7.78655  0.282488  0.282488
-7.76634  0.311875  0.311875
-7.74613  0.320075  0.320075
-7.72591  0.297714  0.297714
-7.70569  0.238655  0.238655
-7.68545  0.141911  0.141911
-7.66521  0.0147823  0.0147823
-7.64496  -0.125553  -0.125553
-7.62471  -0.254677  -0.254677
-7.60444  -0.348401  -0.348401
-7.58417  -0.392874  -0.392874
-7.56389  -0.39292  -0.39292
-7.54361  -0.373668  -0.373668
-7.52332  -0.372632  -0.372632
-7.50302  -0.423855  -0.423855
-7.48271  -0.540657  -0.540657
-7.46239  -0.705697  -0.705697
-7.44207  -0.874455  -0.874455
-7.42174  -0.991508  -0.991508
-7.40141  -1.01204  -1.01204
-7.38106  -0.91812  -0.91812
-7.36071  -0.72223  -0.72223
-7.34036  -0.457742  -0.457742
-7.31999  -0.162634  -0.162634
-7.29962  0.134513  0.134513
-7.27924  0.419808  0.419808
-7.25886  0.689823  0.689823
-7.23847  0.942338  0.942338
-7.21807  1.16872  1.16872
-7.19766  1.35294  1.35294
-7.17725  1.47791  1.47791
-7.15683  1.53469  1.53469
-7.1364  1.52825  1.52825
-7.11597  1.47475  1.47475
-7.09552  1.39128  1.39128
-7.07508  1.28462  1.28462
-7.05462  1.14715  1.14715
-7.03416  0.964003  0.964003
-7.01369  0.727421  0.727421
-6.99322  0.449268  0.449268
-6.97274  0.16343  0.16343
-6.95225  -0.0833492  -0.0833492
-6.93175  -0.246896  -0.246896
-6.91125  -0.299606  -0.299606
-6.89074  -0.238155  -0.238155
-6.87023  -0.0843926  -0.0843926
-6.84971  0.119011  0.119011
-6.82918  0.317238  0.317238
-6.80864  0.45614  0.45614
-6.7881  0.497501  0.497501
-6.76755  0.431889  0.431889
-6.747  0.282796  0.282796
-6.72644  0.0984849  0.0984849
-6.70587  -0.0659815  -0.0659815
-6.6853  -0.168652  -0.168652
-6.66472  -0.193737  -0.193737
-6.64413  -0.153065  -0.153065
-6.62354  -0.0773788  -0.0773788
-6.60294  -0.0032103  -0.0032103
-6.58233  0.0385981  0.0385981
-6.56172  0.0293032  0.0293032
-6.5411  -0.0365668  -0.0365668
-6.52048  -0.153587  -0.153587
-6.49985  -0.309431  -0.309431
-6.47921  -0.489044  -0.489044
-6.45856  -0.677968  -0.677968
-6.43791  -0.863833  -0.863833
-6.41726  -1.03542  -1.03542
-6.3966  -1.17962  -1.17962
-6.37593  -1.27814  -1.27814
-6.35525  -1.30709  -1.30709
-6.33457  -1.24215  -1.24215
-6.31389  -1.06915  -1.06915
-6.29319  -0.796051  -0.796051
-6.27249  -0.45929  -0.45929
-6.25179  -0.118676  -0.118676
-6.23108  0.159536  0.159536
-6.21036  0.324804  0.324804
-6.18964  0.359251  0.359251
-6.16891  0.280961  0.280961
-6.14817  0.132255  0.132255
-6.12743  -0.040512  -0.040512
-6.10669  -0.204926  -0.204926
-6.08593  -0.349475  -0.349475
-6.06518  -0.477365  -0.477365
-6.04441  -0.59262  -0.59262
-6.02364  -0.688115  -0.688115
-6.00286  -0.743589  -0.743589
-5.98208  -0.735204  -0.735204
-5.9613  -0.650683  -0.650683
-5.9405  -0.500152  -0.500152
-5.9197  -0.315224  -0.315224
-5.8989  -0.136117  -0.136117
-5.87809  0.00595627  0.00595627
-5.85727  0.101072  0.101072
-5.83645  0.160979  0.160979
-5.81562  0.208385  0.208385
-5.79479  0.262183  0.262183
-5.77395  0.327006  0.327006
-5.75311  0.391773  0.391773
-5.73226  0.436176  0.436176
-5.7114  0.440382  0.440382
-5.69054  0.393158  0.393158
-5.66968  0.296044  0.296044
-5.6488  0.16349  0.16349
-5.62793  0.0197646  0.0197646
-5.60704  -0.10641  -0.10641
-5.58616  -0.188117  -0.188117
-5.56526  -0.205325  -0.205325
-5.54436  -0.147168  -0.147168
-5.52346  -0.0118397  -0.0118397
-5.50255  0.19349  0.19349
-5.48164  0.450738  0.450738
-5.46072  0.728219  0.728219
-5.43979  0.981671  0.981671
-5.41886  1.16299  1.16299
-5.39793  1.23559  1.23559
-5.37698  1.18921  1.18921
-5.35604  1.04546  1.04546
-5.33509  0.849626  0.849626
-5.31413  0.652415  0.652415
-5.29317  0.491193  0.491193
-5.2722  0.379671  0.379671
-5.25123  0.309623  0.309623
-5.23026  0.261467  0.261467
-5.20927  0.2169  0.2169
-5.18829  0.167422  0.167422
-5.16729  0.115921  0.115921
-5.1463  0.0720026  0.0720026
-5.1253  0.0441568  0.0441568
-5.10429  0.0327073  0.0327073
-5.08328  0.0271637  0.0271637
-5.06226  0.00982576  0.00982576
-5.04124  -0.0354454  -0.0354454
-5.02021  -0.113408  -0.113408
-4.99918  -0.21195  -0.21195
-4.97815  -0.304577  -0.304577
-4.95711  -0.360409  -0.360409
-4.93606  -0.357193  -0.357193
-4.91501  -0.291169  -0.291169
-4.89396  -0.179217  -0.179217
-4.8729  -0.0524355  -0.0524355
-4.85183  0.0558359  0.0558359
-4.83076  0.122171  0.122171
-4.80969  0.140049  0.140049
-4.78861  0.118903  0.118903
-4.76753  0.0764765  0.0764765
-4.74644  0.0292941  0.0292941
-4.72535  -0.0133102  -0.0133102
-4.70425  -0.0490203  -0.0490203
-4.68315  -0.0781413  -0.0781413
-4.66205  -0.0995232  -0.0995232
-4.64094  -0.11005  -0.11005
-4.61982  -0.10707  -0.10707
-4.5987  -0.0903959  -0.0903959
-4.57758  -0.0614105  -0.0614105
-4.55645  -0.0203203  -0.0203203
-4.53532  0.035002  0.035002
-4.51418  0.106355  0.106355
-4.49304  0.190308  0.190308
-4.47189  0.275356  0.275356
-4.45075  0.344437  0.344437
-4.42959  0.382115  0.382115
-4.40843  0.382151  0.382151
-4.38727  0.350756  0.350756
-4.3661  0.303661  0.303661
-4.34493  0.258928  0.258928
-4.32376  0.229587  0.229587
-4.30258  0.219769  0.219769
-4.28139  0.22563  0.22563
-4.26021  0.239646  0.239646
-4.23902  0.25524  0.25524
-4.21782  0.268983  0.268983
-4.19662  0.279555  0.279555
-4.17542  0.285015  0.285015
-4.15421  0.281102  0.281102
-4.133  0.262365  0.262365
-4.11178  0.225449  0.225449
-4.09056  0.17189  0.17189
-4.06934  0.107874  0.107874
-4.04811  0.0407251  0.0407251
-4.02688  -0.0252725  -0.0252725
-4.00564  -0.0902929  -0.0902929
-3.9844  -0.156069  -0.156069
-3.96316  -0.220608  -0.220608
-3.94191  -0.274789  -0.274789
-3.92066  -0.304312  -0.304312
-3.89941  -0.296917  -0.296917
-3.87815  -0.25078  -0.25078
-3.85689  -0.178514  -0.178514
-3.83562  -0.103501  -0.103501
-3.81435  -0.0499709  -0.0499709
-3.79308  -0.0322389  -0.0322389
-3.7718  -0.0491377  -0.0491377
-3.75052  -0.0864179  -0.0864179
-3.72924  -0.125053  -0.125053
-3.70795  -0.150203  -0.150203
-3.68666  -0.156036  -0.156036
-3.66536  -0.144987  -0.144987
-3.64406  -0.123612  -0.123612
-3.62276  -0.0985374  -0.0985374
-3.60146  -0.0746664  -0.0746664
-3.58015  -0.0554222  -0.0554222
-3.55884  -0.0434068  -0.0434068
-3.53752  -0.0402935  -0.0402935
-3.5162  -0.0460945  -0.0460945
-3.49488  -0.0587606  -0.0587606
-3.47355  -0.0747016  -0.0747016
-3.45222  -0.0898622  -0.0898622
-3.43089  -0.100498  -0.100498
-3.40956  -0.103245  -0.103245
-3.38822  -0.0949635  -0.0949635
-3.36687  -0.0732186  -0.0732186
-3.34553  -0.0377219  -0.0377219
-3.32418  0.00799933  0.00799933
-3.30283  0.0560659  0.0560659
-3.28147  0.0958159  0.0958159
-3.26011  0.117243  0.117243
-3.23875  0.114845  0.114845
-3.21739  0.0900218  0.0900218
-3.19602  0.05075  0.05075
-3.17465  0.00862076  0.00862076
-3.15328  -0.0254636  -0.0254636
-3.1319  -0.0449923  -0.0449923
-3.11052  -0.0493687  -0.0493687
-3.08914  -0.04279  -0.04279
-3.06775  -0.0313461  -0.0313461
-3.04636  -0.020005  -0.020005
-3.02497  -0.0109755  -0.0109755
-3.00357  -0.0039407  -0.0039407
-2.98218  0.00248896  0.00248896
-2.96078  0.00928558  0.00928558
-2.93937  0.0163371  0.0163371
-2.91797  0.0226846  0.0226846
-2.89656  0.0271618  0.0271618
-2.87515  0.0289042  0.0289042
-2.85373  0.0275496  0.0275496
-2.83231  0.0232654  0.0232654
-2.81089  0.016751  0.016751
-2.78947  0.00919013  0.00919013
-2.76804  0.00202893  0.00202893
-2.74662  -0.00343587  -0.00343587
-2.72519  -0.0064833  -0.0064833
-2.70375  -0.00716519  -0.00716519
-2.68232  -0.0061612  -0.0061612
-2.66088  -0.00439619  -0.00439619
-2.63944  -0.00265018  -0.00265018
-2.61799  -0.00134825  -0.00134825
-2.59655  -0.000570613  -0.000570613
-2.5751  -0.000195285  -0.000195285
-2.55365  -5.14562e-05  -5.14562e-05
-2.53219  -9.5012e-06  -9.5012e-06
-2.51074  -8.51717e-07  -8.51717e-07
-2.48928  2.13199e-07  2.13199e-07
-2.46782  1.08085e-07  1.08085e-07
-2.44635  -1.41723e-07  -1.41723e-07
-2.42489  -2.818e-07  -2.818e-07
-2.40342  -2.40284e-07  -2.40284e-07
-2.38195  -1.23211e-07  -1.23211e-07
-2.36048  -4.21454e-08  -4.21454e-08
-2.339  -1.48715e-08  -1.48715e-08
-2.31753  -1.19084e-08  -1.19084e-08
-2.29605  -1.51188e-08  -1.51188e-08
-2.27456  -2.09613e-08  -2.09613e-08
-2.25308  -2.56211e-08  -2.56211e-08
-2.23159  -2.52037e-08  -2.52037e-08
-2.21011  -2.11876e-08  -2.11876e-08
-2.18862  -1.77335e-08  -1.77335e-08
-2.16712  -1.6363e-08  -1.6363e-08
-2.14563  -1.59876e-08  -1.59876e-08
-2.12413  -1.57823e-08  -1.57823e-08
-2.10263  -1.57923e-08  -1.57923e-08
-2.08113  -1.58455e-08  -1.58455e-08
-2.05963  -1.54993e-08  -1.54993e-08
-2.03813  -1.47804e-08  -1.47804e-08
-2.01662  -1.41236e-08  -1.41236e-08
-1.99511  -1.37221e-08  -1.37221e-08
-1.9736  -1.34209e-08  -1.34209e-08
-1.95209  -1.31065e-08  -1.31065e-08
-1.93057  -1.28237e-08  -1.28237e-08
-1.90906  -1.25743e-08  -1.25743e-08
-1.88754  -1.22772e-08  -1.22772e-08
-1.86602  -1.19221e-08  -1.19221e-08
-1.8445  -1.15891e-08  -1.15891e-08
-1.82298  -1.13158e-08  -1.13158e-08
-1.80145  -1.1062e-08  -1.1062e-08
-1.77992  -1.07998e-08  -1.07998e-08
-1.7584  -1.05461e-08  -1.05461e-08
-1.73687  -1.03083e-08  -1.03083e-08
-1.71533  -1.0066e-08  -1.0066e-08
-1.6938  -9.81404e-09  -9.81404e-09
-1.67227  -9.57355e-09  -9.57355e-09
-1.65073  -9.3544e-09  -9.3544e-09
-1.62919  -9.14273e-09  -9.14273e-09
-1.60765  -8.92881e-09  -8.92881e-09
-1.58611  -8.71912e-09  -8.71912e-09
-1.56457  -8.51765e-09  -8.51765e-09
-1.54302  -8.3181e-09  -8.3181e-09
-1.52148  -8.11838e-09  -8.11838e-09
-1.49993  -7.92568e-09  -7.92568e-09
-1.47838  -7.74324e-09  -7.74324e-09
-1.45683  -7.56533e-09  -7.56533e-09
-1.43528  -7.38772e-09  -7.38772e-09
-1.41372  -7.21293e-09  -7.21293e-09
-1.39217  -7.04288e-09  -7.04288e-09
-1.37061  -6.87532e-09  -6.87532e-09
-1.34906  -6.70952e-09  -6.70952e-09
-1.3275  -6.5485e-09  -6.5485e-09
-1.30594  -6.39352e-09  -6.39352e-09
-1.28438  -6.24183e-09  -6.24183e-09
-1.26281  -6.09125e-09  -6.09125e-09
-1.24125  -5.94271e-09  -5.94271e-09
-1.21969  -5.79712e-09  -5.79712e-09
-1.19812  -5.65363e-09  -5.65363e-09
-1.17655  -5.51209e-09  -5.51209e-09
-1.15499  -5.37402e-09  -5.37402e-09
-1.13342  -5.24e-09  -5.24e-09
-1.11185  -5.1085e-09  -5.1085e-09
-1.09027  -4.97823e-09  -4.97823e-09
-1.0687  -4.84943e-09  -4.84943e-09
-1.04713  -4.72255e-09  -4.72255e-09
-1.02555  -4.59728e-09  -4.59728e-09
-1.00398  -4.47375e-09  -4.47375e-09
-0.982403  -4.35285e-09  -4.35285e-09
-0.960825  -4.23485e-09  -4.23485e-09
-0.939247  -4.11883e-09  -4.11883e-09
-0.917668  -4.00387e-09  -4.00387e-09
-0.896088  -3.88996e-09  -3.88996e-09
-0.874507  -3.77729e-09  -3.77729e-09
-0.852925  -3.66583e-09  -3.66583e-09
-0.831342  -3.5558e-09  -3.5558e-09
-0.809759  -3.4478e-09  -3.4478e-09
-0.788175  -3.34198e-09  -3.34198e-09
-0.76659  -3.23768e-09  -3.23768e-09
-0.745004  -3.13422e-09  -3.13422e-09
-0.723418  -3.03143e-09  -3.03143e-09
-0.701831  -2.92942e-09  -2.92942e-09
-0.680243  -2.82828e-09  -2.82828e-09
-0.658654  -2.72829e-09  -2.72829e-09
-0.637065  -2.62988e-09  -2.62988e-09
-0.615475  -2.53313e-09  -2.53313e-09
-0.593885  -2.43751e-09  -2.43751e-09
-0.572294  -2.34247e-09  -2.34247e-09
-0.550703  -2.2478e-09  -2.2478e-09
-0.529111  -2.15356e-09  -2.15356e-09
-0.507519  -2.0599e-09  -2.0599e-09
-0.485926  -1.96714e-09  -1.96714e-09
-0.464332  -1.87561e-09  -1.87561e-09
-0.442738  -1.78533e-09  -1.78533e-09
-0.421144  -1.69585e-09  -1.69585e-09
-0.399549  -1.60668e-09  -1.60668e-09
-0.377954  -1.51761e-09  -1.51761e-09
-0.356359  -1.42868e-09  -1.42868e-09
-0.334763  -1.34011e-09  -1.34011e-09
-0.313167  -1.2522e-09  -1.2522e-09
-0.291571  -1.16523e-09  -1.16523e-09
-0.269974  -1.07916e-09  -1.07916e-09
-0.248377  -9.93598e-10  -9.93598e-10
-0.22678  -9.08085e-10  -9.08085e-10
-0.205182  -8.22414e-10  -8.22414e-10
-0.183585  -7.36653e-10  -7.36653e-10
-0.161987  -6.51031e-10  -6.51031e-10
-0.140389  -5.65858e-10  -5.65858e-10
-0.118791  -4.81366e-10  -4.81366e-10
-0.0971927  -3.97483e-10  -3.97483e-10
-0.0755944  -3.13818e-10  -3.13818e-10
-0.0539961  -2.29941e-10  -2.29941e-10
-0.0323977  -1.45659e-10  -1.45659e-10
-0.0107992  -6.10641e-11  -6.10641e-11
0.0107992  2.35873e-11  2.35873e-11
0.0323977  1.07989e-10  1.07989e-10
0.0539961  1.91948e-10  1.91948e-10
0.0755944  2.75571e-10  2.75571e-10
0.0971927  3.59259e-10  3.59259e-10
0.118791  4.43435e-10  4.43435e-10
0.140389  5.28265e-10  5.28265e-10
0.161987  6.13629e-10  6.13629e-10
0.183585  6.99242e-10  6.99242e-10
0.205182  7.84803e-10  7.84803e-10
0.22678  8.70146e-10  8.70146e-10
0.248377  9.5542e-10  9.5542e-10
0.269974  1.04105e-09  1.04105e-09
0.291571  1.12748e-09  1.12748e-09
0.313167  1.21482e-09  1.21482e-09
0.334763  1.30293e-09  1.30293e-09
0.356359  1.39149e-09  1.39149e-09
0.377954  1.4802e-09  1.4802e-09
0.399549  1.56892e-09  1.56892e-09
0.421144  1.65783e-09  1.65783e-09
0.442738  1.74743e-09  1.74743e-09
0.464332  1.83817e-09  1.83817e-09
0.485926  1.93013e-09  1.93013e-09
0.507519  2.02311e-09  2.02311e-09
0.529111  2.11675e-09  2.11675e-09
0.550703  2.21077e-09  2.21077e-09
0.572294  2.30501e-09  2.30501e-09
0.593885  2.39975e-09  2.39975e-09
0.615475  2.49554e-09  2.49554e-09
0.637065  2.59288e-09  2.59288e-09
0.658654  2.69182e-09  2.69182e-09
0.680243  2.79206e-09  2.79206e-09
0.701831  2.89323e-09  2.89323e-09
0.723418  2.99499e-09  2.99499e-09
0.745004  3.09722e-09  3.09722e-09
0.76659  3.20024e-09  3.20024e-09
0.788175  3.30479e-09  3.30479e-09
0.809759  3.41142e-09  3.41142e-09
0.831342  3.52011e-09  3.52011e-09
0.852925  3.63044e-09  3.63044e-09
0.874507  3.74201e-09  3.74201e-09
0.896088  3.85443e-09  3.85443e-09
0.917668  3.96753e-09  3.96753e-09
0.939247  4.08175e-09  4.08175e-09
0.960825  4.1981e-09  4.1981e-09
0.982403  4.3173e-09  4.3173e-09
1.00398  4.43916e-09  4.43916e-09
1.02555  4.56309e-09  4.56309e-09
1.04713  4.68863e-09  4.68863e-09
1.0687  4.81531e-09  4.81531e-09
1.09027  4.94278e-09  4.94278e-09
1.11185  5.0717e-09  5.0717e-09
1.13342  5.20364e-09  5.20364e-09
1.15499  5.33958e-09  5.33958e-09
1.17655  5.47903e-09  5.47903e-09
1.19812  5.62111e-09  5.62111e-09
1.21969  5.76533e-09  5.76533e-09
1.24125  5.91093e-09  5.91093e-09
1.26281  6.05712e-09  6.05712e-09
1.28438  6.20497e-09  6.20497e-09
1.30594  6.3573e-09  6.3573e-09
1.3275  6.51557e-09  6.51557e-09
1.34906  6.67863e-09  6.67863e-09
1.37061  6.84512e-09  6.84512e-09
1.39217  7.01464e-09  7.01464e-09
1.41372  7.18558e-09  7.18558e-09
1.43528  7.35583e-09  7.35583e-09
1.45683  7.52747e-09  7.52747e-09
1.47838  7.70637e-09  7.70637e-09
1.49993  7.89501e-09  7.89501e-09
1.52148  8.09041e-09  8.09041e-09
1.54302  8.29061e-09  8.29061e-09
1.56457  8.49589e-09  8.49589e-09
1.58611  8.70191e-09  8.70191e-09
1.60765  8.9023e-09  8.9023e-09
1.62919  9.10196e-09  9.10196e-09
1.65073  9.31537e-09  9.31537e-09
1.67227  9.547e-09  9.547e-09
1.6938  9.78844e-09  9.78844e-09
1.71533  1.00379e-08  1.00379e-08
1.73687  1.02994e-08  1.02994e-08
1.7584  1.05586e-08  1.05586e-08
1.77992  1.07933e-08  1.07933e-08
1.80145  1.10178e-08  1.10178e-08
1.82298  1.12752e-08  1.12752e-08
1.8445  1.15731e-08  1.15731e-08
1.86602  1.18832e-08  1.18832e-08
1.88754  1.22128e-08  1.22128e-08
1.90906  1.25889e-08  1.25889e-08
1.93057  1.29537e-08  1.29537e-08
1.95209  1.32106e-08  1.32106e-08
1.9736  1.34123e-08  1.34123e-08
1.99511  1.37223e-08  1.37223e-08
2.01662  1.41422e-08  1.41422e-08
2.03813  1.45457e-08  1.45457e-08
2.05963  1.50346e-08  1.50346e-08
2.08113  1.58128e-08  1.58128e-08
2.10263  1.65787e-08  1.65787e-08
2.12413  1.67571e-08  1.67571e-08
2.14563  1.66005e-08  1.66005e-08
2.16712  1.69833e-08  1.69833e-08
2.18862  1.77011e-08  1.77011e-08
2.21011  1.78511e-08  1.78511e-08
2.23159  1.86867e-08  1.86867e-08
2.25308  2.26494e-08  2.26494e-08
2.27456  2.75236e-08  2.75236e-08
2.29605  2.74023e-08  2.74023e-08
2.31753  2.38372e-08  2.38372e-08
2.339  2.52263e-08  2.52263e-08
2.36048  2.54562e-08  2.54562e-08
2.38195  6.92295e-09  6.92295e-09
2.40342  -4.05528e-09  -4.05528e-09
2.42489  7.18588e-08  7.18588e-08
2.44635  2.28235e-07  2.28235e-07
2.46782  2.91409e-07  2.91409e-07
2.48928  2.49761e-07  2.49761e-07
2.51074  5.43438e-07  5.43438e-07
2.53219  6.16851e-07  6.16851e-07
2.55365  -5.10823e-06  -5.10823e-06
2.5751  -2.98612e-05  -2.98612e-05
2.59655  -8.62026e-05  -8.62026e-05
2.61799  -0.00015889  -0.00015889
2.63944  -0.00016473  -0.00016473
2.66088  7.64897e-05  7.64897e-05
2.68232  0.000830052  0.000830052
2.70375  0.00238144  0.00238144
2.72519  0.00494028  0.00494028
2.74662  0.00855852  0.00855852
2.76804  0.0130998  0.0130998
2.78947  0.018255  0.018255
2.81089  0.0235507  0.0235507
2.83231  0.0282858  0.0282858
2.85373  0.0313872  0.0313872
2.87515  0.0312997  0.0312997
2.89656  0.0261278  0.0261278
2.91797  0.0142246  0.0142246
2.93937  -0.00482608  -0.00482608
2.96078  -0.0292672  -0.0292672
2.98218  -0.0549544  -0.0549544
3.00357  -0.0763856  -0.0763856
3.02497  -0.0888281  -0.0888281
3.04636  -0.090588  -0.090588
3.06775  -0.0840902  -0.0840902
3.08914  -0.0749234  -0.0749234
3.11052  -0.0691693  -0.0691693
3.1319  -0.0704594  -0.0704594
3.15328  -0.0784488  -0.0784488
3.17465  -0.0895171  -0.0895171
3.19602  -0.0990823  -0.0990823
3.21739  -0.103956  -0.103956
3.23875  -0.103342  -0.103342
3.26011  -0.0981705  -0.0981705
3.28147  -0.0895729  -0.0895729
3.30283  -0.0776651  -0.0776651
3.32418  -0.0613178  -0.0613178
3.34553  -0.0388025  -0.0388025
3.36687  -0.00873555  -0.00873555
3.38822  0.0292409  0.0292409
3.40956  0.0743255  0.0743255
3.43089  0.124959  0.124959
3.45222  0.179475  0.179475
3.47355  0.236483  0.236483
3.49488  0.294489  0.294489
3.5162  0.350731  0.350731
3.53752  0.400067  0.400067
3.55884  0.435193  0.435193
3.58015  0.448945  0.448945
3.60146  0.437929  0.437929
3.62276  0.405331  0.405331
3.64406  0.360662  0.360662
3.66536  0.315931  0.315931
3.68666  0.280083  0.280083
3.70795  0.254962  0.254962
3.72924  0.23528  0.23528
3.75052  0.212655  0.212655
3.7718  0.181258  0.181258
3.79308  0.141703  0.141703
3.81435  0.100958  0.100958
3.83562  0.0684641  0.0684641
3.85689  0.0508611  0.0508611
3.87815  0.0484388  0.0484388
3.89941  0.0553543  0.0553543
3.92066  0.0633509  0.0633509
3.94191  0.0666046  0.0666046
3.96316  0.0647133  0.0647133
3.9844  0.0622106  0.0622106
4.00564  0.0653639  0.0653639
4.02688  0.0786241  0.0786241
4.04811  0.102736  0.102736
4.06934  0.134728  0.134728
4.09056  0.168618  0.168618
4.11178  0.196031  0.196031
4.133  0.207441  0.207441
4.15421  0.195314  0.195314
4.17542  0.158878  0.158878
4.19662  0.107673  0.107673
4.21782  0.0602876  0.0602876
4.23902  0.0372699  0.0372699
4.26021  0.0515691  0.0515691
4.28139  0.1023  0.1023
4.30258  0.175847  0.175847
4.32376  0.253475  0.253475
4.34493  0.320482  0.320482
4.3661  0.371548  0.371548
4.38727  0.410072  0.410072
4.40843  0.443085  0.443085
4.42959  0.475182  0.475182
4.45075  0.504421  0.504421
4.47189  0.521686  0.521686
4.49304  0.513841  0.513841
4.51418  0.469889  0.469889
4.53532  0.387889  0.387889
4.55645  0.27899  0.27899
4.57758  0.165346  0.165346
4.5987  0.0716903  0.0716903
4.61982  0.0145706  0.0145706
4.64094  -0.00466905  -0.00466905
4.66205  0.000906734  0.000906734
4.68315  0.01142  0.01142
4.70425  0.00942649  0.00942649
4.72535  -0.0144356  -0.0144356
4.74644  -0.0610392  -0.0610392
4.76753  -0.125359  -0.125359
4.78861  -0.19881  -0.19881
4.80969  -0.270133  -0.270133
4.83076  -0.326062  -0.326062
4.85183  -0.353437  -0.353437
4.8729  -0.342731  -0.342731
4.89396  -0.291214  -0.291214
4.91501  -0.203925  -0.203925
4.93606  -0.0920909  -0.0920909
4.95711  0.0298477  0.0298477
4.97815  0.147044  0.147044
4.99918  0.245924  0.245924
5.02021  0.314672  0.314672
5.04124  0.343177  0.343177
5.06226  0.32343  0.32343
5.08328  0.25118  0.25118
5.10429  0.128685  0.128685
5.1253  -0.0330436  -0.0330436
5.1463  -0.214688  -0.214688
5.16729  -0.392739  -0.392739
5.18829  -0.545729  -0.545729
5.20927  -0.65925  -0.65925
5.23026  -0.727221  -0.727221
5.25123  -0.749744  -0.749744
5.2722  -0.730369  -0.730369
5.29317  -0.675359  -0.675359
5.31413  -0.594897  -0.594897
5.33509  -0.503663  -0.503663
5.35604  -0.418403  -0.418403
5.37698  -0.352793  -0.352793
5.39793  -0.312862  -0.312862
5.41886  -0.296604  -0.296604
5.43979  -0.298734  -0.298734
5.46072  -0.317577  -0.317577
5.48164  -0.358786  -0.358786
5.50255  -0.432027  -0.432027
5.52346  -0.541413  -0.541413
5.54436  -0.675645  -0.675645
5.56526  -0.805426  -0.805426
5.58616  -0.891946  -0.891946
5.60704  -0.902843  -0.902843
5.62793  -0.826346  -0.826346
5.6488  -0.674838  -0.674838
5.66968  -0.475981  -0.475981
5.69054  -0.257718  -0.257718
5.7114  -0.0368346  -0.0368346
5.73226  0.182793  0.182793
5.75311  0.403266  0.403266
5.77395  0.623278  0.623278
5.79479  0.832595  0.832595
5.81562  1.01303  1.01303
5.83645  1.14441  1.14441
5.85727  1.21206  1.21206
5.87809  1.21261  1.21261
5.8989  1.1562  1.1562
5.9197  1.06464  1.06464
5.9405  0.965933  0.965933
5.9613  0.886953  0.886953
5.98208  0.846509  0.846509
6.00286  0.851487  0.851487
6.02364  0.89766  0.89766
6.04441  0.974735  0.974735
6.06518  1.07277  1.07277
6.08593  1.18589  1.18589
6.10669  1.31074  1.31074
6.12743  1.44066  1.44066
6.14817  1.56038  1.56038
6.16891  1.64617  1.64617
6.18964  1.6731  1.6731
6.21036  1.62561  1.62561
6.23108  1.50508  1.50508
6.25179  1.32927  1.32927
6.27249  1.12416  1.12416
6.29319  0.912737  0.912737
6.31389  0.706785  0.706785
6.33457  0.505454  0.505454
6.35525  0.300544  0.300544
6.37593  0.0854294  0.0854294
6.3966  -0.136814  -0.136814
6.41726  -0.350066  -0.350066
6.43791  -0.528678  -0.528678
6.45856  -0.646936  -0.646936
6.47921  -0.690686  -0.690686
6.49985  -0.665805  -0.665805
6.52048  -0.599296  -0.599296
6.5411  -0.531883  -0.531883
6.56172  -0.504629  -0.504629
6.58233  -0.544597  -0.544597
6.60294  -0.655013  -0.655013
6.62354  -0.813737  -0.813737
6.64413  -0.980784  -0.980784
6.66472  -1.11209  -1.11209
6.6853  -1.17407  -1.17407
6.70587  -1.15349  -1.15349
6.72644  -1.05933  -1.05933
6.747  -0.917311  -0.917311
6.76755  -0.759714  -0.759714
6.7881  -0.614219  -0.614219
6.80864  -0.494601  -0.494601
6.82918  -0.396485  -0.396485
6.84971  -0.301096  -0.301096
6.87023  -0.187618  -0.187618
6.89074  -0.0495129  -0.0495129
6.91125  0.094701  0.094701
6.93175  0.205098  0.205098
6.95225  0.239338  0.239338
6.97274  0.177221  0.177221
6.99322  0.0356865  0.0356865
7.01369  -0.135944  -0.135944
7.03416  -0.278509  -0.278509
7.05462  -0.350248  -0.350248
7.07508  -0.343041  -0.343041
7.09552  -0.27898  -0.27898
7.11597  -0.190355  -0.190355
7.1364  -0.0956818  -0.0956818
7.15683  0.0133927  0.0133927
7.17725  0.165618  0.165618
7.19766  0.386872  0.386872
7.21807  0.673545  0.673545
7.23847  0.979463  0.979463
7.25886  1.22657  1.22657
7.27924  1.33599  1.33599
7.29962  1.26364  1.26364
7.31999  1.02154  1.02154
7.34036  0.673648  0.673648
7.36071  0.30954  0.30954
7.38106  0.00999345  0.00999345
7.40141  -0.17889  -0.17889
7.42174  -0.253468  -0.253468
7.44207  -0.242888  -0.242888
7.46239  -0.190176  -0.190176
7.48271  -0.133835  -0.133835
7.50302  -0.0965529  -0.0965529
7.52332  -0.082916  -0.082916
7.54361  -0.0844053  -0.0844053
7.56389  -0.0880086  -0.0880086
7.58417  -0.0842594  -0.0842594
7.60444  -0.0712225  -0.0712225
7.62471  -0.0530732  -0.0530732
7.64496  -0.034915  -0.034915
7.66521  -0.0177311  -0.0177311
7.68545  0.00281754  0.00281754
7.70569  0.0328635  0.0328635
7.72591  0.0747993  0.0747993
7.74613  0.124188  0.124188
7.76634  0.171961  0.171961
7.78655  0.210779  0.210779
7.80674  0.240969  0.240969
7.82693  0.27112  0.27112
7.84712  0.311791  0.311791
7.86729  0.365758  0.365758
7.88746  0.421142  0.421142
7.90761  0.452508  0.452508
7.92777  0.430045  0.430045
7.94791  0.331853  0.331853
7.96804  0.152632  0.152632
7.98817  -0.0950866  -0.0950866
8.00829  -0.385994  -0.385994
8.02841  -0.688573  -0.688573
8.04851  -0.96894  -0.96894
8.06861  -1.19149  -1.19149
8.0887  -1.31986  -1.31986
8.10878  -1.32246  -1.32246
8.12885  -1.18371  -1.18371
8.14892  -0.916531  -0.916531
8.16898  -0.568747  -0.568747
8.18903  -0.216699  -0.216699
8.20907  0.0544262  0.0544262
8.22911  0.17742  0.17742
8.24913  0.12647  0.12647
8.26915  -0.0726279  -0.0726279
8.28916  -0.350035  -0.350035
8.30916  -0.614721  -0.614721
8.32916  -0.784241  -0.784241
8.34915  -0.810543  -0.810543
8.36912  -0.69263  -0.69263
8.38909  -0.472146  -0.472146
8.40906  -0.214653  -0.214653
8.42901  0.0153566  0.0153566
8.44896  0.176054  0.176054
8.4689  0.25913  0.25913
8.48883  0.287293  0.287293
8.50875  0.300555  0.300555
8.52866  0.337051  0.337051
8.54857  0.415906  0.415906
8.56846  0.529197  0.529197
8.58835  0.646609  0.646609
8.60823  0.730549  0.730549
8.62811  0.753792  0.753792
8.64797  0.710199  0.710199
8.66782  0.613411  0.613411
8.68767  0.48623  0.48623
8.70751  0.348958  0.348958
8.72734  0.214173  0.214173
8.74716  0.0891234  0.0891234
8.76698  -0.0192771  -0.0192771
8.78678  -0.102898  -0.102898
8.80658  -0.15585  -0.15585
8.82637  -0.179118  -0.179118
8.84615  -0.181172  -0.181172
8.86592  -0.173049  -0.173049
8.88568  -0.161305  -0.161305
8.90544  -0.144206  -0.144206
8.92518  -0.113989  -0.113989
8.94492  -0.0637242  -0.0637242
8.96465  0.00560201  0.00560201
8.98437  0.0819779  0.0819779
9.00408  0.14525  0.14525
9.02378  0.175243  0.175243
9.04347  0.162036  0.162036
9.06316  0.113786  0.113786
9.08283  0.0575813  0.0575813
9.1025  0.0311766  0.0311766
9.12216  0.0678868  0.0678868
9.14181  0.181034  0.181034
9.16145  0.355548  0.355548
9.18108  0.551278  0.551278
9.20071  0.716816  0.716816
9.22032  0.807602  0.807602
9.23993  0.800565  0.800565
9.25952  0.700087  0.700087
9.27911  0.534649  0.534649
9.29869  0.347078  0.347078
9.31826  0.182385  0.182385
9.33782  0.0762663  0.0762663
9.35737  0.0463125  0.0463125
9.37691  0.0878631  0.0878631
9.39645  0.176375  0.176375
9.41597  0.276518  0.276518
9.43549  0.354864  0.354864
9.455  0.390277  0.390277
9.47449  0.376907  0.376907
9.49398  0.319377  0.319377
9.51346  0.22507  0.22507
9.53293  0.100061  0.100061
9.55239  -0.0484101  -0.0484101
9.57184  -0.206087  -0.206087
9.59129  -0.34892  -0.34892
9.61072  -0.447716  -0.447716
9.63014  -0.478684  -0.478684
9.64956  -0.43357  -0.43357
9.66896  -0.322966  -0.322966
9.68836  -0.170894  -0.170894
9.70775  -0.00432674  -0.00432674
9.72712  0.156071  0.156071
9.74649  0.299388  0.299388
9.76585  0.42189  0.42189
9.7852  0.521998  0.521998
9.80454  0.597176  0.597176
9.82387  0.644786  0.644786
9.84319  0.665634  0.665634
9.8625  0.666887  0.666887
9.8818  0.66163  0.66163
9.90109  0.664762  0.664762
9.92038  0.687439  0.687439
9.93965  0.733091  0.733091
9.95891  0.796969  0.796969
9.97817  0.869014  0.869014
9.99741  0.938172  0.938172
10.0166  0.995926  0.995926
10.0359  1.03783  1.03783
10.0551  1.0631  1.0631
10.0743  1.07344  1.07344
10.0935  1.07179  1.07179
10.1127  1.06179  1.06179
10.1319  1.0473  1.0473
10.151  1.03202  1.03202
10.1702  1.01882  1.01882
10.1893  1.00926  1.00926
10.2085  1.00352  1.00352
10.2276  1.0008  1.0008
10.2467  0.999921  0.999921
10.2658  0.999875  0.999875
10.2849  1.00006  1.00006
10.304  1.00022  1.00022
10.3231  1.00033  1.00033
10.3421  1.00042  1.00042
10.3612  1.0005  1.0005
10.3803  1.00059  1.00059
10.3993  1.00067  1.00067
10.4183  1.00074  1.00074
10.4373  1.00079  1.00079
10.4563  1.00082  1.00082
10.4753  1.00084  1.00084
10.4943  1.00085  1.00085
10.5133  1.00087  1.00087
10.5323  1.00089  1.00089
10.5512  1.00091  1.00091
10.5702  1.00093  1.00093
10.5891  1.00094  1.00094
10.608  1.00095  1.00095
10.627  1.00096  1.00096
10.6459  1.00096  1.00096
10.6648  1.00097  1.00097
10.6836  1.00097  1.00097
10.7025  1.00098  1.00098
10.7214  1.00099  1.00099
10.7402  1.00099  1.00099
10.7591  1.00099  1.00099
10.7779  1.00099  1.00099
10.7967  1.00099  1.00099
10.8156  1.00099  1.00099
10.8344  1.00099  1.00099
10.8532  1.00099  1.00099
10.8719  1.00099  1.00099
10.8907  1.00099  1.00099
10.9095  1.00099  1.00099
10.9282  1.00098  1.00098
10.947  1.00097  1.00097
10.9657  1.00097  1.00097
10.9844  1.00097  1.00097
11.0031  1.00096  1.00096
11.0218  1.00095  1.00095
11.0405  1.00094  1.00094
11.0592  1.00093  1.00093
11.0778  1.00091  1.00091
11.0965  1.00089  1.00089
11.1151  1.00087  1.00087
11.1338  1.00086  1.00086
11.1524  1.00084  1.00084
11.171  1.00081  1.00081
11.1896  1.00077  1.00077
11.2082  1.0007  1.0007
11.2268  1.00063  1.00063
11.2454  1.00054  1.00054
11.2639  1.00047  1.00047
11.2825  1.00038  1.00038
11.301  1.00025  1.00025
11.3195  0.999881  0.999881
11.338  0.998875  0.998875
11.3565  0.996389  0.996389
11.375  0.990987  0.990987
11.3935  0.980668  0.980668
11.412  0.963276  0.963276
11.4304  0.937283  0.937283
11.4489  0.902603  0.902603
11.4673  0.860882  0.860882
11.4858  0.81493  0.81493
11.5042  0.767617  0.767617
11.5226  0.721098  0.721098
11.541  0.677178  0.677178
11.5594  0.638694  0.638694
11.5777  0.61071  0.61071
11.5961  0.599993  0.599993
11.6144  0.612123  0.612123
11.6328  0.647298  0.647298
11.6511  0.697244  0.697244
11.6694  0.74576  0.74576
11.6877  0.773893  0.773893
11.706  0.768173  0.768173
11.7243  0.728096  0.728096
11.7426  0.668478  0.668478
11.7608  0.614489  0.614489
11.7791  0.59125  0.59125
11.7973  0.613413  0.613413
11.8155  0.680524  0.680524
11.8337  0.780242  0.780242
11.8519  0.896319  0.896319
11.8701  1.01532  1.01532
11.8883  1.12794  1.12794
11.9065  1.22563  1.22563
11.9246  1.29725  1.29725
11.9428  1.32985  1.32985
11.9609  1.31382  1.31382
11.979  1.24876  1.24876
11.9971  1.14543  1.14543
12.0152  1.02262  1.02262
12.0333  0.90048  0.90048
12.0514  0.794283  0.794283
12.0695  0.710935  0.710935
12.0875  0.649112  0.649112
12.1056  0.602151  0.602151
12.1236  0.562248  0.562248
12.1416  0.524299  0.524299
12.1596  0.487773  0.487773
12.1776  0.455931  0.455931
12.1956  0.433218  0.433218
12.2136  0.42283  0.42283
12.2315  0.426109  0.426109
12.2495  0.443563  0.443563
12.2674  0.47564  0.47564
12.2853  0.521535  0.521535
12.3032  0.576452  0.576452
12.3211  0.62988  0.62988
12.339  0.667529  0.667529
12.3569  0.676979  0.676979
12.3748  0.653891  0.653891
12.3926  0.604523  0.604523
12.4105  0.542661  0.542661
12.4283  0.483131  0.483131
12.4461  0.436511  0.436511
12.4639  0.408158  0.408158
12.4817  0.400444  0.400444
12.4995  0.414091  0.414091
12.5172  0.445904  0.445904
12.535  0.484818  0.484818
12.5527  0.511606  0.511606
12.5705  0.505688  0.505688
12.5882  0.45643  0.45643
12.6059  0.37151  0.37151
12.6236  0.276063  0.276063
12.6413  0.202725  0.202725
12.6589  0.178737  0.178737
12.6766  0.217055  0.217055
12.6943  0.314108  0.314108
12.7119  0.452355  0.452355
12.7295  0.604913  0.604913
12.7471  0.741803  0.741803
12.7647  0.838577  0.838577
12.7823  0.885875  0.885875
12.7999  0.894638  0.894638
12.8174  0.891271  0.891271
12.835  0.902282  0.902282
12.8525  0.936124  0.936124
12.87  0.974344  0.974344
12.8876  0.980005  0.980005
12.9051  0.920213  0.920213
12.9225  0.789179  0.789179
12.94  0.616497  0.616497
12.9575  0.454456  0.454456
12.9749  0.35187  0.35187
12.9924  0.330491  0.330491
13.0098  0.3775  0.3775
13.0272  0.456432  0.456432
13.0446  0.527582  0.527582
13.062  0.565175  0.565175
13.0793  0.563472  0.563472
13.0967  0.532588  0.532588
13.1141  0.490394  0.490394
13.1314  0.456511  0.456511
13.1487  0.449723  0.449723
13.166  0.485951  0.485951
13.1833  0.573568  0.573568
13.2006  0.706598  0.706598
13.2179  0.86061  0.86061
13.2351  0.996776  0.996776
13.2524  1.07512  1.07512
13.2696  1.07134  1.07134
13.2868  0.987936  0.987936
13.304  0.853391  0.853391
13.3212  0.710158  0.710158
13.3384  0.598835  0.598835
13.3556  0.546491  0.546491
13.3728  0.562772  0.562772
13.3899  0.642154  0.642154
13.407  0.768705  0.768705
13.4241  0.921176  0.921176
13.4412  1.0781  1.0781
13.4583  1.22244  1.22244
13.4754  1.34394  1.34394
13.4925  1.43713  1.43713
13.5095  1.49595  1.49595
13.5266  1.50926  1.50926
13.5436  1.46201  1.46201
13.5606  1.34292  1.34292
13.5776  1.15405  1.15405
13.5946  0.915214  0.915214
13.6116  0.659568  0.659568
13.6285  0.422716  0.422716
13.6455  0.232041  0.232041
13.6624  0.101638  0.101638
13.6794  0.0334466  0.0334466
13.6963  0.0210115  0.0210115
13.7132  0.05219  0.05219
13.73  0.110238  0.110238
13.7469  0.175515  0.175515
13.7638  0.229753  0.229753
13.7806  0.261895  0.261895
13.7974  0.271925  0.271925
13.8143  0.269364  0.269364
13.8311  0.266316  0.266316
13.8478  0.268649  0.268649
13.8646  0.270494  0.270494
13.8814  0.255699  0.255699
13.8981  0.206062  0.206062
13.9149  0.112344  0.112344
13.9316  -0.0176365  -0.0176365
13.9483  -0.158081  -0.158081
13.965  -0.271913  -0.271913
13.9817  -0.321755  -0.321755
13.9983  -0.280359  -0.280359
14.015  -0.137281  -0.137281
14.0316  0.0986553  0.0986553
14.0483  0.400081  0.400081
14.0649  0.724675  0.724675
14.0815  1.02249  1.02249
14.0981  1.24723  1.24723
14.1147  1.36896  1.36896
14.1312  1.38311  1.38311
14.1478  1.311  1.311
14.1643  1.19068  1.19068
14.1808  1.06138  1.06138
14.1973  0.948415  0.948415
14.2138  0.854943  0.854943
14.2303  0.764491  0.764491
14.2468  0.653184  0.653184
14.2632  0.505902  0.505902
14.2796  0.328345  0.328345
14.2961  0.148828  0.148828
14.3125  0.00887875  0.00887875
14.3289  -0.0528213  -0.0528213
14.3453  -0.0160956  -0.0160956
14.3616  0.111451  0.111451
14.378  0.29468  0.29468
14.3943  0.481064  0.481064
14.4106  0.618405  0.618405
14.427  0.67456  0.67456
14.4433  0.651082  0.651082
14.4595  0.583647  0.583647
14.4758  0.527908  0.527908
14.4921  0.537183  0.537183
14.5083  0.642648  0.642648
14.5245  0.844279  0.844279
14.5408  1.11372  1.11372
14.557  1.40421  1.40421
14.5731  1.66166  1.66166
14.5893  1.83465  1.83465
14.6055  1.88444  1.88444
14.6216  1.79601  1.79601
14.6378  1.58688  1.58688
14.6539  1.30716  1.30716
14.67  1.02545  1.02545
14.6861  0.802717  0.802717
14.7021  0.665528  0.665528
14.7182  0.593482  0.593482
14.7342  0.529781  0.529781
14.7503  0.411081  0.411081
14.7663  0.201343  0.201343
14.7823  -0.0878451  -0.0878451
14.7983  -0.400065  -0.400065
14.8143  -0.656951  -0.656951
14.8302  -0.788834  -0.788834
14.8462  -0.759119  -0.759119
14.8621  -0.573503  -0.573503
14.878  -0.273238  -0.273238
14.8939  0.0815374  0.0815374
14.9098  0.429523  0.429523
14.9257  0.719979  0.719979
14.9415  0.916492  0.916492
14.9574  0.995926  0.995926
14.9732  0.947522  0.947522
14.989  0.774887  0.774887
15.0048  0.499352  0.499352
15.0206  0.16034  0.16034
15.0364  -0.190933  -0.190933
15.0522  -0.504433  -0.504433
15.0679  -0.746554  -0.746554
15.0836  -0.910548  -0.910548
15.0994  -1.01583  -1.01583
15.1151  -1.09462  -1.09462
15.1307  -1.17136  -1.17136
15.1464  -1.24585  -1.24585
15.1621  -1.29097  -1.29097
15.1777  -1.26854  -1.26854
15.1933  -1.15604  -1.15604
15.209  -0.968963  -0.968963
15.2246  -0.764668  -0.764668
15.2401  -0.62344  -0.62344
15.2557  -0.615432  -0.615432
15.2713  -0.769985  -0.769985
15.2868  -1.06188  -1.06188
15.3023  -1.41938  -1.41938
15.3178  -1.74824  -1.74824
15.3333  -1.96007  -1.96007
15.3488  -1.99498  -1.99498
15.3643  -1.8333  -1.8333
15.3797  -1.49576  -1.49576
15.3952  -1.03395  -1.03395
15.4106  -0.514196  -0.514196
15.426  -0.000175135  -0.000175135
15.4414  0.45988  0.45988
15.4568  0.837649  0.837649
15.4721  1.12257  1.12257
15.4875  1.31877  1.31877
15.5028  1.44531  1.44531
15.5181  1.53684  1.53684
15.5334  1.63715  1.63715
15.5487  1.7806  1.7806
15.564  1.96779  1.96779
15.5792  2.15132  2.15132
15.5945  2.24614  2.24614
15.6097  2.16472  2.16472
15.6249  1.86005  1.86005
15.6401  1.35227  1.35227
15.6553  0.724177  0.724177
15.6705  0.0894825  0.0894825
15.6856  -0.446917  -0.446917
15.7008  -0.816424  -0.816424
15.7159  -0.993141  -0.993141
15.731  -0.984855  -0.984855
15.7461  -0.820855  -0.820855
15.7612  -0.544853  -0.544853
15.7762  -0.212303  -0.212303
15.7913  0.113891  0.113891
15.8063  0.373136  0.373136
15.8213  0.519862  0.519862
15.8363  0.532609  0.532609
15.8513  0.414973  0.414973
15.8663  0.189626  0.189626
15.8812  -0.109268  -0.109268
15.8962  -0.440958  -0.440958
15.9111  -0.760574  -0.760574
15.926  -1.0227  -1.0227
15.9409  -1.18852  -1.18852
15.9558  -1.23484  -1.23484
15.9706  -1.15983  -1.15983
15.9855  -0.981757  -0.981757
16.0003  -0.731421  -0.731421
16.0151  -0.444021  -0.444021
16.0299  -0.155738  -0.155738
16.0447  0.0945415  0.0945415
16.0595  0.264357  0.264357
16.0742  0.315316  0.315316
16.089  0.231014  0.231014
16.1037  0.0367562  0.0367562
16.1184  -0.194146  -0.194146
16.1331  -0.35895  -0.35895
16.1478  -0.366136  -0.366136
16.1624  -0.179263  -0.179263
16.1771  0.160952  0.160952
16.1917  0.551384  0.551384
16.2063  0.872202  0.872202
16.2209  1.03937  1.03937
16.2355  1.03638  1.03638
16.2501  0.911166  0.911166
16.2646  0.74468  0.74468
16.2792  0.611738  0.611738
16.2937  0.554274  0.554274
16.3082  0.575827  0.575827
16.3227  0.652888  0.652888
16.3371  0.752031  0.752031
16.3516  0.843123  0.843123
16.366  0.904554  0.904554
16.3805  0.922022  0.922022
16.3949  0.885291  0.885291
16.4093  0.787096  0.787096
16.4236  0.625491  0.625491
16.438  0.407162  0.407162
16.4524  0.147403  0.147403
16.4667  -0.135191  -0.135191
16.481  -0.426011  -0.426011
16.4953  -0.717001  -0.717001
16.5096  -1.00039  -1.00039
16.5239  -1.2572  -1.2572
16.5381  -1.4506  -1.4506
16.5523  -1.53272  -1.53272
16.5666  -1.46471  -1.46471
16.5808  -1.23896  -1.23896
16.5949  -0.889582  -0.889582
16.6091  -0.483691  -0.483691
16.6233  -0.0977102  -0.0977102
16.6374  0.208418  0.208418
16.6515  0.406673  0.406673
16.6656  0.501194  0.501194
16.6797  0.517493  0.517493
16.6938  0.489078  0.489078
16.7079  0.447828  0.447828
16.7219  0.419219  0.419219
16.7359  0.419865  0.419865
16.75  0.455151  0.455151
16.7639  0.517368  0.517368
16.7779  0.58656  0.58656
16.7919  0.635503  0.635503
16.8058  0.637932  0.637932
16.8198  0.577413  0.577413
16.8337  0.453972  0.453972
16.8476  0.286217  0.286217
16.8615  0.107475  0.107475
16.8753  -0.0439517  -0.0439517
16.8892  -0.13758  -0.13758
16.903  -0.16116  -0.16116
16.9168  -0.123275  -0.123275
16.9306  -0.0466527  -0.0466527
16.9444  0.043648  0.043648
16.9582  0.130052  0.130052
16.9719  0.205269  0.205269
16.9857  0.268635  0.268635
16.9994  0.320886  0.320886
17.0131  0.362225  0.362225
17.0268  0.394667  0.394667
17.0404  0.425387  0.425387
17.0541  0.466425  0.466425
17.0677  0.528445  0.528445
17.0813  0.610844  0.610844
17.0949  0.694575  0.694575
17.1085  0.744553  0.744553
17.1221  0.723993  0.723993
17.1357  0.614999  0.614999
17.1492  0.433383  0.433383
17.1627  0.226529  0.226529
17.1762  0.0525251  0.0525251
17.1897  -0.0487893  -0.0487893
17.2032  -0.0756847  -0.0756847
17.2166  -0.062973  -0.062973
17.2301  -0.0599492  -0.0599492
17.2435  -0.101377  -0.101377
17.2569  -0.18857  -0.18857
17.2703  -0.290491  -0.290491
17.2837  -0.362529  -0.362529
17.297  -0.37112  -0.37112
17.3103  -0.310681  -0.310681
17.3237  -0.205147  -0.205147
17.337  -0.0955465  -0.0955465
17.3503  -0.022085  -0.022085
17.3635  -0.0103207  -0.0103207
17.3768  -0.0664664  -0.0664664
17.39  -0.180275  -0.180275
17.4032  -0.330404  -0.330404
17.4165  -0.488723  -0.488723
17.4296  -0.624297  -0.624297
17.4428  -0.709794  -0.709794
17.456  -0.730427  -0.730427
17.4691  -0.690837  -0.690837
17.4822  -0.613933  -0.613933
17.4953  -0.530231  -0.530231
17.5084  -0.4633  -0.4633
17.5215  -0.420372  -0.420372
17.5345  -0.393674  -0.393674
17.5476  -0.37042  -0.37042
17.5606  -0.343843  -0.343843
17.5736  -0.318084  -0.318084
17.5866  -0.304724  -0.304724
17.5995  -0.314063  -0.314063
17.6125  -0.346619  -0.346619
17.6254  -0.389615  -0.389615
17.6383  -0.420795  -0.420795
17.6512  -0.41862  -0.41862
17.6641  -0.374329  -0.374329
17.677  -0.299003  -0.299003
17.6898  -0.220127  -0.220127
17.7027  -0.167908  -0.167908
17.7155  -0.15876  -0.15876
17.7283  -0.186504  -0.186504
17.7411  -0.227439  -0.227439
17.7538  -0.255889  -0.255889
17.7666  -0.259113  -0.259113
17.7793  -0.240898  -0.240898
17.792  -0.211884  -0.211884
17.8047  -0.175084  -0.175084
17.8174  -0.118961  -0.118961
17.8301  -0.0245922  -0.0245922
17.8427  0.117572  0.117572
17.8553  0.293504  0.293504
17.8679  0.464721  0.464721
17.8805  0.582432  0.582432
17.8931  0.60865  0.60865
17.9057  0.532319  0.532319
17.9182  0.372414  0.372414
17.9307  0.168056  0.168056
17.9432  -0.0374926  -0.0374926
17.9557  -0.210175  -0.210175
17.9682  -0.33038  -0.33038
17.9806  -0.390553  -0.390553
17.9931  -0.390308  -0.390308
18.0055  -0.334664  -0.334664
18.0179  -0.236959  -0.236959
18.0303  -0.122495  -0.122495
18.0427  -0.0265569  -0.0265569
18.055  0.0162447  0.0162447
18.0673  -0.0126741  -0.0126741
18.0797  -0.104973  -0.104973
18.0919  -0.226896  -0.226896
18.1042  -0.33382  -0.33382
18.1165  -0.390312  -0.390312
18.1287  -0.384989  -0.384989
18.141  -0.333111  -0.333111
18.1532  -0.267175  -0.267175
18.1654  -0.221507  -0.221507
18.1775  -0.21819  -0.21819
18.1897  -0.259277  -0.259277
18.2018  -0.326854  -0.326854
18.214  -0.390217  -0.390217
18.2261  -0.417895  -0.417895
18.2382  -0.390802  -0.390802
18.2502  -0.311473  -0.311473
18.2623  -0.204632  -0.204632
18.2743  -0.107524  -0.107524
18.2863  -0.0536567  -0.0536567
18.2983  -0.0578232  -0.0578232
18.3103  -0.110231  -0.110231
18.3223  -0.182613  -0.182613
18.3342  -0.242306  -0.242306
18.3462  -0.266032  -0.266032
18.3581  -0.246322  -0.246322
18.37  -0.189046  -0.189046
18.3818  -0.106095  -0.106095
18.3937  -0.00907878  -0.00907878
18.4055  0.0926543  0.0926543
18.4174  0.190629  0.190629
18.4292  0.275717  0.275717
18.4409  0.338796  0.338796
18.4527  0.373256  0.373256
18.4645  0.377173  0.377173
18.4762  0.353482  0.353482
18.4879  0.308305  0.308305
18.4996  0.249015  0.249015
18.5113  0.183339  0.183339
18.523  0.119442  0.119442
18.5346  0.0657816  0.0657816
18.5462  0.0296848  0.0296848
18.5578  0.0148377  0.0148377
18.5694  0.0190804  0.0190804
18.581  0.0341462  0.0341462
18.5926  0.0480571  0.0480571
18.6041  0.0494426  0.0494426
18.6156  0.0319678  0.0319678
18.6271  -0.0031021  -0.0031021
18.6386  -0.0473693  -0.0473693
18.6501  -0.0886182  -0.0886182
18.6615  -0.115522  -0.115522
18.6729  -0.121699  -0.121699
18.6843  -0.107457  -0.107457
18.6957  -0.0787454  -0.0787454
18.7071  -0.0441456  -0.0441456
18.7185  -0.0115325  -0.0115325
18.7298  0.014122  0.014122
18.7411  0.0311603  0.0311603
18.7524  0.0402197  0.0402197
18.7637  0.0427205  0.0427205
18.775  0.0397804  0.0397804
18.7862  0.0320037  0.0320037
18.7975  0.0200056  0.0200056
18.8087  0.0051241  0.0051241
18.8199  -0.0102837  -0.0102837
18.8311  -0.0232716  -0.0232716
18.8422  -0.0312893  -0.0312893
18.8534  -0.0331794  -0.0331794
18.8645  -0.0296013  -0.0296013
18.8756  -0.0226405  -0.0226405
18.8867  -0.0148438  -0.0148438
18.8977  -0.00822509  -0.00822509
18.9088  -0.00372816  -0.00372816
18.9198  -0.00128711  -0.00128711
18.9308  -0.000276572  -0.000276572
18.9418  -1.76922e-06  -1.76922e-06
18.9528  1.58443e-05  1.58443e-05
18.9638  -4.4376e-06  -4.4376e-06
18.9747  -9.15834e-06  -9.15834e-06
18.9856  -5.00826e-06  -5.00826e-06
18.9965  -1.90636e-06  -1.90636e-06
19.0074  -1.14559e-06  -1.14559e-06
19.0183  -8.89712e-07  -8.89712e-07
19.0291  -4.21087e-07  -4.21087e-07
19.0399  -3.83091e-08  -3.83091e-08
19.0508  7.21526e-08  7.21526e-08
19.0616  4.17282e-08  4.17282e-08
19.0723  7.84501e-09  7.84501e-09
19.0831  -9.31337e-09  -9.31337e-09
19.0938  -2.23742e-08  -2.23742e-08
19.1045  -2.45709e-08  -2.45709e-08
19.1152  -1.23222e-08  -1.23222e-08
19.1259  1.9957e-09  1.9957e-09
19.1366  7.88103e-09  7.88103e-09
19.1472  7.09951e-09  7.09951e-09
19.1579  5.09521e-09  5.09521e-09
19.1685  3.39425e-09  3.39425e-09
19.1791  1.79552e-09  1.79552e-09
19.1896  1.22562e-09  1.22562e-09
19.2002  2.22922e-09  2.22922e-09
19.2107  3.68473e-09  3.68473e-09
19.2212  4.34883e-09  4.34883e-09
19.2317  4.22704e-09  4.22704e-09
19.2422  3.89462e-09  3.89462e-09
19.2527  3.55426e-09  3.55426e-09
19.2631  3.20847e-09  3.20847e-09
19.2735  3.03257e-09  3.03257e-09
19.2839  3.14455e-09  3.14455e-09
19.2943  3.36295e-09  3.36295e-09
19.3047  3.44987e-09  3.44987e-09
19.3151  3.38549e-09  3.38549e-09
19.3254  3.27232e-09  3.27232e-09
19.3357  3.15092e-09  3.15092e-09
19.346  3.02537e-09  3.02537e-09
19.3563  2.94068e-09  2.94068e-09
19.3665  2.92945e-09  2.92945e-09
19.3768  2.9494e-09  2.9494e-09
19.387  2.939e-09  2.939e-09
19.3972  2.88997e-09  2.88997e-09
19.4074  2.82731e-09  2.82731e-09
19.4175  2.76121e-09  2.76121e-09
19.4277  2.69335e-09  2.69335e-09
19.4378  2.63817e-09  2.63817e-09
19.4479  2.60653e-09  2.60653e-09
19.458  2.5859e-09  2.5859e-09
19.4681  2.55689e-09  2.55689e-09
19.4781  2.5164e-09  2.5164e-09
19.4881  2.47183e-09  2.47183e-09
19.4981  2.42599e-09  2.42599e-09
19.5081  2.37943e-09  2.37943e-09
19.5181  2.33758e-09  2.33758e-09
19.5281  2.30462e-09  2.30462e-09
19.538  2.27622e-09  2.27622e-09
19.5479  2.24543e-09  2.24543e-09
19.5578  2.2111e-09  2.2111e-09
19.5677  2.17573e-09  2.17573e-09
19.5776  2.13998e-09  2.13998e-09
19.5874  2.10393e-09  2.10393e-09
19.5972  2.06987e-09  2.06987e-09
19.607  2.03962e-09  2.03962e-09
19.6168  2.01154e-09  2.01154e-09
19.6266  1.98296e-09  1.98296e-09
19.6363  1.95349e-09  1.95349e-09
19.6461  1.92401e-09  1.92401e-09
19.6558  1.89452e-09  1.89452e-09
19.6655  1.86492e-09  1.86492e-09
19.6752  1.83624e-09  1.83624e-09
19.6848  1.80934e-09  1.80934e-09
19.6944  1.78363e-09  1.78363e-09
19.7041  1.75806e-09  1.75806e-09
19.7137  1.73254e-09  1.73254e-09
19.7232  1.70736e-09  1.70736e-09
19.7328  1.68234e-09  1.68234e-09
19.7423  1.65728e-09  1.65728e-09
19.7519  1.63267e-09  1.63267e-09
19.7614  1.60896e-09  1.60896e-09
19.7708  1.58597e-09  1.58597e-09
19.7803  1.56334e-09  1.56334e-09
19.7897  1.54109e-09  1.54109e-09
19.7992  1.5193e-09  1.5193e-09
19.8086  1.49772e-09  1.49772e-09
19.818  1.47614e-09  1.47614e-09
19.8273  1.45477e-09  1.45477e-09
19.8367  1.43389e-09  1.43389e-09
19.846  1.41348e-09  1.41348e-09
19.8553  1.39349e-09  1.39349e-09
19.8646  1.374e-09  1.374e-09
19.8739  1.35498e-09  1.35498e-09
19.8831  1.33617e-09  1.33617e-09
19.8924  1.31739e-09  1.31739e-09
19.9016  1.29869e-09  1.29869e-09
19.9108  1.28026e-09  1.28026e-09
19.92  1.26217e-09  1.26217e-09
19.9291  1.2445e-09  1.2445e-09
19.9383  1.22734e-09  1.22734e-09
19.9474  1.21063e-09  1.21063e-09
19.9565  1.19413e-09  1.19413e-09
19.9656  1.17765e-09  1.17765e-09
19.9746  1.16119e-09  1.16119e-09
19.9837  1.14488e-09  1.14488e-09
19.9927  1.12883e-09  1.12883e-09
20.0017  1.11318e-09  1.11318e-09
20.0107  1.09801e-09  1.09801e-09
20.0196  1.08327e-09  1.08327e-09
20.0286  1.06872e-09  1.06872e-09
20.0375  1.05418e-09  1.05418e-09
20.0464  1.03963e-09  1.03963e-09
20.0553  1.02515e-09  1.02515e-09
20.0642  1.01089e-09  1.01089e-09
20.073  9.96983e-10  9.96983e-10
20.0819  9.83534e-10  9.83534e-10
20.0907  9.7047e-10  9.7047e-10
20.0995  9.57589e-10  9.57589e-10
20.1082  9.4471e-10  9.4471e-10
20.117  9.31791e-10  9.31791e-10
20.1257  9.18907e-10  9.18907e-10
20.1344  9.06198e-10  9.06198e-10
20.1431  8.9382e-10  8.9382e-10
20.1518  8.8186e-10  8.8186e-10
20.1605  8.70249e-10  8.70249e-10
20.1691  8.58804e-10  8.58804e-10
20.1777  8.47355e-10  8.47355e-10
20.1863  8.3585e-10  8.3585e-10
20.1949  8.24354e-10  8.24354e-10
20.2034  8.13005e-10  8.13005e-10
20.212  8.01959e-10  8.01959e-10
20.2205  7.91294e-10  7.91294e-10
20.229  7.80948e-10  7.80948e-10
20.2375  7.70749e-10  7.70749e-10
20.2459  7.60541e-10  7.60541e-10
20.2544  7.50268e-10  7.50268e-10
20.2628  7.39985e-10  7.39985e-10
20.2712  7.2983e-10  7.2983e-10
20.2796  7.1995e-10  7.1995e-10
20.288  7.10419e-10  7.10419e-10
20.2963  7.01176e-10  7.01176e-10
20.3046  6.92067e-10  6.92067e-10
20.3129  6.82942e-10  6.82942e-10
20.3212  6.73746e-10  6.73746e-10
20.3295  6.64529e-10  6.64529e-10
20.3377  6.55423e-10  6.55423e-10
20.346  6.46568e-10  6.46568e-10
20.3542  6.38032e-10  6.38032e-10
20.3623  6.2976e-10  6.2976e-10
20.3705  6.21605e-10  6.21605e-10
20.3787  6.13431e-10  6.13431e-10
20.3868  6.05181e-10  6.05181e-10
20.3949  5.96904e-10  5.96904e-10
20.403  5.88723e-10  5.88723e-10
20.4111  5.80772e-10  5.80772e-10
20.4191  5.73114e-10  5.73114e-10
20.4271  5.65696e-10  5.65696e-10
20.4351  5.58383e-10  5.58383e-10
20.4431  5.51046e-10  5.51046e-10
20.4511  5.43631e-10  5.43631e-10
20.4591  5.36184e-10  5.36184e-10
20.467  5.28822e-10  5.28822e-10
20.4749  5.21672e-10  5.21672e-10
20.4828  5.1479e-10  5.1479e-10
20.4907  5.08127e-10  5.08127e-10
20.4985  5.01558e-10  5.01558e-10
20.5063  4.94961e-10  4.94961e-10
20.5142  4.88286e-10  4.88286e-10
20.522  4.81575e-10  4.81575e-10
20.5297  4.7494e-10  4.7494e-10
20.5375  4.68499e-10  4.68499e-10
20.5452  4.62306e-10  4.62306e-10
20.5529  4.56313e-10  4.56313e-10
20.5606  4.50404e-10  4.50404e-10
20.5683  4.44464e-10  4.44464e-10
20.5759  4.38446e-10  4.38446e-10
20.5836  4.32389e-10  4.32389e-10
20.5912  4.26401e-10  4.26401e-10
20.5988  4.20591e-10  4.20591e-10
20.6064  4.15011e-10  4.15011e-10
20.6139  4.09614e-10  4.09614e-10
20.6215  4.04291e-10  4.04291e-10
20.629  3.98935e-10  3.98935e-10
20.6365  3.93502e-10  3.93502e-10
20.6439  3.88029e-10  3.88029e-10
20.6514  3.82617e-10  3.82617e-10
20.6588  3.77372e-10  3.77372e-10
20.6663  3.72337e-10  3.72337e-10
20.6736  3.67472e-10  3.67472e-10
20.681  3.62672e-10  3.62672e-10
20.6884  3.57838e-10  3.57838e-10
20.6957  3.52927e-10  3.52927e-10
20.703  3.47976e-10  3.47976e-10
20.7103  3.4308e-10  3.4308e-10
20.7176  3.38338e-10  3.38338e-10
20.7249  3.33791e-10  3.33791e-10
20.7321  3.29401e-10  3.29401e-10
20.7393  3.25069e-10  3.25069e-10
20.7465  3.20701e-10  3.20701e-10
20.7537  3.16257e-10  3.16257e-10
20.7608  3.11773e-10  3.11773e-10
20.768  3.07339e-10  3.07339e-10
20.7751  3.03049e-10  3.03049e-10
20.7822  2.9894e-10  2.9894e-10
20.7893  2.94975e-10  2.94975e-10
20.7963  2.91062e-10  2.91062e-10
20.8034  2.87112e-10  2.87112e-10
20.8104  2.83088e-10  2.83088e-10
20.8174  2.79023e-10  2.79023e-10
20.8243  2.75004e-10  2.75004e-10
20.8313  2.71119e-10  2.71119e-10
20.8382  2.67403e-10  2.67403e-10
20.8452  2.6382e-10  2.6382e-10
20.8521  2.60283e-10  2.60283e-10
20.8589  2.56708e-10  2.56708e-10
20.8658  2.5306e-10  2.5306e-10
20.8726  2.49373e-10  2.49373e-10
20.8794  2.45728e-10  2.45728e-10
20.8862  2.42207e-10  2.42207e-10
20.893  2.38844e-10  2.38844e-10
20.8998  2.35604e-10  2.35604e-10
20.9065  2.32406e-10  2.32406e-10
20.9132  2.29169e-10  2.29169e-10
20.9199  2.25861e-10  2.25861e-10
20.9266  2.22513e-10  2.22513e-10
20.9332  2.19204e-10  2.19204e-10
20.9399  2.16012e-10  2.16012e-10
20.9465  2.12968e-10  2.12968e-10
20.9531  2.10037e-10  2.10037e-10
20.9596  2.07144e-10  2.07144e-10
20.9662  2.04211e-10  2.04211e-10
20.9727  2.01209e-10  2.01209e-10
20.9792  1.98168e-10  1.98168e-10
20.9857  1.95163e-10  1.95163e-10
20.9922  1.92268e-10  1.92268e-10
20.9987  1.89511e-10  1.89511e-10
21.0051  1.8686e-10  1.8686e-10
21.0115  1.84241e-10  1.84241e-10
21.0179  1.81583e-10  1.81583e-10
21.0243  1.78857e-10  1.78857e-10
21.0306  1.76094e-10  1.76094e-10
21.0369  1.73364e-10  1.73364e-10
21.0433  1.70736e-10  1.70736e-10
21.0496  1.68239e-10  1.68239e-10
21.0558  1.65841e-10  1.65841e-10
21.0621  1.6347e-10  1.6347e-10
21.0683  1.61061e-10  1.61061e-10
21.0745  1.58586e-10  1.58586e-10
21.0807  1.56074e-10  1.56074e-10
21.0869  1.53592e-10  1.53592e-10
21.093  1.51208e-10  1.51208e-10
21.0991  1.48946e-10  1.48946e-10
21.1052  1.46775e-10  1.46775e-10
21.1113  1.4463e-10  1.4463e-10
21.1174  1.42446e-10  1.42446e-10
21.1234  1.40197e-10  1.40197e-10
21.1295  1.37913e-10  1.37913e-10
21.1355  1.35657e-10  1.35657e-10
21.1415  1.33493e-10  1.33493e-10
21.1474  1.31444e-10  1.31444e-10
21.1534  1.29481e-10  1.29481e-10
21.1593  1.2754e-10  1.2754e-10
21.1652  1.25559e-10  1.25559e-10
21.1711  1.23517e-10  1.23517e-10
21.1769  1.21439e-10  1.21439e-10
21.1828  1.19388e-10  1.19388e-10
21.1886  1.17424e-10  1.17424e-10
21.1944  1.15569e-10  1.15569e-10
21.2002  1.13793e-10  1.13793e-10
21.206  1.12037e-10  1.12037e-10
21.2117  1.10242e-10  1.10242e-10
21.2174  1.08387e-10  1.08387e-10
21.2231  1.06497e-10  1.06497e-10
21.2288  1.04633e-10  1.04633e-10
21.2344  1.0285e-10  1.0285e-10
21.2401  1.0117e-10  1.0117e-10
21.2457  9.95659e-11  9.95659e-11
21.2513  9.79779e-11  9.79779e-11
21.2569  9.63513e-11  9.63513e-11
21.2624  9.46657e-11  9.46657e-11
21.268  9.2947e-11  9.2947e-11
21.2735  9.12522e-11  9.12522e-11
21.279  8.96353e-11  8.96353e-11
21.2845  8.81155e-11  8.81155e-11
21.2899  8.66662e-11  8.66662e-11
21.2953  8.52311e-11  8.52311e-11
21.3007  8.37578e-11  8.37578e-11
21.3061  8.22271e-11  8.22271e-11
21.3115  8.06642e-11  8.06642e-11
21.3169  7.91239e-11  7.91239e-11
21.3222  7.76577e-11  7.76577e-11
21.3275  7.62837e-11  7.62837e-11
21.3328  7.49757e-11  7.49757e-11
21.3381  7.36799e-11  7.36799e-11
21.3433  7.23461e-11  7.23461e-11
21.3485  7.09565e-11  7.09565e-11
21.3537  6.95357e-11  6.95357e-11
21.3589  6.81364e-11  6.81364e-11
21.3641  6.68077e-11  6.68077e-11
21.3692  6.55664e-11  6.55664e-11
21.3744  6.43872e-11  6.43872e-11
21.3795  6.32183e-11  6.32183e-11
21.3846  6.20118e-11  6.20118e-11
21.3896  6.07509e-11  6.07509e-11
21.3947  5.94598e-11  5.94598e-11
21.3997  5.81891e-11  5.81891e-11
21.4047  5.69859e-11  5.69859e-11
21.4097  5.58658e-11  5.58658e-11
21.4146  5.4804e-11  5.4804e-11
21.4196  5.37509e-11  5.37509e-11
21.4245  5.26605e-11  5.26605e-11
21.4294  5.15172e-11  5.15172e-11
21.4343  5.03445e-11  5.03445e-11
21.4391  4.91913e-11  4.91913e-11
21.4439  4.81027e-11  4.81027e-11
21.4488  4.70932e-11  4.70932e-11
21.4536  4.61387e-11  4.61387e-11
21.4583  4.51912e-11  4.51912e-11
21.4631  4.42067e-11  4.42067e-11
21.4678  4.31708e-11  4.31708e-11
21.4725  4.21064e-11  4.21064e-11
21.4772  4.10607e-11  4.10607e-11
21.4819  4.00768e-11  4.00768e-11
21.4865  3.91684e-11  3.91684e-11
21.4912  3.83118e-11  3.83118e-11
21.4958  3.74608e-11  3.74608e-11
21.5004  3.65732e-11  3.65732e-11
21.5049  3.56354e-11  3.56354e-11
21.5095  3.46701e-11  3.46701e-11
21.514  3.37227e-11  3.37227e-11
21.5185  3.28346e-11  3.28346e-11
21.523  3.20185e-11  3.20185e-11
21.5274  3.12514e-11  3.12514e-11
21.5319  3.04886e-11  3.04886e-11
21.5363  2.96895e-11  2.96895e-11
21.5407  2.88415e-11  2.88415e-11
21.5451  2.79668e-11  2.79668e-11
21.5494  2.71093e-11  2.71093e-11
21.5538  2.63089e-11  2.63089e-11
21.5581  2.55774e-11  2.55774e-11
21.5624  2.48921e-11  2.48921e-11
21.5667  2.42098e-11  2.42098e-11
21.5709  2.34917e-11  2.34917e-11
21.5752  2.27258e-11  2.27258e-11
21.5794  2.19341e-11  2.19341e-11
21.5836  2.1159e-11  2.1159e-11
21.5877  2.04388e-11  2.04388e-11
21.5919  1.97846e-11  1.97846e-11
21.596  1.91742e-11  1.91742e-11
21.6001  1.85656e-11  1.85656e-11
21.6042  1.79215e-11  1.79215e-11
21.6083  1.72308e-11  1.72308e-11
21.6123  1.6515e-11  1.6515e-11
21.6164  1.58154e-11  1.58154e-11
21.6204  1.51687e-11  1.51687e-11
21.6244  1.45853e-11  1.45853e-11
21.6283  1.40433e-11  1.40433e-11
21.6323  1.35021e-11  1.35021e-11
21.6362  1.29258e-11  1.29258e-11
21.6401  1.23039e-11  1.23039e-11
21.644  1.16577e-11  1.16577e-11
21.6478  1.10272e-11  1.10272e-11
21.6517  1.04478e-11  1.04478e-11
21.6555  9.92918e-12  9.92918e-12
21.6593  9.44983e-12  9.44983e-12
21.6631  8.97025e-12  8.97025e-12
21.6668  8.45586e-12  8.45586e-12
21.6705  7.897e-12  7.897e-12
21.6743  7.31448e-12  7.31448e-12
21.678  6.74733e-12  6.74733e-12
21.6816  6.22962e-12  6.22962e-12
21.6853  5.77028e-12  5.77028e-12
21.6889  5.34822e-12  5.34822e-12
21.6925  4.92501e-12  4.92501e-12
21.6961  4.4673e-12  4.4673e-12
21.6997  3.96609e-12  3.96609e-12
21.7032  3.44191e-12  3.44191e-12
21.7067  2.93276e-12  2.93276e-12
21.7102  2.47151e-12  2.47151e-12
21.7137  2.06646e-12  2.06646e-12
21.7172  1.6968e-12  1.6968e-12
21.7206  1.32513e-12  1.32513e-12
21.7241  9.19243e-13  9.19243e-13
21.7275  4.70767e-13  4.70767e-13
21.7308  0  0
21.7342  0  0
21.7375  0  0
21.7408  0  0
21.7441  0  0
21.7474  0  0
21.7507  0  0
21.7539  0  0
21.7571  0  0
21.7603  0  0
21.7635  0  0
21.7666  0  0
21.7697  0  0
21.7728  0  0
21.7759  0  0
21.779  0  0
21.782  0  0
21.7851  0  0
21.7881  0  0
21.791  0  0
21.794  0  0
21.7969  0  0
21.7999  0  0
21.8028  0  0
21.8056  0  0
21.8085  0  0
21.8113  0  0
21.8141  0  0
21.8169  0  0
21.8197  0  0
21.8224  0  0
21.8252  0  0
21.8279  0  0
21.8306  0  0
21.8332  0  0
21.8359  0  0
21.8385  0  0
21.8411  0  0
21.8437  0  0
21.8462  0  0
21.8488  0  0
21.8513  0  0
21.8538  0  0
21.8563  0  0
21.8587  0  0
21.8611  0  0
21.8636  0  0
21.866  0  0
21.8683  0  0
21.8707  0  0
21.873  0  0
21.8753  0  0
21.8776  0  0
21.8799  0  0
21.8821  0  0
21.8843  0  0
21.8865  0  0
21.8887  0  0
21.8909  0  0
21.893  0  0
21.8951  0  0
21.8972  0  0
21.8993  0  0
21.9013  0  0
21.9034  0  0
21.9054  0  0
21.9074  0  0
21.9093  0  0
21.9113  0  0
21.9132  0  0
21.9151  0  0
21.917  0  0
21.9189  0  0
21.9207  0  0
21.9225  0  0
21.9243  0  0
21.9261  0  0
21.9279  0  0
21.9296  0  0
21.9313  0  0
21.933  0  0
21.9347  0  0
21.9364  0  0
21.938  0  0
21.9396  0  0
21.9412  0  0
21.9427  0  0
21.9443  0  0
21.9458  0  0
21.9473  0  0
21.9488  0  0
21.9503  0  0
21.9517  0  0
21.9531  0  0
21.9545  0  0
21.9559  0  0
21.9573  0  0
21.9586  0  0
21.9599  0  0
21.9612  0  0
21.9625  0  0
21.9637  0  0
21.965  0  0
21.9662  0  0
21.9674  0  0
21.9685  0  0
21.9697  0  0
21.9708  0  0
21.9719  0  0
21.973  0  0
21.974  0  0
21.9751  0  0
21.9761  0  0
21.9771  0  0
21.9781  0  0
21.979  0  0
21.9799  0  0
21.9809  0  0
21.9817  0  0
21.9826  0  0
21.9835  0  0
21.9843  0  0
21.9851  0  0
21.9859  0  0
21.9866  0  0
21.9874  0  0
21.9881  0  0
21.9888  0  0
21.9895  0  0
21.9901  0  0
21.9908  0  0
21.9914  0  0
21.992  0  0
21.9926  0  0
21.9931  0  0
21.9936  0  0
21.9941  0  0
21.9946  0  0
21.9951  0  0
21.9955  0  0
21.996  0  0
21.9964  0  0
21.9968  0  0
21.9971  0  0
21.9975  0  0
21.9978  0  0
21.9981  0  0
21.9983  0  0
21.9986  0  0
21.9988  0  0
21.999  0  0
21.9992  0  0
21.9994  0  0
21.9996  0  0
21.9997  0  0
21.9998  0  0
21.9999  0  0
21.9999  0  0
22  0  0
22  0  0
