-22  2.22248e-11  2.07475e-11
-21.9999  1.88868e-12  1.78457e-12
-21.9997  1.41332e-12  1.33673e-12
-21.9995  1.33999e-12  1.27832e-12
-21.9991  1.29996e-12  1.26226e-12
-21.9987  1.27274e-12  1.25744e-12
-21.9982  1.26618e-12  1.26336e-12
-21.9976  1.27065e-12  1.27183e-12
-21.9969  1.27285e-12  1.27439e-12
-21.9962  1.27078e-12  1.27121e-12
-21.9953  1.2678e-12  1.26623e-12
-21.9944  1.26339e-12  1.26049e-12
-21.9934  1.25601e-12  1.25389e-12
-21.9923  1.24878e-12  1.24891e-12
-21.9911  1.24634e-12  1.24834e-12
-21.9898  1.24875e-12  1.25144e-12
-21.9885  1.25215e-12  1.25476e-12
-21.987  1.25359e-12  1.2557e-12
-21.9855  1.25208e-12  1.2534e-12
-21.9839  1.24705e-12  1.2478e-12
-21.9822  1.23898e-12  1.23996e-12
-21.9804  1.23081e-12  1.23267e-12
-21.9785  1.2261e-12  1.22878e-12
-21.9766  1.22565e-12  1.22862e-12
-21.9745  1.22708e-12  1.22992e-12
-21.9724  1.22735e-12  1.22983e-12
-21.9702  1.22438e-12  1.22636e-12
-21.9679  1.2172e-12  1.21886e-12
-21.9656  1.20661e-12  1.20841e-12
-21.9631  1.19553e-12  1.1979e-12
-21.9606  1.18741e-12  1.1903e-12
-21.9579  1.18345e-12  1.18652e-12
-21.9552  1.18188e-12  1.18481e-12
-21.9524  1.17961e-12  1.1822e-12
-21.9495  1.17394e-12  1.17615e-12
-21.9466  1.16357e-12  1.16553e-12
-21.9435  1.14928e-12  1.15137e-12
-21.9404  1.13405e-12  1.1366e-12
-21.9372  1.12147e-12  1.12445e-12
-21.9339  1.11311e-12  1.11622e-12
-21.9305  1.10755e-12  1.1105e-12
-21.927  1.10162e-12  1.10423e-12
-21.9234  1.09216e-12  1.09442e-12
-21.9198  1.0775e-12  1.07956e-12
-21.9161  1.05835e-12  1.06053e-12
-21.9123  1.03779e-12  1.04039e-12
-21.9084  1.01962e-12  1.02262e-12
-21.9044  1.00579e-12  1.00891e-12
-21.9003  9.95162e-13  9.98099e-13
-21.8962  9.84421e-13  9.87004e-13
-21.8919  9.70012e-13  9.72234e-13
-21.8876  9.49881e-13  9.51912e-13
-21.8832  9.24604e-13  9.26774e-13
-21.8787  8.97407e-13  8.99987e-13
-21.8742  8.72396e-13  8.75373e-13
-21.8695  8.51895e-13  8.54989e-13
-21.8648  8.3498e-13  8.37867e-13
-21.8599  8.18184e-13  8.20687e-13
-21.855  7.97537e-13  7.99655e-13
-21.85  7.70587e-13  7.72516e-13
-21.845  7.37786e-13  7.39862e-13
-21.8398  7.02514e-13  7.05012e-13
-21.8345  6.69235e-13  6.72146e-13
-21.8292  6.40675e-13  6.43703e-13
-21.8238  6.16087e-13  6.18885e-13
-21.8183  5.91827e-13  5.94199e-13
-21.8127  5.6348e-13  5.65437e-13
-21.8071  5.28189e-13  5.29947e-13
-21.8013  4.86265e-13  4.8818e-13
-21.7955  4.41277e-13  4.43638e-13
-21.7896  3.981e-13  4.00897e-13
-21.7836  3.59875e-13  3.62795e-13
-21.7775  3.26022e-13  3.28684e-13
-21.7713  2.92677e-13  2.94864e-13
-21.765  2.54954e-13  2.56686e-13
-21.7587  2.09565e-13  2.11082e-13
-21.7523  1.5668e-13  1.58366e-13
-21.7458  1.00081e-13  1.02247e-13
-21.7392  4.51149e-14  4.77485e-14
-21.7325  -4.63699e-15  -1.87846e-15
-21.7258  -4.96097e-14  -4.71426e-14
-21.7189  -9.39215e-14  -9.19835e-14
-21.712  -1.42971e-13  -1.41535e-13
-21.705  -2.00503e-13  -1.99303e-13
-21.6979  -2.66495e-13  -2.65111e-13
-21.6907  -3.36902e-13  -3.35001e-13
-21.6835  -4.0587e-13  -4.03463e-13
-21.6761  -4.69336e-13  -4.66803e-13
-21.6687  -5.27604e-13  -5.25402e-13
-21.6612  -5.85095e-13  -5.83481e-13
-21.6536  -6.47758e-13  -6.46701e-13
-21.6459  -7.19836e-13  -7.19037e-13
-21.6381  -8.01448e-13  -8.0045e-13
-21.6303  -8.88257e-13  -8.86695e-13
-21.6224  -9.73827e-13  -9.71722e-13
-21.6144  -1.05359e-12  -1.05136e-12
-21.6063  -1.12773e-12  -1.12587e-12
-21.5981  -1.20101e-12  -1.19981e-12
-21.5898  -1.28e-12  -1.27941e-12
-21.5815  -1.36946e-12  -1.36916e-12
-21.5731  -1.46967e-12  -1.46916e-12
-21.5645  -1.57594e-12  -1.57482e-12
-21.5559  -1.68121e-12  -1.67949e-12
-21.5473  -1.78033e-12  -1.7785e-12
-21.5385  -1.87341e-12  -1.872e-12
-21.5297  -1.9656e-12  -1.96493e-12
-21.5207  -2.06414e-12  -2.06415e-12
-21.5117  -2.17437e-12  -2.1747e-12
-21.5026  -2.29672e-12  -2.29682e-12
-21.4935  -2.42612e-12  -2.42555e-12
-21.4842  -2.55476e-12  -2.55355e-12
-21.4749  -2.67693e-12  -2.6756e-12
-21.4654  -2.79262e-12  -2.79179e-12
-21.4559  -2.90746e-12  -2.90745e-12
-21.4464  -3.02943e-12  -3.03018e-12
-21.4367  -3.1645e-12  -3.1656e-12
-21.4269  -3.31324e-12  -3.31409e-12
-21.4171  -3.47014e-12  -3.47026e-12
-21.4072  -3.62659e-12  -3.62602e-12
-21.3972  -3.77622e-12  -3.77555e-12
-21.3871  -3.91896e-12  -3.91886e-12
-21.3769  -4.06098e-12  -4.06179e-12
-21.3667  -4.21108e-12  -4.21272e-12
-21.3563  -4.37588e-12  -4.37793e-12
-21.3459  -4.55614e-12  -4.55793e-12
-21.3354  -4.74585e-12  -4.74683e-12
-21.3249  -4.93546e-12  -4.9357e-12
-21.3142  -5.11791e-12  -5.11807e-12
-21.3034  -5.29308e-12  -5.29391e-12
-21.2926  -5.46779e-12  -5.46961e-12
-21.2817  -5.6517e-12  -5.65445e-12
-21.2707  -5.85221e-12  -5.85542e-12
-21.2597  -6.07023e-12  -6.07316e-12
-21.2485  -6.29916e-12  -6.30122e-12
-21.2373  -6.52844e-12  -6.52971e-12
-21.226  -6.75024e-12  -6.75146e-12
-21.2146  -6.96444e-12  -6.96643e-12
-21.2031  -7.17857e-12  -7.18166e-12
-21.1915  -7.4033e-12  -7.4074e-12
-21.1799  -7.64681e-12  -7.65143e-12
-21.1681  -7.9102e-12  -7.91455e-12
-21.1563  -8.18622e-12  -8.18962e-12
-21.1444  -8.46314e-12  -8.4657e-12
-21.1325  -8.73228e-12  -8.73486e-12
-21.1204  -8.99362e-12  -8.99707e-12
-21.1083  -9.25551e-12  -9.26015e-12
-21.0961  -9.52967e-12  -9.53542e-12
-21.0838  -9.82516e-12  -9.83153e-12
-21.0714  -1.01433e-11  -1.01494e-11
-21.0589  -1.04761e-11  -1.04812e-11
-21.0464  -1.08104e-11  -1.08147e-11
-21.0338  -1.11368e-11  -1.11411e-11
-21.0211  -1.14554e-11  -1.14606e-11
-21.0083  -1.17753e-11  -1.17819e-11
-20.9954  -1.21097e-11  -1.21174e-11
-20.9825  -1.24683e-11  -1.24768e-11
-20.9695  -1.28528e-11  -1.28611e-11
-20.9564  -1.32544e-11  -1.32616e-11
-20.9432  -1.36583e-11  -1.36646e-11
-20.9299  -1.40542e-11  -1.40607e-11
-20.9166  -1.44425e-11  -1.44501e-11
-20.9031  -1.48336e-11  -1.48425e-11
-20.8896  -1.52415e-11  -1.52517e-11
-20.876  -1.56772e-11  -1.56884e-11
-20.8624  -1.61427e-11  -1.61537e-11
-20.8486  -1.66279e-11  -1.66378e-11
-20.8348  -1.71166e-11  -1.71256e-11
-20.8209  -1.75973e-11  -1.76068e-11
-20.8069  -1.80712e-11  -1.80819e-11
-20.7928  -1.85499e-11  -1.85619e-11
-20.7786  -1.90485e-11  -1.90618e-11
-20.7644  -1.9579e-11  -1.95934e-11
-20.7501  -2.01437e-11  -2.01581e-11
-20.7357  -2.07314e-11  -2.07448e-11
-20.7212  -2.13237e-11  -2.13365e-11
-20.7067  -2.19087e-11  -2.19222e-11
-20.6921  -2.24885e-11  -2.25032e-11
-20.6773  -2.3076e-11  -2.30917e-11
-20.6625  -2.36872e-11  -2.3704e-11
-20.6477  -2.43349e-11  -2.43533e-11
-20.6327  -2.50221e-11  -2.50409e-11
-20.6177  -2.5736e-11  -2.5754e-11
-20.6026  -2.64559e-11  -2.64738e-11
-20.5874  -2.71697e-11  -2.71888e-11
-20.5721  -2.78815e-11  -2.79017e-11
-20.5568  -2.86056e-11  -2.86259e-11
-20.5413  -2.93578e-11  -2.93791e-11
-20.5258  -3.01519e-11  -3.01754e-11
-20.5103  -3.09914e-11  -3.1016e-11
-20.4946  -3.18617e-11  -3.18861e-11
-20.4788  -3.27395e-11  -3.27648e-11
-20.463  -3.36135e-11  -3.3641e-11
-20.4471  -3.44918e-11  -3.45197e-11
-20.4311  -3.53896e-11  -3.54158e-11
-20.4151  -3.63208e-11  -3.63472e-11
-20.3989  -3.72993e-11  -3.7329e-11
-20.3827  -3.83297e-11  -3.83621e-11
-20.3664  -3.93949e-11  -3.94286e-11
-20.3501  -4.04681e-11  -4.05053e-11
-20.3336  -4.15425e-11  -4.15839e-11
-20.3171  -4.26338e-11  -4.26737e-11
-20.3005  -4.37568e-11  -4.37906e-11
-20.2838  -4.49189e-11  -4.49513e-11
-20.267  -4.61326e-11  -4.61706e-11
-20.2502  -4.74044e-11  -4.74483e-11
-20.2332  -4.87128e-11  -4.87617e-11
-20.2162  -5.00272e-11  -5.00855e-11
-20.1992  -5.13528e-11  -5.14195e-11
-20.182  -5.2722e-11  -5.27826e-11
-20.1648  -5.41458e-11  -5.41901e-11
-20.1475  -5.56132e-11  -5.5652e-11
-20.1301  -5.71314e-11  -5.71808e-11
-20.1126  -5.87108e-11  -5.87734e-11
-20.0951  -6.032e-11  -6.03971e-11
-20.0774  -6.1924e-11  -6.20263e-11
-20.0598  -6.3562e-11  -6.36829e-11
-20.042  -6.53065e-11  -6.54088e-11
-20.0241  -6.71528e-11  -6.72133e-11
-20.0062  -6.90395e-11  -6.90852e-11
-19.9882  -7.09596e-11  -7.10284e-11
-19.9701  -7.29317e-11  -7.30318e-11
-19.9519  -7.48974e-11  -7.5039e-11
-19.9337  -7.6815e-11  -7.70273e-11
-19.9154  -7.88242e-11  -7.90841e-11
-19.897  -8.11071e-11  -8.13131e-11
-19.8785  -8.36046e-11  -8.36996e-11
-19.86  -8.61072e-11  -8.61658e-11
-19.8414  -8.85706e-11  -8.86901e-11
-19.8227  -9.10342e-11  -9.12373e-11
-19.8039  -9.3347e-11  -9.3678e-11
-19.785  -9.54465e-11  -9.60011e-11
-19.7661  -9.78063e-11  -9.8507e-11
-19.7471  -1.00963e-10  -1.015e-10
-19.728  -1.04658e-10  -1.04875e-10
-19.7089  -1.08176e-10  -1.08318e-10
-19.6896  -1.11378e-10  -1.11732e-10
-19.6703  -1.14383e-10  -1.15007e-10
-19.6509  -1.16632e-10  -1.17725e-10
-19.6315  -1.1793e-10  -1.19878e-10
-19.6119  -1.20077e-10  -1.22597e-10
-19.5923  -1.25058e-10  -1.27024e-10
-19.5726  -1.31711e-10  -1.32659e-10
-19.5529  -1.37162e-10  -1.38156e-10
-19.533  -1.41079e-10  -1.43189e-10
-19.5131  -1.44096e-10  -1.47469e-10
-19.4931  -1.43283e-10  -1.48988e-10
-19.4731  -1.37112e-10  -1.47253e-10
-19.4529  -1.34264e-10  -1.47613e-10
-19.4327  -1.44901e-10  -1.56204e-10
-19.4124  -1.61921e-10  -1.70274e-10
-19.3921  -1.68555e-10  -1.81813e-10
-19.3716  -1.65523e-10  -1.90291e-10
-19.3511  -1.60496e-10  -1.96784e-10
-19.3305  -1.29647e-10  -1.8597e-10
-19.3099  -4.95604e-11  -1.4501e-10
-19.2891  1.91108e-11  -1.09511e-10
-19.2683  -5.06185e-12  -1.36003e-10
-19.2474  -1.64349e-11  -1.95709e-10
-19.2265  2.23848e-10  -1.87226e-10
-19.2055  6.71347e-10  -1.31663e-10
-19.1843  1.02872e-09  -1.635e-10
-19.1632  1.62327e-09  -8.64059e-11
-19.1419  3.41796e-09  7.05083e-10
-19.1206  6.38885e-09  2.37903e-09
-19.0992  1.45579e-08  6.07006e-09
-19.0777  6.69267e-08  2.4489e-08
-19.0562  3.08916e-07  1.03748e-07
-19.0345  1.0923e-06  3.43477e-07
-19.0128  3.068e-06  8.95415e-07
-18.9911  7.24863e-06  1.9442e-06
-18.9692  1.50484e-05  3.71342e-06
-18.9473  2.82717e-05  6.52754e-06
-18.9253  4.88644e-05  1.08405e-05
-18.9033  7.8089e-05  1.69866e-05
-18.8811  0.000114931  2.44417e-05
-18.8589  0.000154193  3.07954e-05
-18.8366  0.000185641  3.12803e-05
-18.8143  0.00019589  2.00144e-05
-18.7919  0.000173773  -6.55085e-06
-18.7694  0.000117546  -4.51276e-05
-18.7468  3.99701e-05  -8.28529e-05
-18.7241  -3.31709e-05  -9.93285e-05
-18.7014  -7.27409e-05  -7.43667e-05
-18.6786  -6.07235e-05  1.20873e-06
-18.6558  -1.80925e-06  0.000117191
-18.6329  7.56843e-05  0.000243431
-18.6099  0.000132137  0.00033895
-18.5868  0.000136809  0.000367485
-18.5636  8.481e-05  0.000312481
-18.5404  5.84544e-07  0.000184481
-18.5171  -7.48987e-05  1.74508e-05
-18.4938  -0.000106272  -0.000144036
-18.4703  -8.23104e-05  -0.000260634
-18.4468  -1.98735e-05  -0.00030989
-18.4233  4.90368e-05  -0.000289125
-18.3996  9.91384e-05  -0.000209793
-18.3759  0.000129219  -8.80771e-05
-18.3521  0.00016436  6.2016e-05
-18.3283  0.000241873  0.000229391
-18.3043  0.000389929  0.000401892
-18.2803  0.000612084  0.000563027
-18.2563  0.000886265  0.000694303
-18.2321  0.00117655  0.000783117
-18.2079  0.00144771  0.000830736
-18.1836  0.00167242  0.00085364
-18.1593  0.00182869  0.000875978
-18.1349  0.0018944  0.000917429
-18.1104  0.0018478  0.000983983
-18.0858  0.00167676  0.00106649
-18.0612  0.00139001  0.00114607
-18.0365  0.00102041  0.00120167
-18.0117  0.000616071  0.00121603
-17.9869  0.000225008  0.00117948
-17.962  -0.000115669  0.00109294
-17.937  -0.00038  0.000969912
-17.9119  -0.000546841  0.000834646
-17.8868  -0.000597377  0.000714059
-17.8616  -0.00052303  0.000625182
-17.8364  -0.000339183  0.00056505
-17.8111  -9.15046e-05  0.000511054
-17.7857  0.000155983  0.00043463
-17.7602  0.000349337  0.000322396
-17.7347  0.00047437  0.000192519
-17.7091  0.000568702  9.51592e-05
-17.6834  0.000706535  9.43643e-05
-17.6577  0.000961988  0.000239309
-17.6319  0.00136805  0.00053867
-17.606  0.00188946  0.000949826
-17.5801  0.00242093  0.00138687
-17.5541  0.00281271  0.00174347
-17.528  0.00291687  0.00192227
-17.5019  0.00264081  0.00186195
-17.4757  0.0019889  0.0015545
-17.4494  0.00107352  0.00104812
-17.423  8.61251e-05  0.000434798
-17.3966  -0.000763117  -0.000173068
-17.3702  -0.00131251  -0.000669362
-17.3436  -0.00149344  -0.000976707
-17.317  -0.00133601  -0.00106134
-17.2903  -0.000941078  -0.000940899
-17.2636  -0.000440676  -0.00068563
-17.2368  3.17954e-05  -0.000409922
-17.2099  0.000355965  -0.000248621
-17.183  0.000434876  -0.00031706
-17.156  0.00021513  -0.000665051
-17.1289  -0.000284792  -0.00124609
-17.1017  -0.000959232  -0.00192324
-17.0745  -0.00163769  -0.00251754
-17.0473  -0.00214851  -0.00288038
-17.0199  -0.00239557  -0.00295383
-16.9925  -0.00240315  -0.00278689
-16.9651  -0.00229855  -0.00250066
-16.9375  -0.00224014  -0.00222449
-16.9099  -0.00233112  -0.00203891
-16.8823  -0.00256483  -0.0019508
-16.8545  -0.0028246  -0.00190346
-16.8267  -0.00293112  -0.00180744
-16.7989  -0.00271246  -0.00157602
-16.7709  -0.00207102  -0.00115699
-16.743  -0.00102822  -0.0005559
-16.7149  0.000267842  0.000156405
-16.6868  0.00158081  0.000860566
-16.6586  0.00266495  0.00142948
-16.6303  0.00335661  0.00177683
-16.602  0.00363537  0.00188833
-16.5737  0.00362157  0.00181879
-16.5452  0.00351044  0.00165948
-16.5167  0.00347946  0.00149713
-16.4882  0.00361804  0.00138675
-16.4595  0.00391021  0.00134615
-16.4308  0.00426634  0.0013651
-16.4021  0.00457678  0.00141802
-16.3733  0.00475887  0.00147476
-16.3444  0.00478219  0.00151073
-16.3154  0.00466972  0.00151724
-16.2864  0.00447867  0.0015084
-16.2573  0.00426897  0.00151847
-16.2282  0.00407361  0.00158849
-16.199  0.00388815  0.00174705
-16.1697  0.00368747  0.0019943
-16.1404  0.00345876  0.00229612
-16.111  0.00322575  0.00259119
-16.0816  0.00304401  0.00281039
-16.0521  0.00296915  0.00290381
-16.0225  0.00302049  0.00286507
-15.9929  0.00316437  0.0027386
-15.9632  0.00332505  0.00259928
-15.9334  0.0034118  0.00250796
-15.9036  0.00334465  0.00246491
-15.8737  0.00306978  0.00239116
-15.8438  0.00256745  0.00215647
-15.8138  0.00185911  0.00164616
-15.7837  0.00101343  0.00083321
-15.7536  0.000142399  -0.000185704
-15.7234  -0.000622483  -0.00121464
-15.6932  -0.00117274  -0.00203546
-15.6629  -0.00146675  -0.00249985
-15.6325  -0.00154839  -0.00258902
-15.6021  -0.00152365  -0.00241063
-15.5716  -0.0015032  -0.00213608
-15.5411  -0.00154416  -0.00191314
-15.5105  -0.00162813  -0.00179996
-15.4798  -0.00168938  -0.00175198
-15.4491  -0.00167251  -0.00166269
-15.4183  -0.00157805  -0.00143116
-15.3874  -0.00146399  -0.00101833
-15.3565  -0.00140305  -0.000464031
-15.3256  -0.00142535  0.000140065
-15.2946  -0.00148375  0.000702898
-15.2635  -0.00146333  0.00118059
-15.2323  -0.00122973  0.00159094
-15.2011  -0.000691727  0.00198913
-15.1699  0.000152103  0.00242128
-15.1386  0.00120384  0.00288598
-15.1072  0.00229795  0.00332839
-15.0758  0.00325973  0.00367038
-15.0443  0.00396377  0.00385735
-15.0127  0.00436647  0.00389165
-14.9811  0.00450121  0.00383167
-14.9495  0.00444566  0.00375686
-14.9177  0.00428431  0.00372111
-14.886  0.00408729  0.00372381
-14.8541  0.00391089  0.00371758
-14.8222  0.00380825  0.00364735
-14.7903  0.0038318  0.0034943
-14.7583  0.00401775  0.00329339
-14.7262  0.00435854  0.00311039
-14.6941  0.00478139  0.00299263
-14.6619  0.00515089  0.0029278
-14.6297  0.00530178  0.00284048
-14.5974  0.00509191  0.00263073
-14.5651  0.00445502  0.00222958
-14.5327  0.00343174  0.00163584
-14.5002  0.00216618  0.000913334
-14.4677  0.00086825  0.000156432
-14.4351  -0.00024554  -0.000548137
-14.4025  -0.00101156  -0.0011377
-14.3698  -0.00135583  -0.00156437
-14.3371  -0.0012928  -0.00177823
-14.3043  -0.000888132  -0.00172582
-14.2714  -0.00020733  -0.0013719
-14.2385  0.000717111  -0.000730817
-14.2056  0.00187651  0.000116511
-14.1726  0.00323862  0.00103488
-14.1395  0.00469501  0.00187202
-14.1064  0.00604579  0.00250185
-14.0732  0.00704469  0.00285506
-14.04  0.00748983  0.0029291
-14.0067  0.00731337  0.00277996
-13.9733  0.00661938  0.00250138
-13.9399  0.00564621  0.00219589
-13.9065  0.00467202  0.00194423
-13.873  0.00391279  0.00178392
-13.8395  0.00346295  0.00170877
-13.8058  0.00330042  0.00169063
-13.7722  0.00333888  0.00170925
-13.7385  0.00348784  0.00176828
-13.7047  0.00368691  0.00188521
-13.6709  0.00390604  0.00206434
-13.637  0.00412667  0.00227634
-13.6031  0.00432419  0.00246325
-13.5691  0.00446167  0.002566
-13.5351  0.00449401  0.00255307
-13.501  0.00437811  0.00242808
-13.4669  0.00408702  0.00221203
-13.4327  0.00362455  0.0019163
-13.3985  0.00303248  0.00152928
-13.3642  0.0023823  0.00102803
-13.3298  0.0017525  0.000406761
-13.2954  0.00120406  -0.000299391
-13.261  0.000768474  -0.00101384
-13.2265  0.000451813  -0.0016447
-13.192  0.000244853  -0.00212308
-13.1574  0.000126326  -0.00243096
-13.1227  5.72436e-05  -0.00260253
-13.088  -2.26809e-05  -0.00269926
-13.0533  -0.000183021  -0.00277417
-13.0185  -0.000473104  -0.00284581
-12.9836  -0.000889575  -0.00289473
-12.9487  -0.00136394  -0.00288184
-12.9138  -0.00178515  -0.0027774
-12.8788  -0.00205155  -0.00258587
-12.8438  -0.00212525  -0.00235468
-12.8087  -0.00205559  -0.00216172
-12.7735  -0.00195428  -0.00208523
-12.7383  -0.00193506  -0.00216899
-12.7031  -0.00205445  -0.00240075
-12.6678  -0.00228897  -0.00271715
-12.6324  -0.00255895  -0.00303404
-12.597  -0.00277786  -0.00328521
-12.5616  -0.00289459  -0.00344769
-12.5261  -0.00290778  -0.003541
-12.4906  -0.00285464  -0.00360582
-12.455  -0.00279014  -0.00367871
-12.4194  -0.00276925  -0.00377792
-12.3837  -0.0028343  -0.00390356
-12.348  -0.00300471  -0.00404556
-12.3122  -0.00326993  -0.004191
-12.2764  -0.0035913  -0.00432798
-12.2405  -0.00391621  -0.00444743
-12.2046  -0.00419887  -0.00454509
-12.1686  -0.00441652  -0.00462275
-12.1326  -0.00457189  -0.0046869
-12.0965  -0.00468292  -0.0047447
-12.0604  -0.00476832  -0.00479986
-12.0243  -0.00483857  -0.00485122
-11.9881  -0.00489559  -0.00489483
-11.9519  -0.00493772  -0.00492731
-11.9156  -0.0049647  -0.00494807
-11.8792  -0.00497925  -0.00495933
-11.8428  -0.00498576  -0.00496448
-11.8064  -0.00498822  -0.00496655
-11.7699  -0.00498917  -0.00496742
-11.7334  -0.00498977  -0.00496799
-11.6969  -0.00499035  -0.00496856
-11.6603  -0.00499094  -0.00496914
-11.6236  -0.00499148  -0.00496967
-11.5869  -0.00499192  -0.0049701
-11.5502  -0.00499222  -0.0049704
-11.5134  -0.00499241  -0.00497058
-11.4765  -0.00499253  -0.00497071
-11.4397  -0.00499264  -0.00497082
-11.4028  -0.00499277  -0.00497094
-11.3658  -0.0049929  -0.00497107
-11.3288  -0.00499303  -0.0049712
-11.2917  -0.00499313  -0.0049713
-11.2546  -0.00499321  -0.00497137
-11.2175  -0.00499325  -0.00497142
-11.1803  -0.00499328  -0.00497144
-11.1431  -0.0049933  -0.00497147
-11.1058  -0.00499333  -0.0049715
-11.0685  -0.00499338  -0.00497154
-11.0312  -0.00499342  -0.00497158
-10.9938  -0.00499345  -0.00497161
-10.9563  -0.00499346  -0.00497162
-10.9188  -0.00499345  -0.00497162
-10.8813  -0.00499344  -0.0049716
-10.8438  -0.00499343  -0.00497159
-10.8062  -0.00499342  -0.00497158
-10.7685  -0.00499342  -0.00497159
-10.7308  -0.00499342  -0.00497159
-10.6931  -0.00499341  -0.00497158
-10.6553  -0.00499339  -0.00497155
-10.6175  -0.00499334  -0.0049715
-10.5796  -0.00499328  -0.00497145
-10.5418  -0.00499323  -0.0049714
-10.5038  -0.00499318  -0.00497135
-10.4658  -0.00499314  -0.00497131
-10.4278  -0.0049931  -0.00497127
-10.3898  -0.00499304  -0.00497121
-10.3517  -0.00499294  -0.00497111
-10.3135  -0.00499281  -0.00497098
-10.2754  -0.00499266  -0.00497083
-10.2371  -0.0049925  -0.00497068
-10.1989  -0.00499236  -0.00497053
-10.1606  -0.00499222  -0.0049704
-10.1223  -0.00499207  -0.00497025
-10.0839  -0.00499184  -0.00497002
-10.0455  -0.00499148  -0.00496967
-10.007  -0.00499097  -0.00496916
-9.96854  -0.00499034  -0.00496854
-9.93001  -0.00498967  -0.00496789
-9.89145  -0.00498905  -0.00496726
-9.85285  -0.00498842  -0.00496663
-9.8142  -0.00498758  -0.00496572
-9.77552  -0.00498632  -0.00496408
-9.73681  -0.00498461  -0.00496116
-9.69805  -0.00498244  -0.00495621
-9.65926  -0.0049791  -0.00494796
-9.62043  -0.00497238  -0.00493403
-9.58157  -0.004959  -0.00491089
-9.54266  -0.00493745  -0.00487476
-9.50372  -0.00491177  -0.00482305
-9.46475  -0.00489289  -0.00475511
-9.42573  -0.00489407  -0.00467101
-9.38668  -0.00492096  -0.00456892
-9.3476  -0.00496207  -0.00444282
-9.30848  -0.00498693  -0.00428266
-9.26932  -0.00495518  -0.00407702
-9.23012  -0.00483276  -0.00381775
-9.1909  -0.00460732  -0.00350584
-9.15163  -0.0042963  -0.00315846
-9.11233  -0.00394544  -0.00281514
-9.073  -0.00361771  -0.00253701
-9.03363  -0.0033736  -0.00239226
-8.99422  -0.00324659  -0.00242766
-8.95478  -0.00322405  -0.00263784
-8.91531  -0.00324792  -0.002952
-8.8758  -0.00324266  -0.00325186
-8.83626  -0.00315982  -0.00341672
-8.79668  -0.00301223  -0.00337291
-8.75707  -0.00287182  -0.00312103
-8.71743  -0.00282757  -0.00272712
-8.67775  -0.0029285  -0.00228604
-8.63804  -0.00314861  -0.00187938
-8.59829  -0.00339645  -0.00154983
-8.55852  -0.00356193  -0.00130046
-8.51871  -0.00357005  -0.0011119
-8.47886  -0.00341124  -0.000962535
-8.43899  -0.00313719  -0.000839522
-8.39908  -0.00283282  -0.000738193
-8.35914  -0.00258394  -0.000656203
-8.31916  -0.00245404  -0.000590824
-8.27916  -0.00247193  -0.00054196
-8.23912  -0.0026263  -0.00051585
-8.19905  -0.00286628  -0.000522506
-8.15895  -0.00311248  -0.000566213
-8.11882  -0.00328136  -0.000637115
-8.07865  -0.00331714  -0.000713902
-8.03846  -0.00321592  -0.000779326
-7.99823  -0.0030275  -0.000838429
-7.95798  -0.00283364  -0.000924922
-7.91769  -0.00271703  -0.00108912
-7.87737  -0.00274085  -0.00137455
-7.83703  -0.00294732  -0.00179802
-7.79665  -0.00336502  -0.00234333
-7.75624  -0.00400579  -0.0029671
-7.7158  -0.00484291  -0.00360809
-7.67533  -0.00578411  -0.00419324
-7.63484  -0.0066676  -0.00464279
-7.59431  -0.00729923  -0.00488063
-7.55375  -0.00752055  -0.00485263
-7.51317  -0.00727162  -0.00454569
-7.47255  -0.00661082  -0.00399596
-7.43191  -0.00567992  -0.00327884
-7.39124  -0.00463716  -0.00248555
-7.35054  -0.00359891  -0.0016997
-7.30981  -0.00261954  -0.000986308
-7.26905  -0.00171082  -0.000394512
-7.22827  -0.000877201  3.57135e-05
-7.18745  -0.000140579  0.000274099
-7.14661  0.000457052  0.000309688
-7.10575  0.000866584  0.000159945
-7.06485  0.00104817  -0.000131893
-7.02393  0.000985143  -0.000512058
-6.98298  0.000696392  -0.000932449
-6.942  0.000246011  -0.00135483
-6.901  -0.000259561  -0.00174237
-6.85997  -0.000697318  -0.00205194
-6.81891  -0.000972887  -0.00224128
-6.77783  -0.00106172  -0.00229035
-6.73672  -0.00101666  -0.00221961
-6.69559  -0.000931051  -0.00208649
-6.65443  -0.000878685  -0.00195823
-6.61324  -0.000871574  -0.00187894
-6.57203  -0.000864803  -0.00185337
-6.53079  -0.000802038  -0.00185536
-6.48953  -0.00066411  -0.00184885
-6.44824  -0.000482076  -0.00180175
-6.40693  -0.000306281  -0.00168474
-6.36559  -0.000159414  -0.00146403
-6.32423  -1.46401e-05  -0.00110508
-6.28284  0.000180786  -0.00059336
-6.24143  0.000453654  3.97527e-05
-6.2  0.000766395  0.000707638
-6.15854  0.00102577  0.00128915
-6.11706  0.00113748  0.00167279
-6.07556  0.0010702  0.0018008
-6.03403  0.00088302  0.00168868
-5.99247  0.00069427  0.00141051
-5.9509  0.000609871  0.00106047
-5.9093  0.000658155  0.000713468
-5.86768  0.000774616  0.000405438
-5.82604  0.000847349  0.000140537
-5.78437  0.000793777  -8.38395e-05
-5.74268  0.000618854  -0.000253041
-5.70097  0.000417309  -0.000329389
-5.65924  0.00031881  -0.000269865
-5.61749  0.000410785  -5.6838e-05
-5.57571  0.000686113  0.000278517
-5.53391  0.00104538  0.000657579
-5.49209  0.00134903  0.000983115
-5.45025  0.00148615  0.00118057
-5.40839  0.00142063  0.00122823
-5.36651  0.00119294  0.00115929
-5.32461  0.000883714  0.00103627
-5.28269  0.000565543  0.000914472
-5.24074  0.000271661  0.000815762
-5.19878  -4.41501e-06  0.000725377
-5.1568  -0.000284029  0.000609831
-5.11479  -0.000572434  0.00044298
-5.07277  -0.000841092  0.000225501
-5.03073  -0.00103238  -1.09601e-05
-4.98867  -0.00108276  -0.000214841
-4.94658  -0.00095147  -0.000333862
-4.90448  -0.000640202  -0.0003329
-4.86237  -0.000194447  -0.00020341
-4.82023  0.000313617  3.73039e-05
-4.77807  0.000811092  0.00035311
-4.7359  0.00124486  0.000696633
-4.6937  0.00158613  0.00101445
-4.65149  0.00181957  0.00125205
-4.60926  0.00192925  0.00136309
-4.56701  0.00189556  0.00132369
-4.52475  0.00170848  0.00114614
-4.48247  0.00138801  0.000881745
-4.44017  0.000994395  0.000606681
-4.39785  0.000615988  0.000394315
-4.35552  0.000337526  0.00028733
-4.31317  0.000205517  0.000284576
-4.2708  0.000210797  0.000349744
-4.22842  0.000298661  0.000436106
-4.18602  0.000400767  0.000512146
-4.1436  0.000470285  0.000573014
-4.10117  0.000500468  0.000632315
-4.05872  0.000517583  0.000701555
-4.01626  0.000555375  0.00077227
-3.97378  0.00062916  0.000813617
-3.93129  0.000726214  0.000787595
-3.88878  0.000816523  0.000672329
-3.84625  0.000873619  0.000478631
-3.80372  0.00088957  0.00024941
-3.76116  0.00087448  4.20732e-05
-3.71859  0.000843325  -9.6112e-05
-3.67601  0.000801695  -0.000146535
-3.63341  0.000741125  -0.000122994
-3.5908  0.000646349  -6.07269e-05
-3.54818  0.000508063  1.7878e-06
-3.50554  0.000331968  3.84836e-05
-3.46289  0.000138604  4.21461e-05
-3.42022  -4.49283e-05  2.09145e-05
-3.37755  -0.000195713  -1.08831e-05
-3.33485  -0.000302334  -4.16256e-05
-3.29215  -0.00036594  -6.68626e-05
-3.24943  -0.000396051  -8.85855e-05
-3.2067  -0.000404377  -0.000111335
-3.16396  -0.000399905  -0.000138085
-3.12121  -0.000386995  -0.000167996
-3.07844  -0.000366266  -0.000196588
-3.03566  -0.000336872  -0.000217641
-2.99288  -0.000298615  -0.000225663
-2.95007  -0.000252996  -0.000217893
-2.90726  -0.000203159  -0.000195213
-2.86444  -0.000153173  -0.000161775
-2.8216  -0.000107138  -0.000123601
-2.77876  -6.83745e-05  -8.67243e-05
-2.7359  -3.88348e-05  -5.56099e-05
-2.69303  -1.88128e-05  -3.23795e-05
-2.65016  -7.08176e-06  -1.69631e-05
-2.60727  -1.44491e-06  -7.8802e-06
-2.56437  5.02525e-07  -3.16319e-06
-2.52147  7.22802e-07  -1.04056e-06
-2.47855  4.32805e-07  -2.44224e-07
-2.43562  1.668e-07  -1.85444e-08
-2.39269  3.83368e-08  1.35432e-08
-2.34974  4.76171e-10  4.25621e-09
-2.30679  -4.64795e-09  -2.84013e-09
-2.26382  -3.92444e-09  -3.93311e-09
-2.22085  -3.09885e-09  -3.01441e-09
-2.17787  -2.20003e-09  -2.21357e-09
-2.13488  -1.42102e-09  -1.71907e-09
-2.09188  -1.06874e-09  -1.36384e-09
-2.04888  -1.03202e-09  -1.14813e-09
-2.00587  -1.05475e-09  -1.06838e-09
-1.96285  -1.03374e-09  -1.03877e-09
-1.91982  -9.86353e-10  -9.92448e-10
-1.87678  -9.34145e-10  -9.30828e-10
-1.83374  -8.80257e-10  -8.76367e-10
-1.79069  -8.30345e-10  -8.33699e-10
-1.74763  -7.92044e-10  -7.97721e-10
-1.70457  -7.64656e-10  -7.67299e-10
-1.6615  -7.41594e-10  -7.42305e-10
-1.61842  -7.18613e-10  -7.19501e-10
-1.57534  -6.95535e-10  -6.96218e-10
-1.53225  -6.73182e-10  -6.73118e-10
-1.48915  -6.51823e-10  -6.51717e-10
-1.44605  -6.31721e-10  -6.3215e-10
-1.40295  -6.13314e-10  -6.14e-10
-1.35983  -5.96668e-10  -5.97263e-10
-1.31672  -5.81329e-10  -5.81851e-10
-1.2736  -5.66796e-10  -5.67293e-10
-1.23047  -5.52874e-10  -5.53268e-10
-1.18734  -5.39564e-10  -5.39862e-10
-1.1442  -5.26864e-10  -5.27185e-10
-1.10106  -5.14781e-10  -5.1519e-10
-1.05792  -5.03412e-10  -5.03878e-10
-1.01477  -4.92869e-10  -4.93349e-10
-0.971614  -4.83135e-10  -4.83601e-10
-0.928458  -4.74071e-10  -4.74491e-10
-0.885297  -4.65528e-10  -4.65892e-10
-0.842134  -4.5741e-10  -4.57749e-10
-0.798967  -4.49668e-10  -4.50021e-10
-0.755797  -4.4231e-10  -4.42695e-10
-0.712624  -4.35428e-10  -4.35843e-10
-0.669449  -4.29129e-10  -4.29564e-10
-0.62627  -4.23443e-10  -4.23872e-10
-0.58309  -4.18291e-10  -4.18689e-10
-0.539907  -4.13551e-10  -4.13913e-10
-0.496722  -4.09125e-10  -4.09469e-10
-0.453535  -4.04971e-10  -4.05318e-10
-0.410347  -4.01115e-10  -4.01482e-10
-0.367157  -3.97654e-10  -3.9805e-10
-0.323965  -3.94685e-10  -3.95107e-10
-0.280772  -3.92231e-10  -3.92657e-10
-0.237578  -3.90222e-10  -3.9063e-10
-0.194384  -3.88553e-10  -3.88934e-10
-0.151188  -3.87145e-10  -3.87505e-10
-0.107992  -3.85976e-10  -3.86331e-10
-0.0647953  -3.85089e-10  -3.85461e-10
-0.0215984  -3.84582e-10  -3.84991e-10
0.0215984  -3.84546e-10  -3.84992e-10
0.0647953  -3.84988e-10  -3.85453e-10
0.107992  -3.85831e-10  -3.8629e-10
0.151188  -3.86984e-10  -3.8742e-10
0.194384  -3.88399e-10  -3.88806e-10
0.237578  -3.90073e-10  -3.90462e-10
0.280772  -3.9205e-10  -3.92456e-10
0.323965  -3.94432e-10  -3.94889e-10
0.367157  -3.97313e-10  -3.97832e-10
0.410347  -4.00687e-10  -4.01251e-10
0.453535  -4.04461e-10  -4.05042e-10
0.496722  -4.08567e-10  -4.09133e-10
0.539907  -4.13012e-10  -4.1353e-10
0.58309  -4.17801e-10  -4.18272e-10
0.62627  -4.22935e-10  -4.23414e-10
0.669449  -4.28503e-10  -4.29065e-10
0.712624  -4.34639e-10  -4.35322e-10
0.755797  -4.41339e-10  -4.42139e-10
0.798967  -4.48474e-10  -4.49363e-10
0.842134  -4.56047e-10  -4.56958e-10
0.885297  -4.64219e-10  -4.65041e-10
0.928458  -4.72978e-10  -4.73651e-10
0.971614  -4.82093e-10  -4.82715e-10
1.01477  -4.91552e-10  -4.92325e-10
1.05792  -5.01645e-10  -5.02732e-10
1.10106  -5.12413e-10  -5.13896e-10
1.1442  -5.23587e-10  -5.25493e-10
1.18734  -5.35449e-10  -5.37622e-10
1.23047  -5.48882e-10  -5.50867e-10
1.2736  -5.63855e-10  -5.65218e-10
1.31672  -5.78961e-10  -5.79844e-10
1.35983  -5.93469e-10  -5.94633e-10
1.40295  -6.08301e-10  -6.10637e-10
1.44605  -6.23569e-10  -6.2788e-10
1.48915  -6.37914e-10  -6.44859e-10
1.53225  -6.53097e-10  -6.623e-10
1.57534  -6.75105e-10  -6.84036e-10
1.61842  -7.0509e-10  -7.10225e-10
1.6615  -7.34157e-10  -7.3454e-10
1.70457  -7.55341e-10  -7.54804e-10
1.74763  -7.72212e-10  -7.78428e-10
1.79069  -7.81873e-10  -8.0501e-10
1.83374  -7.67447e-10  -8.18045e-10
1.87678  -7.41045e-10  -8.20564e-10
1.91982  -7.70469e-10  -8.55801e-10
1.96285  -8.95608e-10  -9.35274e-10
2.00587  -1.04074e-09  -9.80208e-10
2.04888  -1.11428e-09  -9.53901e-10
2.09188  -1.11204e-09  -9.8995e-10
2.13488  -8.36559e-10  -1.08375e-09
2.17787  3.26876e-10  -7.20574e-10
2.22085  2.45565e-09  3.69206e-10
2.26382  3.53975e-09  1.0503e-09
2.30679  -3.89346e-10  1.70184e-09
2.34974  -1.65911e-08  1.38697e-08
2.39269  -7.03203e-08  6.82129e-08
2.43562  -2.28835e-07  2.07547e-07
2.47855  -5.65654e-07  4.78596e-07
2.52147  -9.29627e-07  9.84099e-07
2.56437  -4.51632e-07  2.0527e-06
2.60727  2.9844e-06  4.45541e-06
2.65016  1.27249e-05  9.40667e-06
2.69303  3.22196e-05  1.80634e-05
2.7359  6.29201e-05  3.05664e-05
2.77876  0.000102404  4.51972e-05
2.8216  0.000144371  5.84248e-05
2.86444  0.000181173  6.60765e-05
2.90726  0.000207497  6.48574e-05
2.95007  0.000222421  5.2923e-05
2.99288  0.000227896  2.89345e-05
3.03566  0.000224655  -9.3985e-06
3.07844  0.00020916  -6.53169e-05
3.12121  0.000175047  -0.000140427
3.16396  0.000119102  -0.000230642
3.2067  4.77315e-05  -0.000323506
3.24943  -2.13929e-05  -0.000399384
3.29215  -6.49888e-05  -0.000436704
3.33485  -6.46346e-05  -0.000418999
3.37755  -1.60319e-05  -0.000340636
3.42022  6.86074e-05  -0.000208894
3.46289  0.000166853  -4.15667e-05
3.50554  0.000257871  0.000139262
3.54818  0.000333305  0.000315036
3.5908  0.000400807  0.000476494
3.63341  0.000477482  0.000623757
3.67601  0.000576327  0.000759875
3.71859  0.000693674  0.000881732
3.76116  0.000806267  0.000975325
3.80372  0.000881389  0.00102059
3.84625  0.000894962  0.00100419
3.88878  0.000846564  0.000931811
3.93129  0.000761505  0.000830716
3.97378  0.000678385  0.000738949
4.01626  0.00062988  0.000687113
4.05872  0.000628076  0.000683335
4.10117  0.000661274  0.000709736
4.1436  0.000700957  0.000731092
4.18602  0.000712394  0.000709582
4.22842  0.000663502  0.000618158
4.2708  0.000531458  0.000448501
4.31317  0.000309376  0.000213818
4.35552  1.33718e-05  -5.20318e-05
4.39785  -0.000314254  -0.000299416
4.44017  -0.000611456  -0.000473537
4.48247  -0.000813879  -0.000530383
4.52475  -0.000876902  -0.000452725
4.56701  -0.000791244  -0.000257607
4.60926  -0.000583763  1.04828e-05
4.65149  -0.000303912  0.000298227
4.6937  -4.74112e-06  0.000563217
4.7359  0.000270594  0.000782985
4.77807  0.000491423  0.000949254
4.82023  0.000634628  0.0010547
4.86237  0.000681073  0.00108569
4.90448  0.000620763  0.00103002
4.94658  0.000466613  0.000896301
4.98867  0.000267888  0.000730296
5.03073  0.000110366  0.000611891
5.07277  9.46436e-05  0.000627546
5.11479  0.00029637  0.000829439
5.1568  0.000725912  0.00120391
5.19878  0.00131077  0.00166943
5.24074  0.0019154  0.00210856
5.28269  0.0023927  0.00241856
5.32461  0.002642  0.00255395
5.36651  0.00264302  0.00253902
5.40839  0.00244975  0.00244593
5.45025  0.00215152  0.00235359
5.49209  0.00182592  0.00231081
5.53391  0.00150778  0.00232071
5.57571  0.00118475  0.00234802
5.61749  0.000813742  0.00233836
5.65924  0.000346162  0.00223709
5.70097  -0.00024845  0.00200188
5.74268  -0.00096562  0.00161106
5.78437  -0.00175975  0.00107057
5.82604  -0.0025518  0.000418317
5.86768  -0.0032502  -0.000279315
5.9093  -0.0037764  -0.000941652
5.9509  -0.00408174  -0.00149465
5.99247  -0.00414792  -0.00188947
6.03403  -0.00397658  -0.00211088
6.07556  -0.00358365  -0.0021741
6.11706  -0.00300771  -0.00211458
6.15854  -0.00232375  -0.00197627
6.2  -0.0016401  -0.00180056
6.24143  -0.00106476  -0.00161605
6.28284  -0.000654367  -0.00143087
6.32423  -0.000381965  -0.00123205
6.36559  -0.000154793  -0.000996414
6.40693  0.000121157  -0.00071073
6.44824  0.000470665  -0.000390949
6.48953  0.000823407  -8.70327e-05
6.53079  0.00105425  0.000133516
6.57203  0.00106482  0.000217562
6.61324  0.000852064  0.000156921
6.65443  0.000518698  6.95329e-08
6.69559  0.000220228  -0.000162178
6.73672  8.46159e-05  -0.00022922
6.77783  0.000155765  -0.000124252
6.81891  0.000392244  0.000186046
6.85997  0.00071384  0.00068923
6.901  0.00105814  0.00133471
6.942  0.00140795  0.00204182
6.98298  0.00177645  0.00270668
7.02393  0.00216989  0.0032144
7.06485  0.00256029  0.00346311
7.10575  0.00288759  0.00339533
7.14661  0.00308353  0.00302089
7.18745  0.00309557  0.00241586
7.22827  0.00289593  0.00169527
7.26905  0.00247979  0.000974571
7.30981  0.00186548  0.000340997
7.35054  0.0011022  -0.000153115
7.39124  0.000276513  -0.000479737
7.43191  -0.000495597  -0.000622077
7.47255  -0.00109484  -0.000571447
7.51317  -0.00143268  -0.000335535
7.55375  -0.00147721  5.02089e-05
7.59431  -0.00125917  0.000518767
7.63484  -0.000856101  0.000981425
7.67533  -0.000360554  0.00134955
7.7158  0.000154959  0.00155955
7.75624  0.000660623  0.00158957
7.79665  0.00116657  0.00145997
7.83703  0.00169415  0.00121862
7.87737  0.00223731  0.000920366
7.91769  0.00273925  0.000612084
7.95798  0.00310144  0.000327784
7.99823  0.00322163  8.96098e-05
8.03846  0.00303946  -9.21806e-05
8.07865  0.00256535  -0.000222012
8.11882  0.0018809  -0.000319801
8.15895  0.00111441  -0.000414894
8.19905  0.000403734  -0.000534782
8.23912  -0.000141647  -0.000695931
8.27916  -0.000470129  -0.00090242
8.31916  -0.000601362  -0.00115066
8.35914  -0.000617371  -0.00143341
8.39908  -0.000631527  -0.00173897
8.43899  -0.000745526  -0.00204841
8.47886  -0.0010122  -0.00233733
8.51871  -0.00142013  -0.00258403
8.55852  -0.00190478  -0.0027785
8.59829  -0.00237723  -0.00292399
8.63804  -0.00275468  -0.00302851
8.67775  -0.00298094  -0.00309308
8.71743  -0.0030342  -0.00310777
8.75707  -0.00292717  -0.0030605
8.79668  -0.00270506  -0.00295339
8.83626  -0.00244121  -0.00281387
8.8758  -0.00222598  -0.00269084
8.91531  -0.00214578  -0.0026361
8.95478  -0.00225639  -0.00268175
8.99422  -0.00256188  -0.0028263
9.03363  -0.00301137  -0.0030369
9.073  -0.00351818  -0.00326557
9.11233  -0.00399325  -0.00347024
9.15163  -0.00437644  -0.00363068
9.1909  -0.00465054  -0.00375263
9.23012  -0.00483317  -0.00385993
9.26932  -0.00495502  -0.00397951
9.30848  -0.00503931  -0.00412693
9.3476  -0.00509373  -0.00429932
9.38668  -0.00511589  -0.00447817
9.42573  -0.00510457  -0.00463934
9.46475  -0.00506707  -0.00476428
9.50372  -0.00501823  -0.00484656
9.54266  -0.00497375  -0.00489165
9.58157  -0.00494351  -0.00491163
9.62043  -0.00492922  -0.00491878
9.65926  -0.00492667  -0.00492151
9.69805  -0.00492984  -0.00492365
9.73681  -0.00493409  -0.00492589
9.77552  -0.00493726  -0.00492783
9.8142  -0.00493906  -0.00492917
9.85285  -0.00494002  -0.00493001
9.89145  -0.00494067  -0.00493064
9.93001  -0.0049413  -0.00493126
9.96854  -0.00494196  -0.0049319
10.007  -0.00494257  -0.00493251
10.0455  -0.00494306  -0.004933
10.0839  -0.00494341  -0.00493335
10.1223  -0.00494363  -0.00493357
10.1606  -0.00494379  -0.00493372
10.1989  -0.00494392  -0.00493385
10.2371  -0.00494406  -0.00493399
10.2754  -0.00494422  -0.00493415
10.3135  -0.00494437  -0.00493429
10.3517  -0.0049445  -0.00493442
10.3898  -0.00494459  -0.00493451
10.4278  -0.00494465  -0.00493458
10.4658  -0.0049447  -0.00493462
10.5038  -0.00494473  -0.00493466
10.5418  -0.00494478  -0.0049347
10.5796  -0.00494483  -0.00493475
10.6175  -0.00494489  -0.00493481
10.6553  -0.00494493  -0.00493485
10.6931  -0.00494496  -0.00493488
10.7308  -0.00494497  -0.00493489
10.7685  -0.00494497  -0.00493489
10.8062  -0.00494497  -0.00493489
10.8438  -0.00494497  -0.00493489
10.8813  -0.00494499  -0.00493491
10.9188  -0.004945  -0.00493492
10.9563  -0.00494501  -0.00493492
10.9938  -0.00494499  -0.00493491
11.0312  -0.00494496  -0.00493488
11.0685  -0.00494492  -0.00493484
11.1058  -0.00494488  -0.00493481
11.1431  -0.00494485  -0.00493477
11.1803  -0.00494483  -0.00493475
11.2175  -0.0049448  -0.00493472
11.2546  -0.00494476  -0.00493468
11.2917  -0.00494469  -0.00493461
11.3288  -0.00494458  -0.00493451
11.3658  -0.00494446  -0.00493438
11.4028  -0.00494433  -0.00493425
11.4397  -0.0049442  -0.00493414
11.4765  -0.00494409  -0.00493403
11.5134  -0.00494397  -0.0049339
11.5502  -0.00494379  -0.00493372
11.5869  -0.00494349  -0.00493343
11.6236  -0.00494307  -0.00493301
11.6603  -0.00494253  -0.00493248
11.6969  -0.00494194  -0.00493192
11.7334  -0.00494138  -0.00493137
11.7699  -0.00494081  -0.0049308
11.8064  -0.00493998  -0.00492987
11.8428  -0.00493803  -0.00492745
11.8792  -0.00493288  -0.00492101
11.9156  -0.0049204  -0.00490617
11.9519  -0.00489354  -0.00487721
11.9881  -0.00484203  -0.00482884
12.0243  -0.00475343  -0.00475905
12.0604  -0.00461604  -0.00467137
12.0965  -0.0044232  -0.00457498
12.1326  -0.00417734  -0.00448157
12.1686  -0.00389107  -0.00439995
12.2046  -0.00358404  -0.00433107
12.2405  -0.00327677  -0.0042662
12.2764  -0.00298597  -0.00419013
12.3122  -0.00272502  -0.00408794
12.348  -0.0025094  -0.0039524
12.3837  -0.00236141  -0.00378818
12.4194  -0.00230718  -0.00361094
12.455  -0.00236434  -0.00344195
12.4906  -0.00252643  -0.00330089
12.5261  -0.00275465  -0.00319905
12.5616  -0.00298405  -0.00313443
12.597  -0.00314229  -0.00308963
12.6324  -0.00317257  -0.00303455
12.6678  -0.00305152  -0.00293629
12.7031  -0.00279739  -0.00277518
12.7383  -0.00246692  -0.00255937
12.7735  -0.00214044  -0.00232675
12.8087  -0.00189577  -0.00212793
12.8438  -0.00177719  -0.00199708
12.8788  -0.00177285  -0.0019291
12.9138  -0.00181575  -0.00188049
12.9487  -0.00181302  -0.00179602
12.9836  -0.00169083  -0.00164505
13.0185  -0.0014301  -0.0014439
13.0533  -0.0010722  -0.00125117
13.088  -0.0006932  -0.00114086
13.1227  -0.000365851  -0.00117075
13.1574  -0.000134481  -0.00136246
13.192  -1.62274e-05  -0.00169865
13.2265  -2.11097e-05  -0.00213307
13.261  -0.000170394  -0.00260446
13.2954  -0.000496196  -0.00304781
13.3298  -0.00102153  -0.00340091
13.3642  -0.0017359  -0.00360874
13.3985  -0.00258545  -0.00363095
13.4327  -0.00348613  -0.00345567
13.4669  -0.00435175  -0.00311608
13.501  -0.00511785  -0.00269804
13.5351  -0.00574577  -0.00232583
13.5691  -0.00620645  -0.00212334
13.6031  -0.00645962  -0.00216448
13.637  -0.00644905  -0.00243801
13.6709  -0.00612235  -0.00284698
13.7047  -0.00546403  -0.00324539
13.7385  -0.00451802  -0.00349392
13.7722  -0.00338153  -0.00350841
13.8058  -0.00217318  -0.0032808
13.8395  -0.000996948  -0.00286805
13.873  7.60754e-05  -0.0023591
13.9065  0.0010033  -0.00183674
13.9399  0.00175817  -0.00135002
13.9733  0.00232667  -0.00090591
14.0067  0.00271411  -0.0004806
14.04  0.0029466  -4.22424e-05
14.0732  0.00305293  0.000427956
14.1064  0.00303265  0.000927751
14.1395  0.00283656  0.00144065
14.1726  0.00238278  0.00194692
14.2056  0.00160684  0.00242418
14.2385  0.000517909  0.00283368
14.2714  -0.000771353  0.0031069
14.3043  -0.00205511  0.00315628
14.3371  -0.00307627  0.00291831
14.3698  -0.00358389  0.00240683
14.4025  -0.00339655  0.0017339
14.4351  -0.00246558  0.00107019
14.4677  -0.000922345  0.000560057
14.5002  0.000918683  0.000244694
14.5327  0.00262488  4.64788e-05
14.5651  0.00377199  -0.00017451
14.5974  0.00408719  -0.00053034
14.6297  0.0035456  -0.00103875
14.6619  0.00237503  -0.00161465
14.6941  0.000967124  -0.00211308
14.7262  -0.0002648  -0.00239184
14.7583  -0.00102221  -0.0023636
14.7903  -0.00120266  -0.00202293
14.8222  -0.000902564  -0.00144468
14.8541  -0.000348853  -0.000753686
14.886  0.000207867  -7.33231e-05
14.9177  0.000592281  0.000525573
14.9495  0.00075365  0.0010443
14.9811  0.000748476  0.00152682
15.0127  0.000674974  0.00199768
15.0443  0.000603262  0.00241315
15.0758  0.000542554  0.0026675
15.1072  0.000457447  0.00265699
15.1386  0.000311586  0.00235862
15.1699  0.000103895  0.00186666
15.2011  -0.00012338  0.00135906
15.2323  -0.00030143  0.00101494
15.2635  -0.000360875  0.000934927
15.2946  -0.000256656  0.00110904
15.3256  9.76199e-06  0.00144148
15.3565  0.000374418  0.0018074
15.3874  0.000713768  0.00210514
15.4183  0.000878349  0.00227927
15.4491  0.000750158  0.00231248
15.4798  0.000293873  0.00220233
15.5105  -0.000430517  0.00194386
15.5411  -0.00130097  0.0015311
15.5716  -0.00218737  0.000974307
15.6021  -0.00299067  0.000316001
15.6325  -0.0036511  -0.000372554
15.6629  -0.00413886  -0.00101875
15.6932  -0.00445001  -0.00158332
15.7234  -0.00461339  -0.00207563
15.7536  -0.00469146  -0.00253378
15.7837  -0.00475548  -0.00297964
15.8138  -0.00483806  -0.00337972
15.8438  -0.00489322  -0.00364161
15.8737  -0.00479917  -0.00365273
15.9036  -0.00441458  -0.00334074
15.9334  -0.00366296  -0.00272161
15.9632  -0.00259786  -0.00190925
15.9929  -0.0014095  -0.00108207
16.0225  -0.000364624  -0.000422658
16.0521  0.000292327  -5.69392e-05
16.0816  0.000428855  -1.70541e-05
16.111  6.3408e-05  -0.000241219
16.1404  -0.000659078  -0.000608077
16.1697  -0.00153366  -0.000988594
16.199  -0.00236316  -0.0012911
16.2282  -0.00299417  -0.00147959
16.2573  -0.00331674  -0.00156088
16.2864  -0.00325152  -0.00155492
16.3154  -0.0027538  -0.00147135
16.3444  -0.00184274  -0.00130861
16.3733  -0.000633408  -0.00107299
16.4021  0.000663537  -0.000798046
16.4308  0.00179262  -0.000544322
16.4595  0.00253666  -0.000374721
16.4882  0.00278854  -0.000321433
16.5167  0.00257289  -0.00036841
16.5452  0.00201142  -0.000462452
16.5737  0.00126048  -0.000544718
16.602  0.000461917  -0.00058006
16.6303  -0.000270005  -0.000565123
16.6586  -0.00083441  -0.00051398
16.6868  -0.00113228  -0.000437095
16.7149  -0.00108243  -0.000332443
16.743  -0.000663625  -0.000195384
16.7709  4.53349e-05  -3.71834e-05
16.7989  0.00086291  0.000105758
16.8267  0.00155546  0.000183176
16.8545  0.00192382  0.000158213
16.8823  0.00188277  3.30461e-05
16.9099  0.00149023  -0.000145738
16.9375  0.000909905  -0.00030827
16.9651  0.000328715  -0.000397377
16.9925  -0.000124226  -0.000396478
17.0199  -0.000413243  -0.000330405
17.0473  -0.000572185  -0.000238272
17.0745  -0.000644779  -0.000138014
17.1017  -0.000634682  -9.957e-06
17.1289  -0.000501393  0.000185542
17.156  -0.000203689  0.000466515
17.183  0.000243873  0.000793822
17.2099  0.00074754  0.0010705
17.2368  0.00116779  0.00118209
17.2636  0.00139188  0.00105531
17.2903  0.00139714  0.000698358
17.317  0.00126004  0.000197176
17.3436  0.00110234  -0.00032904
17.3702  0.0010094  -0.000784194
17.3966  0.000975363  -0.00112861
17.423  0.000911155  -0.00137246
17.4494  0.000708362  -0.00154039
17.4757  0.000315329  -0.00163699
17.5019  -0.000223064  -0.00163861
17.528  -0.000783386  -0.00151609
17.5541  -0.00122349  -0.00126938
17.5801  -0.00144701  -0.000947951
17.606  -0.00144018  -0.000641486
17.6319  -0.00126959  -0.000445961
17.6577  -0.00104911  -0.000424604
17.6834  -0.00089303  -0.000583819
17.7091  -0.00087249  -0.00087379
17.7347  -0.000989867  -0.00121069
17.7602  -0.00118079  -0.00150889
17.7857  -0.00134365  -0.00170901
17.8111  -0.00138314  -0.00179059
17.8364  -0.00124622  -0.0017651
17.8616  -0.000934537  -0.00165542
17.8868  -0.000493364  -0.00147569
17.9119  8.77538e-06  -0.00122611
17.937  0.000494907  -0.000906516
17.962  0.000886146  -0.000538039
17.9869  0.00110912  -0.000174133
18.0117  0.00111338  0.000112152
18.0365  0.000895835  0.000260644
18.0612  0.000516415  0.000256942
18.0858  8.85545e-05  0.00014392
18.1104  -0.000258797  2.87023e-06
18.1349  -0.000432084  -8.56349e-05
18.1593  -0.000411028  -7.88268e-05
18.1836  -0.000252992  1.33081e-05
18.2079  -6.1694e-05  0.000141047
18.2321  6.22866e-05  0.000245435
18.2563  6.32123e-05  0.000287516
18.2803  -5.48277e-05  0.000261216
18.3043  -0.000241647  0.000186659
18.3283  -0.000430441  9.2336e-05
18.3521  -0.000565763  -9.7151e-07
18.3759  -0.00061909  -8.58031e-05
18.3996  -0.000590776  -0.000163113
18.4233  -0.000502974  -0.000233468
18.4468  -0.000388457  -0.000291737
18.4703  -0.000278478  -0.000328259
18.4938  -0.000192428  -0.000334235
18.5171  -0.000132624  -0.00030671
18.5404  -8.66276e-05  -0.000250047
18.5636  -3.61058e-05  -0.000173947
18.5868  3.24124e-05  -9.01532e-05
18.6099  0.000120422  -9.82791e-06
18.6329  0.00021695  5.78776e-05
18.6558  0.000303855  0.00010665
18.6786  0.00036357  0.000133771
18.7014  0.000385746  0.000140599
18.7241  0.000370439  0.000132108
18.7468  0.000327069  0.000115204
18.7694  0.000269983  9.63812e-05
18.7919  0.000212749  7.98068e-05
18.8143  0.000163847  6.67218e-05
18.8366  0.000125521  5.62173e-05
18.8589  9.5707e-05  4.67019e-05
18.8811  7.12292e-05  3.71443e-05
18.9033  5.01733e-05  2.75406e-05
18.9253  3.2396e-05  1.86305e-05
18.9473  1.86121e-05  1.12812e-05
18.9692  9.22492e-06  5.98608e-06
18.9911  3.7834e-06  2.70136e-06
19.0128  1.18804e-06  9.84632e-07
19.0345  2.27105e-07  2.58734e-07
19.0562  -1.08884e-08  3.15012e-08
19.0777  -2.53691e-08  -8.02129e-09
19.0992  -8.17086e-09  -4.12586e-09
19.1206  -2.92214e-10  -7.00929e-11
19.1419  1.30469e-09  4.98631e-10
19.1632  1.5784e-09  4.91305e-10
19.1843  1.46096e-09  5.87065e-10
19.2055  9.1704e-10  4.22508e-10
19.2265  2.95106e-10  7.02771e-11
19.2474  -7.60694e-11  -1.63224e-10
19.2683  -1.89104e-10  -2.09812e-10
19.2891  -1.84755e-10  -1.8814e-10
19.3099  -1.55153e-10  -1.75133e-10
19.3305  -1.28672e-10  -1.67518e-10
19.3511  -1.17127e-10  -1.5765e-10
19.3716  -1.24995e-10  -1.55389e-10
19.3921  -1.42649e-10  -1.61955e-10
19.4124  -1.56109e-10  -1.66344e-10
19.4327  -1.59955e-10  -1.63288e-10
19.4529  -1.56657e-10  -1.57161e-10
19.4731  -1.49856e-10  -1.51837e-10
19.4931  -1.42305e-10  -1.46901e-10
19.5131  -1.36459e-10  -1.41942e-10
19.533  -1.33374e-10  -1.38016e-10
19.5529  -1.3189e-10  -1.35172e-10
19.5726  -1.30204e-10  -1.32124e-10
19.5923  -1.27569e-10  -1.28314e-10
19.6119  -1.24134e-10  -1.24354e-10
19.6315  -1.20169e-10  -1.20677e-10
19.6509  -1.16047e-10  -1.17123e-10
19.6703  -1.12323e-10  -1.13647e-10
19.6896  -1.09282e-10  -1.10469e-10
19.7089  -1.06677e-10  -1.07574e-10
19.728  -1.04114e-10  -1.04695e-10
19.7471  -1.01441e-10  -1.01737e-10
19.7661  -9.86743e-11  -9.88394e-11
19.785  -9.58244e-11  -9.60695e-11
19.8039  -9.2961e-11  -9.33645e-11
19.8227  -9.02476e-11  -9.07244e-11
19.8414  -8.77837e-11  -8.82244e-11
19.86  -8.55063e-11  -8.58639e-11
19.8785  -8.33021e-11  -8.35651e-11
19.897  -8.11228e-11  -8.12976e-11
19.9154  -7.89562e-11  -7.90895e-11
19.9337  -7.67846e-11  -7.69424e-11
19.9519  -7.46232e-11  -7.48304e-11
19.9701  -7.25362e-11  -7.27653e-11
19.9882  -7.05721e-11  -7.07879e-11
20.0062  -6.87188e-11  -6.89069e-11
20.0241  -6.69389e-11  -6.70948e-11
20.042  -6.52072e-11  -6.53315e-11
20.0598  -6.35032e-11  -6.36107e-11
20.0774  -6.18054e-11  -6.19191e-11
20.0951  -6.01166e-11  -6.0245e-11
20.1126  -5.84701e-11  -5.86038e-11
20.1301  -5.68981e-11  -5.70258e-11
20.1475  -5.54057e-11  -5.55239e-11
20.1648  -5.39795e-11  -5.40868e-11
20.182  -5.26016e-11  -5.26965e-11
20.1992  -5.12492e-11  -5.13357e-11
20.2162  -4.99016e-11  -4.99874e-11
20.2332  -4.85577e-11  -4.86461e-11
20.2502  -4.72398e-11  -4.73277e-11
20.267  -4.59731e-11  -4.6058e-11
20.2838  -4.47688e-11  -4.48513e-11
20.3005  -4.36228e-11  -4.37024e-11
20.3171  -4.25197e-11  -4.25945e-11
20.3336  -4.14373e-11  -4.15069e-11
20.3501  -4.03562e-11  -4.04226e-11
20.3664  -3.92745e-11  -3.93388e-11
20.3827  -3.82091e-11  -3.8271e-11
20.3989  -3.71817e-11  -3.72423e-11
20.4151  -3.62056e-11  -3.62666e-11
20.4311  -3.528e-11  -3.53415e-11
20.4471  -3.43916e-11  -3.44512e-11
20.463  -3.35191e-11  -3.35751e-11
20.4788  -3.2645e-11  -3.2697e-11
20.4946  -3.17672e-11  -3.18154e-11
20.5103  -3.08995e-11  -3.0945e-11
20.5258  -3.00616e-11  -3.01065e-11
20.5413  -2.92666e-11  -2.93132e-11
20.5568  -2.85155e-11  -2.85639e-11
20.5721  -2.7796e-11  -2.78441e-11
20.5874  -2.70888e-11  -2.71339e-11
20.6026  -2.63779e-11  -2.64188e-11
20.6177  -2.56612e-11  -2.56979e-11
20.6327  -2.49506e-11  -2.49846e-11
20.6477  -2.42638e-11  -2.42978e-11
20.6625  -2.36137e-11  -2.36499e-11
20.6773  -2.30016e-11  -2.30401e-11
20.6921  -2.24165e-11  -2.24553e-11
20.7067  -2.18408e-11  -2.18771e-11
20.7212  -2.12599e-11  -2.12921e-11
20.7357  -2.06719e-11  -2.07e-11
20.7501  -2.00873e-11  -2.0113e-11
20.7644  -1.95223e-11  -1.95483e-11
20.7786  -1.89887e-11  -1.90172e-11
20.7928  -1.84883e-11  -1.85192e-11
20.8069  -1.80111e-11  -1.80424e-11
20.8209  -1.75409e-11  -1.757e-11
20.8348  -1.70647e-11  -1.709e-11
20.8486  -1.65806e-11  -1.6602e-11
20.8624  -1.6098e-11  -1.61174e-11
20.876  -1.56316e-11  -1.56516e-11
20.8896  -1.51926e-11  -1.5215e-11
20.9031  -1.47826e-11  -1.48074e-11
20.9166  -1.43925e-11  -1.44178e-11
20.9299  -1.40076e-11  -1.40309e-11
20.9432  -1.36163e-11  -1.3636e-11
20.9564  -1.32167e-11  -1.3233e-11
20.9695  -1.28173e-11  -1.28319e-11
20.9825  -1.24315e-11  -1.24468e-11
20.9954  -1.20696e-11  -1.20872e-11
21.0083  -1.17331e-11  -1.1753e-11
21.0211  -1.14139e-11  -1.14342e-11
21.0338  -1.10986e-11  -1.11171e-11
21.0464  -1.07766e-11  -1.07919e-11
21.0589  -1.04462e-11  -1.04584e-11
21.0714  -1.01152e-11  -1.01259e-11
21.0838  -9.79553e-12  -9.80704e-12
21.0961  -9.49681e-12  -9.5106e-12
21.1083  -9.22056e-12  -9.23645e-12
21.1204  -8.95935e-12  -8.97565e-12
21.1325  -8.70107e-12  -8.71565e-12
21.1444  -8.43605e-12  -8.44764e-12
21.1563  -8.1627e-12  -8.17154e-12
21.1681  -7.88799e-12  -7.89566e-12
21.1799  -7.62297e-12  -7.63151e-12
21.1915  -7.37637e-12  -7.38708e-12
21.2031  -7.14968e-12  -7.1623e-12
21.2146  -6.93619e-12  -6.94914e-12
21.226  -6.72487e-12  -6.73621e-12
21.2373  -6.5069e-12  -6.51551e-12
21.2485  -6.28079e-12  -6.28696e-12
21.2597  -6.05282e-12  -6.05807e-12
21.2707  -5.8331e-12  -5.83927e-12
21.2817  -5.62966e-12  -5.63786e-12
21.2926  -5.44394e-12  -5.45387e-12
21.3034  -5.26988e-12  -5.28005e-12
21.3142  -5.09741e-12  -5.10607e-12
21.3249  -4.91849e-12  -4.92466e-12
21.3354  -4.73167e-12  -4.73569e-12
21.3459  -4.54264e-12  -4.54595e-12
21.3563  -4.36063e-12  -4.3649e-12
21.3667  -4.19307e-12  -4.19923e-12
21.3769  -4.04134e-12  -4.04905e-12
21.3871  -3.89996e-12  -3.90784e-12
21.3972  -3.75978e-12  -3.76622e-12
21.4072  -3.61338e-12  -3.61755e-12
21.4171  -3.45938e-12  -3.46167e-12
21.4269  -3.30291e-12  -3.30467e-12
21.4367  -3.15241e-12  -3.15515e-12
21.4464  -3.01475e-12  -3.01926e-12
21.4559  -2.8913e-12  -2.8972e-12
21.4654  -2.77712e-12  -2.78309e-12
21.4749  -2.66384e-12  -2.66845e-12
21.4842  -2.54463e-12  -2.54717e-12
21.4935  -2.41813e-12  -2.41903e-12
21.5026  -2.28896e-12  -2.28949e-12
21.5117  -2.16486e-12  -2.16638e-12
21.5207  -2.05219e-12  -2.05536e-12
21.5297  -1.95233e-12  -1.95673e-12
21.5385  -1.86082e-12  -1.86522e-12
21.5473  -1.77002e-12  -1.77312e-12
21.5559  -1.67359e-12  -1.67481e-12
21.5645  -1.57019e-12  -1.56998e-12
21.5731  -1.46398e-12  -1.46354e-12
21.5815  -1.36203e-12  -1.36259e-12
21.5898  -1.27028e-12  -1.27238e-12
21.5981  -1.19012e-12  -1.19329e-12
21.6063  -1.11755e-12  -1.12065e-12
21.6144  -1.04556e-12  -1.04741e-12
21.6224  -9.68259e-13  -9.68396e-13
21.6303  -8.84302e-13  -8.83206e-13
21.6381  -7.97411e-13  -7.96218e-13
21.6459  -7.14083e-13  -7.13893e-13
21.6536  -6.39861e-13  -6.41095e-13
21.6612  -5.7616e-13  -5.78336e-13
21.6687  -5.19413e-13  -5.21442e-13
21.6761  -4.63174e-13  -4.64009e-13
21.6835  -4.01955e-13  -4.01223e-13
21.6907  -3.3438e-13  -3.32594e-13
21.6979  -2.63768e-13  -2.62003e-13
21.705  -1.96089e-13  -1.95325e-13
21.712  -1.36542e-13  -1.37098e-13
21.7189  -8.65856e-14  -8.79512e-14
21.7258  -4.30479e-14  -4.41974e-14
21.7325  0  0
21.7392  0  0
21.7458  0  0
21.7523  0  0
21.7587  0  0
21.765  0  0
21.7713  0  0
21.7775  0  0
21.7836  0  0
21.7896  0  0
21.7955  0  0
21.8013  0  0
21.8071  0  0
21.8127  0  0
21.8183  0  0
21.8238  0  0
21.8292  0  0
21.8345  0  0
21.8398  0  0
21.845  0  0
21.85  0  0
21.855  0  0
21.8599  0  0
21.8648  0  0
21.8695  0  0
21.8742  0  0
21.8787  0  0
21.8832  0  0
21.8876  0  0
21.8919  0  0
21.8962  0  0
21.9003  0  0
21.9044  0  0
21.9084  0  0
21.9123  0  0
21.9161  0  0
21.9198  0  0
21.9234  0  0
21.927  0  0
21.9305  0  0
21.9339  0  0
21.9372  0  0
21.9404  0  0
21.9435  0  0
21.9466  0  0
21.9495  0  0
21.9524  0  0
21.9552  0  0
21.9579  0  0
21.9606  0  0
21.9631  0  0
21.9656  0  0
21.9679  0  0
21.9702  0  0
21.9724  0  0
21.9745  0  0
21.9766  0  0
21.9785  0  0
21.9804  0  0
21.9822  0  0
21.9839  0  0
21.9855  0  0
21.987  0  0
21.9885  0  0
21.9898  0  0
21.9911  0  0
21.9923  0  0
21.9934  0  0
21.9944  0  0
21.9953  0  0
21.9962  0  0
21.9969  0  0
21.9976  0  0
21.9982  0  0
21.9987  0  0
21.9991  0  0
21.9995  0  0
21.9997  0  0
21.9999  0  0
22  0  0
