-22  -6.3881e-12  1.17023e-11
-21.9999  1.13267e-12  1.56727e-12
-21.9997  1.29388e-12  1.32245e-12
-21.9995  1.29374e-12  1.28346e-12
-21.9991  1.27456e-12  1.26636e-12
-21.9987  1.25683e-12  1.25724e-12
-21.9982  1.24576e-12  1.25749e-12
-21.9976  1.24351e-12  1.26239e-12
-21.9969  1.24852e-12  1.26576e-12
-21.9962  1.2555e-12  1.26597e-12
-21.9953  1.25923e-12  1.26389e-12
-21.9944  1.2579e-12  1.25962e-12
-21.9934  1.25297e-12  1.25358e-12
-21.9923  1.24714e-12  1.24832e-12
-21.9911  1.24303e-12  1.24657e-12
-21.9898  1.24225e-12  1.24837e-12
-21.9885  1.24444e-12  1.25132e-12
-21.987  1.24715e-12  1.25285e-12
-21.9855  1.2475e-12  1.25143e-12
-21.9839  1.24416e-12  1.24658e-12
-21.9822  1.23788e-12  1.23926e-12
-21.9804  1.2308e-12  1.23205e-12
-21.9785  1.22526e-12  1.2276e-12
-21.9766  1.22265e-12  1.22662e-12
-21.9745  1.22256e-12  1.22747e-12
-21.9724  1.22282e-12  1.22749e-12
-21.9702  1.22076e-12  1.2245e-12
-21.9679  1.21499e-12  1.21756e-12
-21.9656  1.20605e-12  1.20762e-12
-21.9631  1.19601e-12  1.19727e-12
-21.9606  1.18734e-12  1.18932e-12
-21.9579  1.1816e-12  1.18488e-12
-21.9552  1.17845e-12  1.18269e-12
-21.9524  1.17573e-12  1.18004e-12
-21.9495  1.17066e-12  1.17432e-12
-21.9466  1.16161e-12  1.16422e-12
-21.9435  1.14893e-12  1.15056e-12
-21.9404  1.13474e-12  1.13598e-12
-21.9372  1.12174e-12  1.12355e-12
-21.9339  1.11175e-12  1.11473e-12
-21.9305  1.10457e-12  1.10853e-12
-21.927  1.09798e-12  1.10215e-12
-21.9234  1.08899e-12  1.09261e-12
-21.9198  1.07563e-12  1.07825e-12
-21.9161  1.05809e-12  1.05972e-12
-21.9123  1.03856e-12  1.03978e-12
-21.9084  1.02003e-12  1.02176e-12
-21.9044  1.00464e-12  1.00749e-12
-21.9003  9.92356e-13  9.96184e-13
-21.8962  9.80846e-13  9.8495e-13
-21.8919  9.66829e-13  9.70431e-13
-21.8876  9.48004e-13  9.50608e-13
-21.8832  9.2437e-13  9.25971e-13
-21.8787  8.98218e-13  8.99396e-13
-21.8742  8.72872e-13  8.74538e-13
-21.8695  8.5082e-13  8.53598e-13
-21.8648  8.32191e-13  8.35974e-13
-21.8599  8.14541e-13  8.18637e-13
-21.855  7.94252e-13  7.97853e-13
-21.85  7.68641e-13  7.71223e-13
-21.845  7.37527e-13  7.39082e-13
-21.8398  7.03321e-13  7.04447e-13
-21.8345  6.69715e-13  6.71334e-13
-21.8292  6.39576e-13  6.42326e-13
-21.8238  6.13204e-13  6.16991e-13
-21.8183  5.88023e-13  5.92139e-13
-21.8127  5.60019e-13  5.6363e-13
-21.8071  5.26114e-13  5.28668e-13
-21.8013  4.85938e-13  4.87432e-13
-21.7955  4.4205e-13  4.43108e-13
-21.7896  3.98536e-13  4.00109e-13
-21.7836  3.58677e-13  3.61422e-13
-21.7775  3.22957e-13  3.26774e-13
-21.7713  2.88624e-13  2.92783e-13
-21.765  2.51244e-13  2.5487e-13
-21.7587  2.07303e-13  2.09821e-13
-21.7523  1.56243e-13  1.57657e-13
-21.7458  1.0079e-13  1.0176e-13
-21.7392  4.54657e-14  4.69864e-14
-21.7325  -6.00005e-15  -3.2538e-15
-21.7258  -5.29434e-14  -4.90774e-14
-21.7189  -9.83134e-14  -9.40952e-14
-21.712  -1.47011e-13  -1.43361e-13
-21.705  -2.03013e-13  -2.0054e-13
-21.6979  -2.67081e-13  -2.65769e-13
-21.6907  -3.36291e-13  -3.35433e-13
-21.6835  -4.05647e-13  -4.04193e-13
-21.6761  -4.70934e-13  -4.68181e-13
-21.6687  -5.31299e-13  -5.27369e-13
-21.6612  -5.8992e-13  -5.85628e-13
-21.6536  -6.52211e-13  -6.48539e-13
-21.6459  -7.22658e-13  -7.20245e-13
-21.6381  -8.02226e-13  -8.01043e-13
-21.6303  -8.8777e-13  -8.87055e-13
-21.6224  -9.73771e-13  -9.72406e-13
-21.6144  -1.05549e-12  -1.05274e-12
-21.6063  -1.13188e-12  -1.12788e-12
-21.5981  -1.20637e-12  -1.202e-12
-21.5898  -1.28496e-12  -1.28126e-12
-21.5815  -1.37267e-12  -1.37033e-12
-21.5731  -1.47068e-12  -1.46967e-12
-21.5645  -1.57561e-12  -1.57508e-12
-21.5559  -1.68136e-12  -1.68012e-12
-21.5473  -1.78262e-12  -1.77987e-12
-21.5385  -1.87813e-12  -1.87405e-12
-21.5297  -1.97163e-12  -1.96716e-12
-21.5207  -2.06972e-12  -2.06601e-12
-21.5117  -2.17805e-12  -2.17582e-12
-21.5026  -2.29802e-12  -2.29722e-12
-21.4935  -2.42597e-12  -2.42569e-12
-21.4842  -2.55517e-12  -2.55409e-12
-21.4749  -2.67969e-12  -2.67697e-12
-21.4654  -2.79804e-12  -2.79387e-12
-21.4559  -2.9143e-12  -2.90973e-12
-21.4464  -3.03576e-12  -3.03204e-12
-21.4367  -3.16873e-12  -3.16665e-12
-21.4269  -3.31486e-12  -3.31435e-12
-21.4171  -3.4702e-12  -3.47024e-12
-21.4072  -3.62731e-12  -3.62645e-12
-21.3972  -3.77957e-12  -3.77689e-12
-21.3871  -3.92525e-12  -3.92099e-12
-21.3769  -4.0688e-12  -4.06413e-12
-21.3667  -4.21829e-12  -4.21458e-12
-21.3563  -4.38076e-12  -4.37887e-12
-21.3459  -4.55813e-12  -4.55799e-12
-21.3354  -4.74612e-12  -4.74659e-12
-21.3249  -4.93653e-12  -4.93598e-12
-21.3142  -5.12197e-12  -5.11937e-12
-21.3034  -5.30044e-12  -5.29608e-12
-21.2926  -5.47679e-12  -5.47201e-12
-21.2817  -5.65998e-12  -5.6563e-12
-21.2707  -5.85783e-12  -5.85622e-12
-21.2597  -6.0726e-12  -6.07297e-12
-21.2485  -6.29965e-12  -6.3007e-12
-21.2373  -6.52994e-12  -6.52979e-12
-21.226  -6.7552e-12  -6.75271e-12
-21.2146  -6.97311e-12  -6.96866e-12
-21.2031  -7.18903e-12  -7.18412e-12
-21.1915  -7.41284e-12  -7.40922e-12
-21.1799  -7.65328e-12  -7.65205e-12
-21.1681  -7.91296e-12  -7.91402e-12
-21.1563  -8.18691e-12  -8.18872e-12
-21.1444  -8.46512e-12  -8.46551e-12
-21.1325  -8.73836e-12  -8.73603e-12
-21.1204  -9.00396e-12  -8.99937e-12
-21.1083  -9.26775e-12  -9.26269e-12
-21.0961  -9.54073e-12  -9.53719e-12
-21.0838  -9.83259e-12  -9.83188e-12
-21.0714  -1.01464e-11  -1.01484e-11
-21.0589  -1.04769e-11  -1.04798e-11
-21.0464  -1.0813e-11  -1.08141e-11
-21.0338  -1.11444e-11  -1.11422e-11
-21.0211  -1.14678e-11  -1.1463e-11
-21.0083  -1.17898e-11  -1.17846e-11
-20.9954  -1.21225e-11  -1.21191e-11
-20.9825  -1.24768e-11  -1.24768e-11
-20.9695  -1.28562e-11  -1.28595e-11
-20.9564  -1.32552e-11  -1.32594e-11
-20.9432  -1.36616e-11  -1.36636e-11
-20.9299  -1.40637e-11  -1.40617e-11
-20.9166  -1.44578e-11  -1.44527e-11
-20.9031  -1.4851e-11  -1.48454e-11
-20.8896  -1.52566e-11  -1.52534e-11
-20.876  -1.56868e-11  -1.56879e-11
-20.8624  -1.61461e-11  -1.61512e-11
-20.8486  -1.66286e-11  -1.66347e-11
-20.8348  -1.71209e-11  -1.71241e-11
-20.8209  -1.76097e-11  -1.76078e-11
-20.8069  -1.80906e-11  -1.80848e-11
-20.7928  -1.85713e-11  -1.8565e-11
-20.7786  -1.90664e-11  -1.90633e-11
-20.7644  -1.95898e-11  -1.95922e-11
-20.7501  -2.01467e-11  -2.01543e-11
-20.7357  -2.07316e-11  -2.07404e-11
-20.7212  -2.13297e-11  -2.13342e-11
-20.7067  -2.19256e-11  -2.19233e-11
-20.6921  -2.25139e-11  -2.25068e-11
-20.6773  -2.31029e-11  -2.30954e-11
-20.6625  -2.37087e-11  -2.37056e-11
-20.6477  -2.43466e-11  -2.43511e-11
-20.6327  -2.50239e-11  -2.50352e-11
-20.6177  -2.57353e-11  -2.57478e-11
-20.6026  -2.64647e-11  -2.64708e-11
-20.5874  -2.71941e-11  -2.71906e-11
-20.5721  -2.79166e-11  -2.79067e-11
-20.5568  -2.86407e-11  -2.86309e-11
-20.5413  -2.93842e-11  -2.93808e-11
-20.5258  -3.01642e-11  -3.01716e-11
-20.5103  -3.09905e-11  -3.10075e-11
-20.4946  -3.18596e-11  -3.18773e-11
-20.4788  -3.27538e-11  -3.27611e-11
-20.463  -3.36515e-11  -3.36445e-11
-20.4471  -3.45433e-11  -3.45276e-11
-20.4311  -3.54379e-11  -3.54232e-11
-20.4151  -3.63539e-11  -3.63495e-11
-20.3989  -3.73107e-11  -3.73229e-11
-20.3827  -3.83229e-11  -3.8349e-11
-20.3664  -3.93906e-11  -3.94159e-11
-20.3501  -4.04944e-11  -4.05017e-11
-20.3336  -4.16071e-11  -4.15916e-11
-20.3171  -4.27158e-11  -4.26877e-11
-20.3005  -4.38281e-11  -4.38031e-11
-20.2838  -4.49621e-11  -4.49549e-11
-20.267  -4.61399e-11  -4.61603e-11
-20.2502  -4.7385e-11  -4.74272e-11
-20.2332  -4.8706e-11  -4.87431e-11
-20.2162  -5.00812e-11  -5.00841e-11
-20.1992  -5.14743e-11  -5.14377e-11
-20.182  -5.2866e-11  -5.28104e-11
-20.1648  -5.42607e-11  -5.42137e-11
-20.1475  -5.5672e-11  -5.56587e-11
-20.1301  -5.71251e-11  -5.71622e-11
-20.1126  -5.86628e-11  -5.87365e-11
-20.0951  -6.03121e-11  -6.03688e-11
-20.0774  -6.2048e-11  -6.20336e-11
-20.0598  -6.38168e-11  -6.37276e-11
-20.042  -6.55887e-11  -6.54688e-11
-20.0241  -6.73585e-11  -6.72617e-11
-20.0062  -6.9123e-11  -6.90978e-11
-19.9882  -7.0912e-11  -7.09896e-11
-19.9701  -7.28137e-11  -7.29591e-11
-19.9519  -7.48989e-11  -7.49923e-11
-19.9337  -7.71335e-11  -7.70627e-11
-19.9154  -7.94286e-11  -7.9199e-11
-19.897  -8.17362e-11  -8.14541e-11
-19.8785  -8.40224e-11  -8.38072e-11
-19.86  -8.62284e-11  -8.61867e-11
-19.8414  -8.83913e-11  -8.85905e-11
-19.8227  -9.07253e-11  -9.10666e-11
-19.8039  -9.34119e-11  -9.35893e-11
-19.785  -9.63833e-11  -9.61285e-11
-19.7661  -9.94702e-11  -9.88281e-11
-19.7471  -1.02602e-10  -1.01868e-10
-19.728  -1.05649e-10  -1.05133e-10
-19.7089  -1.08342e-10  -1.08326e-10
-19.6896  -1.10744e-10  -1.11403e-10
-19.6703  -1.1349e-10  -1.14502e-10
-19.6509  -1.17071e-10  -1.17507e-10
-19.6315  -1.21251e-10  -1.20336e-10
-19.6119  -1.2567e-10  -1.23622e-10
-19.5923  -1.30316e-10  -1.28121e-10
-19.5726  -1.34624e-10  -1.33314e-10
-19.5529  -1.37355e-10  -1.37889e-10
-19.533  -1.38753e-10  -1.41711e-10
-19.5131  -1.41305e-10  -1.45415e-10
-19.4931  -1.46468e-10  -1.48148e-10
-19.4731  -1.52822e-10  -1.49109e-10
-19.4529  -1.59669e-10  -1.51632e-10
-19.4327  -1.68064e-10  -1.60158e-10
-19.4124  -1.74311e-10  -1.7162e-10
-19.3921  -1.7039e-10  -1.78006e-10
-19.3716  -1.58957e-10  -1.79846e-10
-19.3511  -1.56068e-10  -1.83212e-10
-19.3305  -1.65743e-10  -1.79227e-10
-19.3099  -1.72113e-10  -1.54044e-10
-19.2891  -1.76288e-10  -1.3177e-10
-19.2683  -1.91091e-10  -1.54365e-10
-19.2474  -1.47382e-10  -1.796e-10
-19.2265  8.7533e-11  -9.564e-11
-19.2055  4.44033e-10  6.02356e-11
-19.1843  5.88007e-10  8.70027e-11
-19.1632  5.01046e-10  1.09411e-10
-19.1419  7.27739e-10  7.12635e-10
-19.1206  1.25534e-09  2.00446e-09
-19.0992  3.77085e-09  5.30366e-09
-19.0777  3.08503e-08  2.66094e-08
-19.0562  1.73375e-07  1.26957e-07
-19.0345  6.53834e-07  4.46929e-07
-19.0128  1.8641e-06  1.21831e-06
-18.9911  4.33754e-06  2.74198e-06
-18.9692  8.65667e-06  5.36117e-06
-18.9473  1.53304e-05  9.46183e-06
-18.9253  2.4643e-05  1.54413e-05
-18.9033  3.64122e-05  2.34618e-05
-18.8811  4.96324e-05  3.28386e-05
-18.8589  6.2189e-05  4.12599e-05
-18.8366  7.1031e-05  4.45305e-05
-18.8143  7.30416e-05  3.76901e-05
-18.7919  6.62277e-05  1.77087e-05
-18.7694  5.0249e-05  -1.33354e-05
-18.7468  2.55121e-05  -4.67312e-05
-18.7241  -8.66157e-06  -6.91062e-05
-18.7014  -5.48268e-05  -6.78534e-05
-18.6786  -0.00011519  -3.7591e-05
-18.6558  -0.000186627  1.59186e-05
-18.6329  -0.000256399  7.68212e-05
-18.6099  -0.000303413  0.000124829
-18.5868  -0.000307332  0.000142546
-18.5636  -0.000262334  0.000120876
-18.5404  -0.000187543  6.04731e-05
-18.5171  -0.000126008  -3.03687e-05
-18.4938  -0.000129516  -0.000139196
-18.4703  -0.000234559  -0.000251942
-18.4468  -0.000440653  -0.000353478
-18.4233  -0.000702536  -0.000426928
-18.3996  -0.000942166  -0.000453917
-18.3759  -0.00107735  -0.000417835
-18.3521  -0.00105529  -0.00031042
-18.3283  -0.000875398  -0.000138872
-18.3043  -0.000589297  7.14953e-05
-18.2803  -0.000276767  0.000283096
-18.2563  -9.21444e-06  0.000459797
-18.2321  0.000180183  0.000582139
-18.2079  0.000304132  0.000655201
-18.1836  0.000404116  0.000703799
-18.1593  0.000520059  0.000757338
-18.1349  0.000664311  0.000833056
-18.1104  0.000812725  0.000926897
-18.0858  0.000914926  0.00101597
-18.0612  0.00091706  0.00106973
-18.0365  0.000786813  0.00106338
-18.0117  0.000530804  0.000987622
-17.9869  0.000196475  0.000851812
-17.962  -0.000144981  0.000680301
-17.937  -0.000429239  0.000503529
-17.9119  -0.000627531  0.000347254
-17.8868  -0.000754848  0.000224423
-17.8616  -0.00084967  0.000133564
-17.8364  -0.000937111  6.43295e-05
-17.8111  -0.00100161  6.8328e-06
-17.7857  -0.000990736  -4.0492e-05
-17.7602  -0.000849321  -6.8176e-05
-17.7347  -0.000560045  -5.8336e-05
-17.7091  -0.000161425  9.63107e-06
-17.6834  0.000268744  0.000152491
-17.6577  0.000650938  0.000376519
-17.6319  0.000935364  0.000670902
-17.606  0.00110828  0.00100264
-17.5801  0.00117563  0.00131645
-17.5541  0.00114354  0.00154349
-17.528  0.00101445  0.00161967
-17.5019  0.00080157  0.00150849
-17.4757  0.000545828  0.00121828
-17.4494  0.000314848  0.000803694
-17.423  0.000175908  0.000348501
-17.3966  0.000156038  -6.33661e-05
-17.3702  0.000215829  -0.000374298
-17.3436  0.000258745  -0.00056489
-17.317  0.000176678  -0.000648669
-17.2903  -9.0966e-05  -0.000657588
-17.2636  -0.000517887  -0.000629715
-17.2368  -0.000995112  -0.000604985
-17.2099  -0.00137905  -0.000625431
-17.183  -0.00155951  -0.00073121
-17.156  -0.00151264  -0.00094758
-17.1289  -0.00131122  -0.0012678
-17.1017  -0.00108705  -0.00164451
-17.0745  -0.00096492  -0.002
-17.0473  -0.0010026  -0.00225446
-17.0199  -0.0011667  -0.00235812
-16.9925  -0.00135386  -0.00230921
-16.9651  -0.00144133  -0.00214755
-16.9375  -0.00133656  -0.00192852
-16.9099  -0.00100036  -0.00169273
-16.8823  -0.000438199  -0.0014466
-16.8545  0.000324166  -0.00116092
-16.8267  0.00125633  -0.000786181
-16.7989  0.00231611  -0.000278644
-16.7709  0.00342578  0.000370598
-16.743  0.00445395  0.00111405
-16.7149  0.00522524  0.00184602
-16.6868  0.00556358  0.00242824
-16.6586  0.00535366  0.00273754
-16.6303  0.00459158  0.00271508
-16.602  0.00340003  0.00239223
-16.5737  0.00200061  0.0018794
-16.5452  0.000655923  0.00132496
-16.5167  -0.000395096  0.000866388
-16.4882  -0.00098871  0.000594932
-16.4595  -0.0010653  0.000542335
-16.4308  -0.000675627  0.000684861
-16.4021  3.32254e-05  0.000956425
-16.3733  0.000851139  0.00126689
-16.3444  0.00155409  0.00152518
-16.3154  0.00195866  0.00166438
-16.2864  0.00196517  0.00166065
-16.2573  0.0015752  0.00153738
-16.2282  0.000881265  0.00135275
-16.199  3.87657e-05  0.00117762
-16.1697  -0.000767696  0.00107364
-16.1404  -0.00135961  0.00107755
-16.111  -0.00160423  0.00119271
-16.0816  -0.00145617  0.0013882
-16.0521  -0.000983752  0.00160796
-16.0225  -0.000356381  0.00179125
-15.9929  0.000215078  0.00189743
-15.9632  0.00056087  0.00191981
-15.9334  0.000611296  0.00187574
-15.9036  0.000396681  0.0017755
-15.8737  -5.60652e-06  0.00159224
-15.8438  -0.000531512  0.00126048
-15.8138  -0.00114943  0.0007143
-15.7837  -0.00182761  -5.37286e-05
-15.7536  -0.00248663  -0.000952679
-15.7234  -0.00298884  -0.00180604
-15.6932  -0.00318609  -0.002419
-15.6629  -0.00299789  -0.00266586
-15.6325  -0.00246589  -0.00254798
-15.6021  -0.00174724  -0.0021895
-15.5716  -0.00105125  -0.00177447
-15.5411  -0.000555884  -0.00146072
-15.5105  -0.000343462  -0.00131446
-15.4798  -0.000376962  -0.00129364
-15.4491  -0.000519577  -0.00128165
-15.4183  -0.000590282  -0.00115086
-15.3874  -0.000440408  -0.000825686
-15.3565  -2.4582e-05  -0.000317548
-15.3256  0.000568578  0.000282903
-15.2946  0.0011501  0.000851966
-15.2635  0.00152051  0.0012939
-15.2323  0.00157217  0.00158469
-15.2011  0.00134785  0.00177537
-15.1699  0.00102138  0.00195464
-15.1386  0.000810048  0.002194
-15.1072  0.000865832  0.00250754
-15.0758  0.00120234  0.0028477
-15.0443  0.0016931  0.00313593
-15.0127  0.00213772  0.00330701
-14.9811  0.00235743  0.00334025
-14.9495  0.00226793  0.00326055
-14.9177  0.00189417  0.00311213
-14.886  0.00132915  0.00292559
-14.8541  0.000673895  0.00270302
-14.8222  3.91269e-06  0.00243287
-14.7903  -0.000618883  0.00212324
-14.7583  -0.0011114  0.00182513
-14.7262  -0.00135661  0.00162139
-14.6941  -0.00124047  0.0015816
-14.6619  -0.000721777  0.00171127
-14.6297  0.000115981  0.00193232
-14.5974  0.0010747  0.00211205
-14.5651  0.00191323  0.00212413
-14.5327  0.00243618  0.00190262
-14.5002  0.00254754  0.00145807
-14.4677  0.0022493  0.000854055
-14.4351  0.00160569  0.000169803
-14.4025  0.000709282  -0.000522037
-14.3698  -0.000332798  -0.00115385
-14.3371  -0.00140108  -0.00165251
-14.3043  -0.00237182  -0.00194115
-14.2714  -0.00313633  -0.00196005
-14.2385  -0.00362105  -0.00169423
-14.2056  -0.00379589  -0.00118762
-14.1726  -0.00366864  -0.000532963
-14.1395  -0.00327224  0.000157265
-14.1064  -0.0026518  0.000783968
-14.0732  -0.00185491  0.00128507
-14.04  -0.000928005  0.0016434
-14.0067  7.75151e-05  0.00187914
-13.9733  0.00109153  0.00203143
-13.9399  0.0020163  0.00213603
-13.9065  0.00273781  0.00220876
-13.873  0.00315844  0.00224209
-13.8395  0.00323189  0.00221647
-13.8058  0.00297523  0.00211883
-13.7722  0.00245152  0.00195667
-13.7385  0.00174166  0.00175941
-13.7047  0.000929792  0.00156674
-13.6709  0.000105803  0.00141149
-13.637  -0.000634727  0.00130599
-13.6031  -0.00121194  0.00123819
-13.5691  -0.00159595  0.00117869
-13.5351  -0.00182192  0.00109474
-13.501  -0.00196288  0.000964422
-13.4669  -0.00207367  0.000783463
-13.4327  -0.00214943  0.000561056
-13.3985  -0.00213469  0.000307955
-13.3642  -0.00197789  2.60609e-05
-13.3298  -0.0016888  -0.00029176
-13.2954  -0.00135342  -0.000650733
-13.261  -0.00109473  -0.0010408
-13.2265  -0.0010085  -0.00143264
-13.192  -0.00111834  -0.00178817
-13.1574  -0.00137617  -0.00207936
-13.1227  -0.0017004  -0.00230182
-13.088  -0.0020208  -0.00247311
-13.0533  -0.0023008  -0.00261638
-13.0185  -0.00253009  -0.00274057
-12.9836  -0.0027036  -0.00283102
-12.9487  -0.00281143  -0.00285837
-12.9138  -0.00285228  -0.00280236
-12.8788  -0.00285975  -0.00267716
-12.8438  -0.00291588  -0.00254175
-12.8087  -0.00313096  -0.0024848
-12.7735  -0.00359188  -0.00258745
-12.7383  -0.00430575  -0.00288125
-12.7031  -0.00517313  -0.00332488
-12.6678  -0.00600956  -0.00381462
-12.6324  -0.00660742  -0.00422517
-12.597  -0.00680984  -0.00446009
-12.5616  -0.00656563  -0.004487
-12.5261  -0.00594562  -0.00434254
-12.4906  -0.0051174  -0.00410968
-12.455  -0.00428881  -0.00388208
-12.4194  -0.0036406  -0.00373215
-12.3837  -0.00327283  -0.00369332
-12.348  -0.00318607  -0.00375906
-12.3122  -0.00330357  -0.00389519
-12.2764  -0.00352054  -0.00405883
-12.2405  -0.00375289  -0.00421592
-12.2046  -0.00396156  -0.00435058
-12.1686  -0.00414602  -0.00446384
-12.1326  -0.00432006  -0.00456462
-12.0965  -0.00449019  -0.00465987
-12.0604  -0.00464901  -0.00474958
-12.0243  -0.00478232  -0.00482826
-11.9881  -0.00487994  -0.00488987
-11.9519  -0.00494142  -0.00493201
-11.9156  -0.00497444  -0.00495686
-11.8792  -0.00498951  -0.00496939
-11.8428  -0.00499541  -0.00497479
-11.8064  -0.00499753  -0.00497687
-11.7699  -0.00499839  -0.00497774
-11.7334  -0.00499896  -0.00497832
-11.6969  -0.00499951  -0.00497887
-11.6603  -0.00500008  -0.00497945
-11.6236  -0.00500061  -0.00497998
-11.5869  -0.00500104  -0.00498041
-11.5502  -0.00500134  -0.00498071
-11.5134  -0.00500153  -0.0049809
-11.4765  -0.00500165  -0.00498102
-11.4397  -0.00500176  -0.00498113
-11.4028  -0.00500188  -0.00498125
-11.3658  -0.00500201  -0.00498138
-11.3288  -0.00500214  -0.00498151
-11.2917  -0.00500224  -0.00498162
-11.2546  -0.00500232  -0.00498169
-11.2175  -0.00500236  -0.00498173
-11.1803  -0.00500239  -0.00498176
-11.1431  -0.00500241  -0.00498178
-11.1058  -0.00500245  -0.00498181
-11.0685  -0.00500249  -0.00498186
-11.0312  -0.00500252  -0.00498189
-10.9938  -0.00500255  -0.00498192
-10.9563  -0.00500257  -0.00498194
-10.9188  -0.00500256  -0.00498193
-10.8813  -0.00500255  -0.00498192
-10.8438  -0.00500254  -0.00498191
-10.8062  -0.00500253  -0.0049819
-10.7685  -0.00500253  -0.0049819
-10.7308  -0.00500253  -0.0049819
-10.6931  -0.00500252  -0.00498189
-10.6553  -0.00500249  -0.00498186
-10.6175  -0.00500245  -0.00498182
-10.5796  -0.00500239  -0.00498176
-10.5418  -0.00500234  -0.00498171
-10.5038  -0.00500229  -0.00498166
-10.4658  -0.00500225  -0.00498163
-10.4278  -0.00500221  -0.00498158
-10.3898  -0.00500215  -0.00498152
-10.3517  -0.00500205  -0.00498143
-10.3135  -0.00500193  -0.0049813
-10.2754  -0.00500177  -0.00498114
-10.2371  -0.00500162  -0.00498099
-10.1989  -0.00500148  -0.00498085
-10.1606  -0.00500134  -0.00498072
-10.1223  -0.00500119  -0.00498056
-10.0839  -0.00500096  -0.00498033
-10.0455  -0.00500061  -0.00497998
-10.007  -0.00500012  -0.00497948
-9.96854  -0.0049995  -0.00497886
-9.93001  -0.00499884  -0.0049782
-9.89145  -0.00499821  -0.00497758
-9.85285  -0.00499758  -0.00497694
-9.8142  -0.0049967  -0.00497605
-9.77552  -0.00499527  -0.00497448
-9.73681  -0.00499354  -0.00497195
-9.69805  -0.00499325  -0.00496856
-9.65926  -0.00499774  -0.00496455
-9.62043  -0.00501014  -0.0049594
-9.58157  -0.00502973  -0.00495051
-9.54266  -0.00504898  -0.00493283
-9.50372  -0.00505478  -0.00490029
-9.46475  -0.00503541  -0.00484854
-9.42573  -0.00498912  -0.00477705
-9.38668  -0.0049265  -0.00468811
-9.3476  -0.00486088  -0.00458217
-9.30848  -0.00478964  -0.00445165
-9.26932  -0.00467897  -0.00427767
-9.23012  -0.00446617  -0.00403389
-9.1909  -0.0040849  -0.00369886
-9.15163  -0.00350357  -0.00327349
-9.11233  -0.00275614  -0.00279547
-9.073  -0.00194633  -0.00234011
-9.03363  -0.00121925  -0.00200126
-8.99422  -0.000712492  -0.00185594
-8.95478  -0.000509548  -0.00192841
-8.91531  -0.000617341  -0.00217378
-8.8758  -0.000975583  -0.0024931
-8.83626  -0.00148816  -0.00277386
-8.79668  -0.00205605  -0.00293396
-8.75707  -0.00259505  -0.0029457
-8.71743  -0.00303645  -0.00283023
-8.67775  -0.00332343  -0.00263184
-8.63804  -0.00341696  -0.00239191
-8.59829  -0.00331139  -0.00213702
-8.55852  -0.00304384  -0.00188159
-8.51871  -0.00268026  -0.00163469
-8.47886  -0.00227877  -0.00140128
-8.43899  -0.00185445  -0.00117783
-8.39908  -0.00137675  -0.000951044
-8.35914  -0.000808882  -0.000707096
-8.31916  -0.000164152  -0.0004486
-8.27916  0.000465928  -0.000205998
-8.23912  0.00094083  -3.02899e-05
-8.19905  0.00114463  3.32076e-05
-8.15895  0.00105536  -2.56876e-05
-8.11882  0.000761714  -0.000170839
-8.07865  0.000416246  -0.000337186
-8.03846  0.000158566  -0.000466696
-7.99823  5.88679e-05  -0.00053933
-7.95798  0.000110549  -0.000579765
-7.91769  0.000261924  -0.000638771
-7.87737  0.000454014  -0.000765027
-7.83703  0.000638972  -0.000985691
-7.79665  0.000778999  -0.00130255
-7.75624  0.000842922  -0.00169709
-7.7158  0.000813576  -0.0021342
-7.67533  0.00070217  -0.00256144
-7.63484  0.000554647  -0.00291031
-7.59431  0.000439309  -0.00310732
-7.55375  0.00041871  -0.00309551
-7.51317  0.00051953  -0.00285728
-7.47255  0.000715517  -0.00242547
-7.43191  0.000932811  -0.00187496
-7.39124  0.00107837  -0.00129758
-7.35054  0.00108231  -0.000772361
-7.30981  0.000935443  -0.000345724
-7.26905  0.000700042  -2.96609e-05
-7.22827  0.000482594  0.000184674
-7.18745  0.000379497  0.000309232
-7.14661  0.000426909  0.000348761
-7.10575  0.000586386  0.000302092
-7.06485  0.000775248  0.000170487
-7.02393  0.000920148  -3.46559e-05
-6.98298  0.000997283  -0.000289205
-6.942  0.00103427  -0.000558464
-6.901  0.00107716  -0.000802526
-6.85997  0.00114968  -0.000984732
-6.81891  0.00123411  -0.00108281
-6.77783  0.00128547  -0.00109841
-6.73672  0.00126654  -0.00105756
-6.69559  0.00117762  -0.000998451
-6.65443  0.00105974  -0.00095224
-6.61324  0.000968503  -0.000929794
-6.57203  0.000935975  -0.000923586
-6.53079  0.000946764  -0.000921321
-6.48953  0.000945684  -0.000917336
-6.44824  0.000873522  -0.000909995
-6.40693  0.000707805  -0.000887224
-6.36559  0.000480758  -0.000815765
-6.32423  0.000261076  -0.000649693
-6.28284  0.000110773  -0.000358649
-6.24143  4.63585e-05  4.19546e-05
-6.2  3.15904e-05  0.000482289
-6.15854  7.12974e-06  0.000861812
-6.11706  -6.44524e-05  0.00109371
-6.07556  -0.000171795  0.00114327
-6.03403  -0.00026646  0.00103697
-5.99247  -0.000304574  0.000838815
-5.9509  -0.000286663  0.000611426
-5.9093  -0.00026519  0.000387249
-5.86768  -0.000314048  0.000165609
-5.82604  -0.00048259  -6.71723e-05
-5.78437  -0.000766536  -0.000311405
-5.74268  -0.00111306  -0.000539713
-5.70097  -0.00145142  -0.000703399
-5.65924  -0.00172484  -0.000754858
-5.61749  -0.00190385  -0.000672509
-5.57571  -0.00197922  -0.000474063
-5.53391  -0.00194778  -0.000210874
-5.49209  -0.00180591  5.34408e-05
-5.45025  -0.0015557  0.000268481
-5.40839  -0.00121716  0.000413101
-5.36651  -0.000835362  0.000494405
-5.32461  -0.000475908  0.00053221
-5.28269  -0.000209799  0.000539715
-5.24074  -9.42588e-05  0.000512422
-5.19878  -0.000156214  0.000431513
-5.1568  -0.000382677  0.000278995
-5.11479  -0.000720146  5.52712e-05
-5.07277  -0.00108439  -0.00021113
-5.03073  -0.00138066  -0.000467526
-4.98867  -0.00153048  -0.000653386
-4.94658  -0.00149659  -0.000721436
-4.90448  -0.00129551  -0.000653769
-4.86237  -0.000991299  -0.000466039
-4.82023  -0.000672079  -0.000199157
-4.77807  -0.000418594  9.58756e-05
-4.7359  -0.000277449  0.000371939
-4.6937  -0.000249185  0.000593235
-4.65149  -0.000294858  0.000736417
-4.60926  -0.000356849  0.000789777
-4.56701  -0.00038352  0.000754621
-4.52475  -0.000346305  0.000648656
-4.48247  -0.000243112  0.000506793
-4.44017  -9.06244e-05  0.000374246
-4.39785  8.5898e-05  0.000291509
-4.35552  0.00025799  0.00027755
-4.31317  0.000394329  0.00032116
-4.2708  0.000462112  0.0003872
-4.22842  0.000434985  0.000435732
-4.18602  0.000306268  0.00044352
-4.1436  9.93931e-05  0.00041514
-4.10117  -0.000133191  0.000377147
-4.05872  -0.000325115  0.000359332
-4.01626  -0.000419257  0.000375094
-3.97378  -0.000388152  0.000413027
-3.93129  -0.000242244  0.000444315
-3.88878  -2.28355e-05  0.000440607
-3.84625  0.000215845  0.000391036
-3.80372  0.000426245  0.000308355
-3.76116  0.000579722  0.000221289
-3.71859  0.000667499  0.000158425
-3.67601  0.00069329  0.000133406
-3.63341  0.000664791  0.000139601
-3.5908  0.000590188  0.000156245
-3.54818  0.000480547  0.000161374
-3.50554  0.000353761  0.000143576
-3.46289  0.000234477  0.000106256
-3.42022  0.000147812  6.32138e-05
-3.37755  0.000109792  2.93418e-05
-3.33485  0.000120362  1.23702e-05
-3.29215  0.000163637  9.97066e-06
-3.24943  0.00021568  1.28364e-05
-3.2067  0.00025563  1.09865e-05
-3.16396  0.000274109  -6.86923e-07
-3.12121  0.000274637  -2.04517e-05
-3.07844  0.000267994  -4.17274e-05
-3.03566  0.000263585  -5.72323e-05
-2.99288  0.00026324  -6.26949e-05
-2.95007  0.000260889  -5.82989e-05
-2.90726  0.00024753  -4.76317e-05
-2.86444  0.000217708  -3.52809e-05
-2.8216  0.000173224  -2.46593e-05
-2.77876  0.000122194  -1.70849e-05
-2.7359  7.47103e-05  -1.21698e-05
-2.69303  3.82164e-05  -8.8475e-06
-2.65016  1.51639e-05  -6.2541e-06
-2.60727  3.59272e-06  -4.05589e-06
-2.56437  -5.60869e-07  -2.29575e-06
-2.52147  -1.16838e-06  -1.08317e-06
-2.47855  -7.17204e-07  -4.01884e-07
-2.43562  -2.80367e-07  -1.05819e-07
-2.39269  -7.3688e-08  -1.55338e-08
-2.34974  -1.13949e-08  -9.60821e-10
-2.30679  1.52309e-09  -1.38573e-09
-2.26382  3.82644e-09  -1.3466e-09
-2.22085  3.07776e-09  -9.83688e-10
-2.17787  9.2298e-10  -1.16805e-09
-2.13488  -7.77247e-10  -1.40513e-09
-2.09188  -1.31125e-09  -1.34631e-09
-2.04888  -1.19191e-09  -1.16273e-09
-2.00587  -9.85352e-10  -1.0407e-09
-1.96285  -8.41988e-10  -9.73174e-10
-1.91982  -7.49678e-10  -9.11525e-10
-1.87678  -7.20972e-10  -8.60876e-10
-1.83374  -7.49547e-10  -8.34094e-10
-1.79069  -7.84527e-10  -8.17309e-10
-1.74763  -7.87676e-10  -7.94373e-10
-1.70457  -7.63492e-10  -7.6603e-10
-1.6615  -7.31385e-10  -7.38665e-10
-1.61842  -7.00406e-10  -7.13136e-10
-1.57534  -6.72951e-10  -6.88463e-10
-1.53225  -6.52025e-10  -6.66087e-10
-1.48915  -6.37915e-10  -6.47116e-10
-1.44605  -6.26089e-10  -6.3013e-10
-1.40295  -6.12252e-10  -6.13417e-10
-1.35983  -5.96162e-10  -5.96896e-10
-1.31672  -5.79645e-10  -5.81116e-10
-1.2736  -5.63819e-10  -5.66135e-10
-1.23047  -5.49141e-10  -5.51892e-10
-1.18734  -5.3609e-10  -5.38605e-10
-1.1442  -5.24653e-10  -5.26341e-10
-1.10106  -5.14044e-10  -5.14808e-10
-1.05792  -5.03515e-10  -5.03757e-10
-1.01477  -4.93032e-10  -4.93244e-10
-0.971614  -4.82954e-10  -4.83385e-10
-0.928458  -4.73513e-10  -4.74165e-10
-0.885297  -4.64778e-10  -4.65521e-10
-0.842134  -4.56776e-10  -4.57425e-10
-0.798967  -4.49422e-10  -4.49821e-10
-0.755797  -4.42497e-10  -4.42629e-10
-0.712624  -4.35852e-10  -4.35846e-10
-0.669449  -4.29533e-10  -4.29553e-10
-0.62627  -4.23676e-10  -4.23807e-10
-0.58309  -4.18348e-10  -4.18575e-10
-0.539907  -4.13535e-10  -4.13787e-10
-0.496722  -4.09187e-10  -4.09375e-10
-0.453535  -4.05228e-10  -4.05288e-10
-0.410347  -4.01583e-10  -4.01516e-10
-0.367157  -3.98237e-10  -3.98112e-10
-0.323965  -3.95249e-10  -3.95154e-10
-0.280772  -3.92686e-10  -3.92667e-10
-0.237578  -3.90564e-10  -3.90608e-10
-0.194384  -3.88851e-10  -3.88906e-10
-0.151188  -3.87502e-10  -3.87504e-10
-0.107992  -3.8647e-10  -3.86377e-10
-0.0647953  -3.85739e-10  -3.85554e-10
-0.0215984  -3.85337e-10  -3.85106e-10
0.0215984  -3.85313e-10  -3.85099e-10
0.0647953  -3.8569e-10  -3.85532e-10
0.107992  -3.86454e-10  -3.86345e-10
0.151188  -3.87572e-10  -3.87471e-10
0.194384  -3.89023e-10  -3.88878e-10
0.237578  -3.90798e-10  -3.90574e-10
0.280772  -3.92922e-10  -3.92611e-10
0.323965  -3.95449e-10  -3.95076e-10
0.367157  -3.98414e-10  -3.98026e-10
0.410347  -4.01799e-10  -4.01433e-10
0.453535  -4.05548e-10  -4.05211e-10
0.496722  -4.09633e-10  -4.093e-10
0.539907  -4.14064e-10  -4.13708e-10
0.58309  -4.18877e-10  -4.18474e-10
0.62627  -4.24147e-10  -4.23659e-10
0.669449  -4.2997e-10  -4.29367e-10
0.712624  -4.36382e-10  -4.35675e-10
0.755797  -4.43298e-10  -4.42525e-10
0.798967  -4.50596e-10  -4.49774e-10
0.842134  -4.58227e-10  -4.57381e-10
0.885297  -4.66232e-10  -4.65438e-10
0.928458  -4.74712e-10  -4.74005e-10
0.971614  -4.83846e-10  -4.83092e-10
1.01477  -4.93858e-10  -4.92836e-10
1.05792  -5.04837e-10  -5.03434e-10
1.10106  -5.16595e-10  -5.14796e-10
1.1442  -5.28812e-10  -5.26599e-10
1.18734  -5.41281e-10  -5.38842e-10
1.23047  -5.54011e-10  -5.51915e-10
1.2736  -5.67233e-10  -5.6589e-10
1.31672  -5.81481e-10  -5.8039e-10
1.35983  -5.97499e-10  -5.95588e-10
1.40295  -6.15791e-10  -6.12355e-10
1.44605  -6.3612e-10  -6.30627e-10
1.48915  -6.57382e-10  -6.49033e-10
1.53225  -6.78068e-10  -6.67556e-10
1.57534  -6.9731e-10  -6.88461e-10
1.61842  -7.15932e-10  -7.12127e-10
1.6615  -7.36493e-10  -7.35191e-10
1.70457  -7.62768e-10  -7.57458e-10
1.74763  -7.99708e-10  -7.85522e-10
1.79069  -8.51075e-10  -8.20365e-10
1.83374  -9.11493e-10  -8.49194e-10
1.87678  -9.62573e-10  -8.67901e-10
1.91982  -9.88349e-10  -8.99984e-10
1.96285  -9.96561e-10  -9.55703e-10
2.00587  -1.01367e-09  -9.91361e-10
2.04888  -1.08185e-09  -9.9655e-10
2.09188  -1.32405e-09  -1.10132e-09
2.13488  -1.966e-09  -1.37783e-09
2.17787  -3.04413e-09  -1.49509e-09
2.22085  -4.01216e-09  -1.09125e-09
2.26382  -4.26972e-09  -7.23042e-10
2.30679  -5.01677e-09  -5.37696e-10
2.34974  -1.12674e-08  5.49069e-09
2.39269  -3.76669e-08  3.29196e-08
2.43562  -1.41108e-07  9.13289e-08
2.47855  -5.25605e-07  1.43862e-07
2.52147  -1.74788e-06  7.34413e-08
2.56437  -4.95445e-06  -2.83019e-07
2.60727  -1.19335e-05  -1.00756e-06
2.65016  -2.4701e-05  -1.96256e-06
2.69303  -4.45126e-05  -2.79529e-06
2.7359  -7.05946e-05  -3.15393e-06
2.77876  -9.92758e-05  -2.96047e-06
2.8216  -0.000124231  -2.46049e-06
2.86444  -0.000138071  -1.97279e-06
2.90726  -0.000134776  -1.68699e-06
2.95007  -0.000111944  -2.03283e-06
2.99288  -7.19249e-05  -4.6853e-06
3.03566  -2.14751e-05  -1.3424e-05
3.07844  2.96123e-05  -3.36739e-05
3.12121  7.01052e-05  -7.02497e-05
3.16396  8.85286e-05  -0.000124252
3.2067  7.40515e-05  -0.000190987
3.24943  1.78977e-05  -0.00026029
3.29215  -8.37453e-05  -0.000319051
3.33485  -0.000225262  -0.00035442
3.37755  -0.000387383  -0.000356218
3.42022  -0.000536716  -0.000318168
3.46289  -0.000632551  -0.000238561
3.50554  -0.000641546  -0.000121007
3.54818  -0.000555725  2.4782e-05
3.5908  -0.000404564  0.000182808
3.63341  -0.000251691  0.000331941
3.67601  -0.000172977  0.000448925
3.71859  -0.000223435  0.000513343
3.76116  -0.000409181  0.000513823
3.80372  -0.000681044  0.000453381
3.84625  -0.000956007  0.000350788
3.88878  -0.0011567  0.000235639
3.93129  -0.00124752  0.000137971
3.97378  -0.00124674  7.70537e-05
4.01626  -0.00120814  5.53611e-05
4.05872  -0.00118403  6.08807e-05
4.10117  -0.00119294  7.55104e-05
4.1436  -0.001212  8.33957e-05
4.18602  -0.00119722  7.3982e-05
4.22842  -0.00111724  3.96933e-05
4.2708  -0.000977645  -2.6881e-05
4.31317  -0.000820954  -0.000131106
4.35552  -0.000704449  -0.000269504
4.39785  -0.000672424  -0.000423752
4.44017  -0.000740344  -0.000562473
4.48247  -0.000896764  -0.00065251
4.52475  -0.00111493  -0.000673461
4.56701  -0.00136143  -0.000625548
4.60926  -0.00159664  -0.000525225
4.65149  -0.00177333  -0.000392293
4.6937  -0.00184353  -0.000239032
4.7359  -0.00177641  -7.01478e-05
4.77807  -0.00157768  0.000106942
4.82023  -0.00129515  0.00027142
4.86237  -0.00100216  0.000389742
4.90448  -0.000765493  0.000431514
4.94658  -0.000615642  0.00039232
4.98867  -0.000537197  0.000307798
5.03073  -0.000484089  0.000246564
5.07277  -0.00040883  0.000282087
5.11479  -0.000286809  0.000457357
5.1568  -0.000121935  0.000761963
5.19878  6.57857e-05  0.00113488
5.24074  0.000257589  0.00149157
5.28269  0.000443653  0.00176026
5.32461  0.000616867  0.00190826
5.36651  0.000761356  0.00194647
5.40839  0.000849195  0.00191368
5.45025  0.000851596  0.00185292
5.49209  0.000758671  0.00179343
5.53391  0.000594942  0.00174545
5.57571  0.000420784  0.00170561
5.61749  0.000318654  0.00166512
5.65924  0.000369634  0.0016146
5.70097  0.000627236  0.00154367
5.74268  0.00109443  0.00143885
5.78437  0.00171007  0.00128373
5.82604  0.00235217  0.00106293
5.86768  0.00286336  0.000768242
5.9093  0.00309638  0.000404357
5.9509  0.00296611  -7.72882e-06
5.99247  0.00248735  -0.000430529
6.03403  0.00177919  -0.000814193
6.07556  0.00102946  -0.00110625
6.11706  0.000430883  -0.00126609
6.15854  0.000114836  -0.00127923
6.2  0.00011079  -0.00116344
6.24143  0.00034704  -0.000961688
6.28284  0.000687765  -0.000724658
6.32423  0.000985239  -0.000492955
6.36559  0.00112325  -0.00028986
6.40693  0.00103815  -0.00012777
6.44824  0.00071884  -2.1019e-05
6.48953  0.000195756  7.23005e-06
6.53079  -0.000471583  -6.81838e-05
6.57203  -0.00120541  -0.000256763
6.61324  -0.00192101  -0.000535724
6.65443  -0.00254039  -0.000846749
6.69559  -0.00300624  -0.0011102
6.73672  -0.00329043  -0.00124962
6.77783  -0.00339162  -0.00121337
6.81891  -0.00332184  -0.00098325
6.85997  -0.00308862  -0.000570053
6.901  -0.00268346  -4.6816e-06
6.942  -0.00208605  0.000665867
6.98298  -0.00128555  0.00137594
7.02393  -0.000309491  0.00203977
7.06485  0.000757203  0.00256114
7.10575  0.00177916  0.0028566
7.14661  0.00260634  0.00288271
7.18745  0.00312271  0.00265148
7.22827  0.00328012  0.00222356
7.26905  0.00309799  0.00168238
7.30981  0.00263364  0.00110521
7.35054  0.00195132  0.000548362
7.39124  0.00111802  5.28481e-05
7.43191  0.000227187  -0.000338989
7.47255  -0.000579779  -0.000574224
7.51317  -0.00113095  -0.000600674
7.55375  -0.00128806  -0.000395881
7.59431  -0.00102345  4.69417e-06
7.63484  -0.000457276  0.000501858
7.67533  0.000175641  0.000958247
7.7158  0.000614206  0.00124444
7.75624  0.000667025  0.00128205
7.79665  0.00027077  0.00106357
7.83703  -0.000504804  0.000644146
7.87737  -0.00149201  0.00011624
7.91769  -0.00247781  -0.000417879
7.95798  -0.0032578  -0.000867411
7.99823  -0.00368346  -0.00116808
8.03846  -0.00369408  -0.00129281
8.07865  -0.00332348  -0.00125583
8.11882  -0.00267803  -0.00110588
8.15895  -0.00189658  -0.000908791
8.19905  -0.0011128  -0.000727454
8.23912  -0.000435151  -0.000609004
8.27916  5.69324e-05  -0.000582636
8.31916  0.000315117  -0.000662068
8.35914  0.000333114  -0.000844571
8.39908  0.000161197  -0.00110558
8.43899  -9.3807e-05  -0.00139688
8.47886  -0.000296918  -0.0016572
8.51871  -0.000336579  -0.00183488
8.55852  -0.000175487  -0.00191083
8.59829  0.00012698  -0.001907
8.63804  0.00043484  -0.00187406
8.67775  0.000590889  -0.00186509
8.71743  0.000483424  -0.00191071
8.75707  9.48315e-05  -0.00200872
8.79668  -0.000490503  -0.00213243
8.83626  -0.00112458  -0.00225078
8.8758  -0.00166416  -0.00234861
8.91531  -0.00203546  -0.00243589
8.95478  -0.00226024  -0.00254125
8.99422  -0.00242817  -0.00269359
9.03363  -0.00263178  -0.00290186
9.073  -0.00290433  -0.00314515
9.11233  -0.00319905  -0.00337984
9.15163  -0.00342169  -0.00356102
9.1909  -0.00349377  -0.00366634
9.23012  -0.00340574  -0.00370854
9.26932  -0.00322791  -0.00372898
9.30848  -0.00307518  -0.00377635
9.3476  -0.00304967  -0.00388277
9.38668  -0.00319494  -0.00405042
9.42573  -0.00348459  -0.00425442
9.46475  -0.0038452  -0.00445792
9.50372  -0.00419525  -0.00462945
9.54266  -0.00447742  -0.00475358
9.58157  -0.00467113  -0.00483146
9.62043  -0.00478571  -0.00487442
9.65926  -0.00484469  -0.0048959
9.69805  -0.00487154  -0.00490628
9.73681  -0.00488274  -0.00491151
9.77552  -0.00488726  -0.00491431
9.8142  -0.00488914  -0.00491582
9.85285  -0.00489002  -0.00491668
9.89145  -0.00489061  -0.0049173
9.93001  -0.00489121  -0.00491791
9.96854  -0.00489185  -0.00491855
10.007  -0.00489244  -0.00491915
10.0455  -0.00489292  -0.00491964
10.0839  -0.00489326  -0.00491998
10.1223  -0.00489348  -0.00492021
10.1606  -0.00489362  -0.00492036
10.1989  -0.00489375  -0.00492049
10.2371  -0.00489389  -0.00492063
10.2754  -0.00489404  -0.00492078
10.3135  -0.00489418  -0.00492092
10.3517  -0.00489431  -0.00492105
10.3898  -0.0048944  -0.00492114
10.4278  -0.00489445  -0.0049212
10.4658  -0.0048945  -0.00492124
10.5038  -0.00489453  -0.00492128
10.5418  -0.00489458  -0.00492133
10.5796  -0.00489463  -0.00492138
10.6175  -0.00489468  -0.00492143
10.6553  -0.00489473  -0.00492148
10.6931  -0.00489475  -0.0049215
10.7308  -0.00489476  -0.00492151
10.7685  -0.00489476  -0.00492151
10.8062  -0.00489476  -0.00492151
10.8438  -0.00489477  -0.00492152
10.8813  -0.00489478  -0.00492153
10.9188  -0.00489479  -0.00492154
10.9563  -0.0048948  -0.00492155
10.9938  -0.00489478  -0.00492154
11.0312  -0.00489476  -0.00492151
11.0685  -0.00489472  -0.00492147
11.1058  -0.00489468  -0.00492143
11.1431  -0.00489465  -0.0049214
11.1803  -0.00489462  -0.00492137
11.2175  -0.0048946  -0.00492135
11.2546  -0.00489456  -0.00492131
11.2917  -0.00489449  -0.00492124
11.3288  -0.00489439  -0.00492113
11.3658  -0.00489427  -0.00492101
11.4028  -0.00489415  -0.00492088
11.4397  -0.00489403  -0.00492077
11.4765  -0.00489393  -0.00492066
11.5134  -0.00489381  -0.00492054
11.5502  -0.00489363  -0.00492036
11.5869  -0.00489336  -0.00492007
11.6236  -0.00489296  -0.00491966
11.6603  -0.00489246  -0.00491914
11.6969  -0.00489192  -0.00491858
11.7334  -0.00489139  -0.00491804
11.7699  -0.00489085  -0.00491748
11.8064  -0.0048901  -0.00491662
11.8428  -0.0048887  -0.00491453
11.8792  -0.00488611  -0.00490938
11.9156  -0.00488294  -0.00489843
11.9519  -0.00488355  -0.00487932
11.9881  -0.0048995  -0.0048524
12.0243  -0.00495123  -0.00482311
12.0604  -0.0050642  -0.00480231
12.0965  -0.00525747  -0.00480248
12.1326  -0.00552757  -0.00483023
12.1686  -0.00583611  -0.00487867
12.2046  -0.0061117  -0.00492461
12.2405  -0.00627098  -0.00493446
12.2764  -0.00625309  -0.00487778
12.3122  -0.00605149  -0.00474246
12.348  -0.00572485  -0.00454322
12.3837  -0.00537672  -0.00431769
12.4194  -0.00510966  -0.00411051
12.455  -0.00497452  -0.00395281
12.4906  -0.00494139  -0.00384772
12.5261  -0.00491175  -0.00376995
12.5616  -0.00477077  -0.00367988
12.597  -0.00445564  -0.00354497
12.6324  -0.00400189  -0.00335699
12.6678  -0.00353772  -0.00313676
12.7031  -0.00322464  -0.002925
12.7383  -0.00317551  -0.00276475
12.7735  -0.0033965  -0.00268334
12.8087  -0.00378503  -0.0026803
12.8438  -0.00418098  -0.00272505
12.8788  -0.00443849  -0.00276557
12.9138  -0.00447985  -0.00274694
12.9487  -0.00431165  -0.00263456
12.9836  -0.00400773  -0.00243261
13.0185  -0.00367586  -0.00218789
13.0533  -0.00342156  -0.00197464
13.088  -0.00331494  -0.00186555
13.1227  -0.00336489  -0.00190213
13.1574  -0.00351012  -0.00207835
13.192  -0.00363644  -0.00234458
13.2265  -0.00362002  -0.00262872
13.261  -0.00337932  -0.00286275
13.2954  -0.00290807  -0.00300123
13.3298  -0.00226895  -0.00302359
13.3642  -0.00154984  -0.00292244
13.3985  -0.000809661  -0.00269052
13.4327  -5.00191e-05  -0.00232045
13.4669  0.00076632  -0.00182195
13.501  0.00166045  -0.00124521
13.5351  0.00258247  -0.000689732
13.5691  0.0033946  -0.000284026
13.6031  0.00390536  -0.000141204
13.637  0.00393589  -0.000313376
13.6709  0.0033843  -0.000769891
13.7047  0.00226293  -0.00140929
13.7385  0.00070371  -0.00209471
13.7722  -0.00106138  -0.00269273
13.8058  -0.00273979  -0.00310046
13.8395  -0.00403858  -0.00325823
13.873  -0.00474065  -0.00315295
13.9065  -0.00477622  -0.00281657
13.9399  -0.00425666  -0.0023189
13.9733  -0.00344526  -0.00175236
14.0067  -0.00266739  -0.00120953
14.04  -0.00219574  -0.000760077
14.0732  -0.0021626  -0.000435562
14.1064  -0.00253928  -0.000227925
14.1395  -0.00318729  -0.000101996
14.1726  -0.00394648  -1.75478e-05
14.2056  -0.00470693  4.71453e-05
14.2385  -0.00542525  8.07009e-05
14.2714  -0.00608388  4.33074e-05
14.3043  -0.0066291  -0.000105512
14.3371  -0.00693518  -0.000366184
14.3698  -0.00682368  -0.000670004
14.4025  -0.00613239  -0.000888199
14.4351  -0.0048011  -0.000886904
14.4677  -0.00293302  -0.000604303
14.5002  -0.000801821  -0.000104145
14.5327  0.00120521  0.000432722
14.5651  0.00269335  0.000781445
14.5974  0.00338173  0.000773683
14.6297  0.00319591  0.0003728
14.6619  0.00229611  -0.000311064
14.6941  0.00102861  -0.00106585
14.7262  -0.000183124  -0.0016556
14.7583  -0.000970611  -0.00189927
14.7903  -0.00113333  -0.0017264
14.8222  -0.0006971  -0.00119549
14.8541  0.000102413  -0.00046832
14.886  0.000909635  0.00025433
14.9177  0.0013838  0.000811649
14.9495  0.00132665  0.00113842
14.9811  0.000747845  0.00126716
15.0127  -0.000161094  0.00127809
15.0443  -0.00112738  0.00123297
15.0758  -0.00191655  0.00113948
15.1072  -0.00240918  0.000968268
15.1386  -0.00260294  0.000704771
15.1699  -0.00255318  0.000393378
15.2011  -0.0022975  0.00014021
15.2323  -0.00181259  7.24326e-05
15.2635  -0.00102948  0.000280124
15.2946  0.00010051  0.000772865
15.3256  0.00152509  0.00146935
15.3565  0.0030438  0.00221953
15.3874  0.00433184  0.00284737
15.4183  0.00503975  0.00319943
15.4491  0.00493179  0.00318559
15.4798  0.00399747  0.00280071
15.5105  0.00247634  0.00212135
15.5411  0.000777488  0.0012799
15.5716  -0.000670316  0.000426099
15.6021  -0.00156607  -0.000311357
15.6325  -0.00181594  -0.000853682
15.6629  -0.00152  -0.00118583
15.6932  -0.000891435  -0.00135269
15.7234  -0.000160165  -0.00143714
15.7536  0.000493893  -0.00152456
15.7837  0.000962604  -0.00166556
15.8138  0.00119923  -0.00185341
15.8438  0.00119869  -0.00202818
15.8737  0.000983288  -0.00210739
15.9036  0.000595843  -0.00202854
15.9334  9.57884e-05  -0.00178248
15.9632  -0.000444964  -0.00142116
15.9929  -0.000947155  -0.0010371
16.0225  -0.0013323  -0.000725871
16.0521  -0.00153748  -0.000550454
16.0816  -0.00153685  -0.000523654
16.111  -0.00136071  -0.000614381
16.1404  -0.00109691  -0.000771021
16.1697  -0.000864775  -0.000947321
16.199  -0.00076814  -0.00111678
16.2282  -0.000850594  -0.00126992
16.2573  -0.00107799  -0.00139992
16.2864  -0.00135804  -0.0014893
16.3154  -0.00158428  -0.00150899
16.3444  -0.00167763  -0.00143162
16.3733  -0.00160348  -0.00124982
16.4021  -0.00136072  -0.000985604
16.4308  -0.000958964  -0.000682536
16.4595  -0.000406585  -0.000385342
16.4882  0.00027932  -0.000121182
16.5167  0.00105034  0.000104508
16.5452  0.00181529  0.000296796
16.5737  0.00245901  0.000456525
16.602  0.00288865  0.000576177
16.6303  0.00308064  0.000650132
16.6586  0.00309576  0.000689265
16.6868  0.00304861  0.000724807
16.7149  0.00304956  0.000794893
16.743  0.0031567  0.000921976
16.7709  0.00336749  0.00109771
16.7989  0.00364945  0.00128699
16.8267  0.00397956  0.00144864
16.8545  0.0043568  0.00155774
16.8823  0.00477435  0.00161348
16.9099  0.00517183  0.00162679
16.9375  0.00540833  0.00159726
16.9651  0.00528874  0.00149799
16.9925  0.00464259  0.00128321
17.0199  0.00341761  0.000918933
17.0473  0.00173365  0.000419037
17.0745  -0.000139523  -0.000138517
17.1017  -0.0018749  -0.000631604
17.1289  -0.0032039  -0.000944271
17.156  -0.00399552  -0.00102083
17.183  -0.00426393  -0.000892094
17.2099  -0.00411434  -0.000657781
17.2368  -0.00367057  -0.000435466
17.2636  -0.00302873  -0.000306033
17.2903  -0.00225434  -0.000285875
17.317  -0.00140811  -0.000337918
17.3436  -0.000570744  -0.000409608
17.3702  0.000154226  -0.000471387
17.3966  0.000661749  -0.000531826
17.423  0.000877414  -0.000622501
17.4494  0.000783682  -0.000765701
17.4757  0.000428157  -0.000948605
17.5019  -8.97483e-05  -0.00112232
17.528  -0.000648572  -0.00122691
17.5541  -0.00113861  -0.00122579
17.5801  -0.00148548  -0.00112713
17.606  -0.0016555  -0.000979492
17.6319  -0.00164659  -0.000846172
17.6577  -0.001477  -0.000775403
17.6834  -0.00118194  -0.000783193
17.7091  -0.000816864  -0.000854815
17.7347  -0.000456481  -0.00095929
17.7602  -0.000180409  -0.00106606
17.7857  -4.79499e-05  -0.00115532
17.8111  -7.52558e-05  -0.00121881
17.8364  -0.000227971  -0.00125273
17.8616  -0.000432371  -0.00124774
17.8868  -0.000597979  -0.00118312
17.9119  -0.000642612  -0.00103161
17.937  -0.000515159  -0.000776063
17.962  -0.000214056  -0.000430045
17.9869  0.000203588  -4.8226e-05
18.0117  0.00063097  0.000285091
18.0365  0.000943429  0.000488239
18.0612  0.0010449  0.000519593
18.0858  0.000907767  0.000398535
18.1104  0.000584152  0.000196631
18.1349  0.000181049  3.25978e-06
18.1593  -0.000187035  -0.000114896
18.1836  -0.000441961  -0.000138448
18.2079  -0.000560779  -9.28953e-05
18.2321  -0.000565366  -2.48317e-05
18.2563  -0.000496299  2.62447e-05
18.2803  -0.000390247  4.40616e-05
18.3043  -0.00027237  3.36493e-05
18.3283  -0.000161497  7.72506e-06
18.3521  -7.70909e-05  -2.63446e-05
18.3759  -3.86799e-05  -7.00954e-05
18.3996  -5.74251e-05  -0.000127883
18.4233  -0.00012755  -0.000198162
18.4468  -0.000226086  -0.000269853
18.4703  -0.000322916  -0.000326478
18.4938  -0.000395076  -0.000354515
18.5171  -0.000436075  -0.000349832
18.5404  -0.000454702  -0.000318266
18.5636  -0.000465294  -0.000271063
18.5868  -0.000476976  -0.000219094
18.6099  -0.000489119  -0.000169592
18.6329  -0.000494857  -0.000126367
18.6558  -0.000488365  -9.16886e-05
18.6786  -0.00046952  -6.7326e-05
18.7014  -0.000442682  -5.3828e-05
18.7241  -0.000411681  -4.91552e-05
18.7468  -0.000376028  -4.85398e-05
18.7694  -0.000331731  -4.63227e-05
18.7919  -0.000275781  -3.87226e-05
18.8143  -0.000210301  -2.56191e-05
18.8366  -0.00014295  -1.01718e-05
18.8589  -8.34671e-05  3.31223e-06
18.8811  -3.9065e-05  1.17412e-05
18.9033  -1.17592e-05  1.44407e-05
18.9253  1.22124e-06  1.28274e-05
18.9473  4.98417e-06  9.18219e-06
18.9692  4.39661e-06  5.45626e-06
18.9911  2.67138e-06  2.69137e-06
19.0128  1.26215e-06  1.07714e-06
19.0345  4.73722e-07  3.30396e-07
19.0562  1.37621e-07  6.68743e-08
19.0777  2.67801e-08  3.57918e-09
19.0992  -6.21e-10  -2.95757e-09
19.1206  -4.47135e-09  -1.53718e-09
19.1419  -3.07173e-09  -6.91489e-10
19.1632  -1.11461e-09  -4.39993e-11
19.1843  -2.84179e-12  3.9043e-10
19.2055  1.44517e-10  3.29844e-10
19.2265  -1.23927e-10  5.54252e-12
19.2474  -3.37475e-10  -2.21308e-10
19.2683  -3.99526e-10  -2.7305e-10
19.2891  -3.84033e-10  -2.53438e-10
19.3099  -3.32319e-10  -2.27529e-10
19.3305  -2.59233e-10  -1.9809e-10
19.3511  -1.99063e-10  -1.71454e-10
19.3716  -1.77465e-10  -1.62748e-10
19.3921  -1.82032e-10  -1.68647e-10
19.4124  -1.87175e-10  -1.73288e-10
19.4327  -1.84833e-10  -1.7047e-10
19.4529  -1.79337e-10  -1.64553e-10
19.4731  -1.71572e-10  -1.58415e-10
19.4931  -1.60386e-10  -1.51396e-10
19.5131  -1.49278e-10  -1.44387e-10
19.533  -1.4257e-10  -1.39534e-10
19.5529  -1.39462e-10  -1.36602e-10
19.5726  -1.36551e-10  -1.336e-10
19.5923  -1.32814e-10  -1.29814e-10
19.6119  -1.29051e-10  -1.25919e-10
19.6315  -1.25143e-10  -1.22166e-10
19.6509  -1.2054e-10  -1.18262e-10
19.6703  -1.15857e-10  -1.14384e-10
19.6896  -1.12087e-10  -1.11008e-10
19.7089  -1.09129e-10  -1.08093e-10
19.728  -1.06247e-10  -1.05212e-10
19.7471  -1.03257e-10  -1.02243e-10
19.7661  -1.00388e-10  -9.93556e-11
19.785  -9.75749e-11  -9.65713e-11
19.8039  -9.46189e-11  -9.37826e-11
19.8227  -9.16724e-11  -9.10404e-11
19.8414  -8.90251e-11  -8.84913e-11
19.86  -8.66505e-11  -8.61261e-11
19.8785  -8.43295e-11  -8.38199e-11
19.897  -8.20135e-11  -8.15362e-11
19.9154  -7.9781e-11  -7.932e-11
19.9337  -7.76071e-11  -7.7164e-11
19.9519  -7.54203e-11  -7.50271e-11
19.9701  -7.3272e-11  -7.29342e-11
19.9882  -7.12644e-11  -7.09467e-11
20.0062  -6.93858e-11  -6.90665e-11
20.0241  -6.75522e-11  -6.72473e-11
20.042  -6.5742e-11  -6.54683e-11
20.0598  -6.39832e-11  -6.37349e-11
20.0774  -6.2267e-11  -6.2035e-11
20.0951  -6.05683e-11  -6.03528e-11
20.1126  -5.89114e-11  -5.87063e-11
20.1301  -5.73395e-11  -5.71304e-11
20.1475  -5.5846e-11  -5.56312e-11
20.1648  -5.43909e-11  -5.41881e-11
20.182  -5.29591e-11  -5.27841e-11
20.1992  -5.15593e-11  -5.14102e-11
20.2162  -5.01885e-11  -5.00544e-11
20.2332  -4.88399e-11  -4.87107e-11
20.2502  -4.75287e-11  -4.73947e-11
20.267  -4.62771e-11  -4.6131e-11
20.2838  -4.50809e-11  -4.49278e-11
20.3005  -4.39172e-11  -4.3774e-11
20.3171  -4.27732e-11  -4.2654e-11
20.3336  -4.16495e-11  -4.15544e-11
20.3501  -4.05453e-11  -4.04635e-11
20.3664  -3.9461e-11  -3.93796e-11
20.3827  -3.84085e-11  -3.83169e-11
20.3989  -3.74012e-11  -3.72952e-11
20.4151  -3.64365e-11  -3.63232e-11
20.4311  -3.54991e-11  -3.5394e-11
20.4471  -3.45777e-11  -3.44934e-11
20.463  -3.36692e-11  -3.36064e-11
20.4788  -3.27737e-11  -3.27225e-11
20.4946  -3.18945e-11  -3.18418e-11
20.5103  -3.10418e-11  -3.09773e-11
20.5258  -3.0225e-11  -3.0146e-11
20.5413  -2.94425e-11  -2.93563e-11
20.5568  -2.86829e-11  -2.86036e-11
20.5721  -2.79359e-11  -2.78747e-11
20.5874  -2.71972e-11  -2.7155e-11
20.6026  -2.64669e-11  -2.64348e-11
20.6177  -2.57496e-11  -2.57151e-11
20.6327  -2.50542e-11  -2.50078e-11
20.6477  -2.43882e-11  -2.43279e-11
20.6625  -2.37505e-11  -2.36834e-11
20.6773  -2.3132e-11  -2.30708e-11
20.6921  -2.25234e-11  -2.2478e-11
20.7067  -2.192e-11  -2.18914e-11
20.7212  -2.13218e-11  -2.1302e-11
20.7357  -2.07338e-11  -2.07113e-11
20.7501  -2.0164e-11  -2.013e-11
20.7644  -1.96187e-11  -1.95717e-11
20.7786  -1.9097e-11  -1.90438e-11
20.7928  -1.85916e-11  -1.85433e-11
20.8069  -1.80939e-11  -1.80596e-11
20.8209  -1.75992e-11  -1.75797e-11
20.8348  -1.71075e-11  -1.70958e-11
20.8486  -1.66238e-11  -1.66093e-11
20.8624  -1.61553e-11  -1.613e-11
20.876  -1.57073e-11  -1.56702e-11
20.8896  -1.52795e-11  -1.52365e-11
20.9031  -1.48654e-11  -1.48267e-11
20.9166  -1.44573e-11  -1.44309e-11
20.9299  -1.40506e-11  -1.40375e-11
20.9432  -1.36455e-11  -1.36392e-11
20.9564  -1.32466e-11  -1.32375e-11
20.9695  -1.28603e-11  -1.28414e-11
20.9825  -1.24917e-11  -1.24617e-11
20.9954  -1.21402e-11  -1.21049e-11
21.0083  -1.18003e-11  -1.17688e-11
21.0211  -1.14651e-11  -1.14445e-11
21.0338  -1.11303e-11  -1.11215e-11
21.0464  -1.0796e-11  -1.07932e-11
21.0589  -1.04664e-11  -1.04611e-11
21.0714  -1.01476e-11  -1.01331e-11
21.0838  -9.84384e-12  -9.81931e-12
21.0961  -9.55482e-12  -9.52534e-12
21.1083  -9.27568e-12  -9.24952e-12
21.1204  -9.00015e-12  -8.98381e-12
21.1325  -8.72426e-12  -8.71852e-12
21.1444  -8.44815e-12  -8.44781e-12
21.1563  -8.17572e-12  -8.17293e-12
21.1681  -7.91244e-12  -7.90125e-12
21.1799  -7.66214e-12  -7.64172e-12
21.1915  -7.42457e-12  -7.39957e-12
21.2031  -7.19539e-12  -7.17333e-12
21.2146  -6.96897e-12  -6.95575e-12
21.226  -6.74169e-12  -6.73804e-12
21.2373  -6.51369e-12  -6.5149e-12
21.2485  -6.28856e-12  -6.28749e-12
21.2597  -6.07124e-12  -6.06246e-12
21.2707  -5.86517e-12  -5.84791e-12
21.2817  -5.67012e-12  -5.64862e-12
21.2926  -5.48223e-12  -5.46333e-12
21.3034  -5.29642e-12  -5.2855e-12
21.3142  -5.10941e-12  -5.10718e-12
21.3249  -4.92136e-12  -4.92356e-12
21.3354  -4.73555e-12  -4.73565e-12
21.3459  -4.55645e-12  -4.54945e-12
21.3563  -4.38714e-12  -4.37232e-12
21.3667  -4.22739e-12  -4.20862e-12
21.3769  -4.07375e-12  -4.05728e-12
21.3871  -3.92165e-12  -3.91244e-12
21.3972  -3.76813e-12  -3.76686e-12
21.4072  -3.61339e-12  -3.61616e-12
21.4171  -3.4604e-12  -3.46125e-12
21.4269  -3.3132e-12  -3.30751e-12
21.4367  -3.17453e-12  -3.16161e-12
21.4464  -3.04418e-12  -3.02757e-12
21.4559  -2.91904e-12  -2.90448e-12
21.4654  -2.795e-12  -2.78706e-12
21.4749  -2.66944e-12  -2.66878e-12
21.4842  -2.54254e-12  -2.54563e-12
21.4935  -2.41704e-12  -2.41836e-12
21.5026  -2.29655e-12  -2.29184e-12
21.5117  -2.18351e-12  -2.17209e-12
21.5207  -2.0777e-12  -2.06281e-12
21.5297  -1.97633e-12  -1.96326e-12
21.5385  -1.87573e-12  -1.86872e-12
21.5473  -1.77355e-12  -1.77326e-12
21.5559  -1.67e-12  -1.6732e-12
21.5645  -1.56756e-12  -1.56917e-12
21.5731  -1.46949e-12  -1.46552e-12
21.5815  -1.37793e-12  -1.3677e-12
21.5898  -1.29265e-12  -1.27913e-12
21.5981  -1.21114e-12  -1.19924e-12
21.6063  -1.13013e-12  -1.12381e-12
21.6144  -1.04753e-12  -1.04745e-12
21.6224  -9.63598e-13  -9.66797e-13
21.6303  -8.80567e-13  -8.82326e-13
21.6381  -8.01339e-13  -7.97925e-13
21.6459  -7.278e-13  -7.18528e-13
21.6536  -6.59706e-13  -6.47299e-13
21.6612  -5.94799e-13  -5.83824e-13
21.6687  -5.30171e-13  -5.24352e-13
21.6761  -4.64006e-13  -4.64008e-13
21.6835  -3.9656e-13  -3.99669e-13
21.6907  -3.29865e-13  -3.31684e-13
21.6979  -2.66491e-13  -2.63499e-13
21.705  -2.08074e-13  -1.99575e-13
21.712  -1.5436e-13  -1.42852e-13
21.7189  -1.03324e-13  -9.30755e-14
21.7258  -5.23953e-14  -4.69301e-14
21.7325  0  0
21.7392  0  0
21.7458  0  0
21.7523  0  0
21.7587  0  0
21.765  0  0
21.7713  0  0
21.7775  0  0
21.7836  0  0
21.7896  0  0
21.7955  0  0
21.8013  0  0
21.8071  0  0
21.8127  0  0
21.8183  0  0
21.8238  0  0
21.8292  0  0
21.8345  0  0
21.8398  0  0
21.845  0  0
21.85  0  0
21.855  0  0
21.8599  0  0
21.8648  0  0
21.8695  0  0
21.8742  0  0
21.8787  0  0
21.8832  0  0
21.8876  0  0
21.8919  0  0
21.8962  0  0
21.9003  0  0
21.9044  0  0
21.9084  0  0
21.9123  0  0
21.9161  0  0
21.9198  0  0
21.9234  0  0
21.927  0  0
21.9305  0  0
21.9339  0  0
21.9372  0  0
21.9404  0  0
21.9435  0  0
21.9466  0  0
21.9495  0  0
21.9524  0  0
21.9552  0  0
21.9579  0  0
21.9606  0  0
21.9631  0  0
21.9656  0  0
21.9679  0  0
21.9702  0  0
21.9724  0  0
21.9745  0  0
21.9766  0  0
21.9785  0  0
21.9804  0  0
21.9822  0  0
21.9839  0  0
21.9855  0  0
21.987  0  0
21.9885  0  0
21.9898  0  0
21.9911  0  0
21.9923  0  0
21.9934  0  0
21.9944  0  0
21.9953  0  0
21.9962  0  0
21.9969  0  0
21.9976  0  0
21.9982  0  0
21.9987  0  0
21.9991  0  0
21.9995  0  0
21.9997  0  0
21.9999  0  0
22  0  0
