-22  -2.60349e-12  8.12587e-12
-21.9999  1.25606e-12  1.48947e-12
-21.9997  1.35294e-12  1.33007e-12
-21.9995  1.3444e-12  1.2987e-12
-21.9991  1.30787e-12  1.27674e-12
-21.9987  1.27333e-12  1.26126e-12
-21.9982  1.25532e-12  1.25695e-12
-21.9976  1.25245e-12  1.25991e-12
-21.9969  1.25708e-12  1.2636e-12
-21.9962  1.26347e-12  1.26535e-12
-21.9953  1.26794e-12  1.26491e-12
-21.9944  1.26751e-12  1.2616e-12
-21.9934  1.2618e-12  1.25564e-12
-21.9923  1.25427e-12  1.24981e-12
-21.9911  1.24928e-12  1.24725e-12
-21.9898  1.24848e-12  1.2484e-12
-21.9885  1.2506e-12  1.25114e-12
-21.987  1.25323e-12  1.25295e-12
-21.9855  1.25397e-12  1.25207e-12
-21.9839  1.25109e-12  1.24771e-12
-21.9822  1.24466e-12  1.24061e-12
-21.9804  1.23699e-12  1.23329e-12
-21.9785  1.23107e-12  1.22847e-12
-21.9766  1.22836e-12  1.22706e-12
-21.9745  1.22816e-12  1.22764e-12
-21.9724  1.22837e-12  1.22771e-12
-21.9702  1.22659e-12  1.22502e-12
-21.9679  1.22116e-12  1.21847e-12
-21.9656  1.21223e-12  1.20878e-12
-21.9631  1.2019e-12  1.19843e-12
-21.9606  1.19296e-12  1.19023e-12
-21.9579  1.18705e-12  1.18542e-12
-21.9552  1.18373e-12  1.18295e-12
-21.9524  1.18097e-12  1.18028e-12
-21.9495  1.17614e-12  1.17478e-12
-21.9466  1.16741e-12  1.16502e-12
-21.9435  1.1548e-12  1.15162e-12
-21.9404  1.14042e-12  1.13709e-12
-21.9372  1.12717e-12  1.12446e-12
-21.9339  1.11694e-12  1.11529e-12
-21.9305  1.10955e-12  1.10879e-12
-21.927  1.10293e-12  1.10234e-12
-21.9234  1.09417e-12  1.093e-12
-21.9198  1.08112e-12  1.07897e-12
-21.9161  1.0637e-12  1.06072e-12
-21.9123  1.04401e-12  1.04084e-12
-21.9084  1.02521e-12  1.02262e-12
-21.9044  1.00952e-12  1.008e-12
-21.9003  9.96981e-13  9.96386e-13
-21.8962  9.85433e-13  9.85074e-13
-21.8919  9.71659e-13  9.70742e-13
-21.8876  9.53164e-13  9.5125e-13
-21.8832  9.29662e-13  9.26896e-13
-21.8787  9.03363e-13  9.0039e-13
-21.8742  8.777e-13  8.75332e-13
-21.8695  8.55282e-13  8.54022e-13
-21.8648  8.36363e-13  8.36073e-13
-21.8599  8.18677e-13  8.1865e-13
-21.855  7.98647e-13  7.98055e-13
-21.85  7.73382e-13  7.71765e-13
-21.845  7.42407e-13  7.39916e-13
-21.8398  7.08039e-13  7.05348e-13
-21.8345  6.74059e-13  6.72019e-13
-21.8292  6.43484e-13  6.42619e-13
-21.8238  6.16787e-13  6.16943e-13
-21.8183  5.91567e-13  5.91999e-13
-21.8127  5.63847e-13  5.63687e-13
-21.8071  5.30304e-13  5.29079e-13
-21.8013  4.90267e-13  4.88143e-13
-21.7955  4.46182e-13  4.43878e-13
-21.7896  4.02229e-13  4.00642e-13
-21.7836  3.61862e-13  3.61534e-13
-21.7775  3.25771e-13  3.26526e-13
-21.7713  2.91403e-13  2.9244e-13
-21.765  2.54329e-13  2.54738e-13
-21.7587  2.1077e-13  2.10062e-13
-21.7523  1.59836e-13  1.58204e-13
-21.7458  1.0414e-13  1.02358e-13
-21.7392  4.82971e-14  4.7317e-14
-21.7325  -3.75843e-15  -3.37678e-15
-21.7258  -5.11181e-14  -4.95846e-14
-21.7189  -9.65228e-14  -9.46996e-14
-21.712  -1.44887e-13  -1.4374e-13
-21.705  -2.00493e-13  -2.00526e-13
-21.6979  -2.64454e-13  -2.65438e-13
-21.6907  -3.33972e-13  -3.35065e-13
-21.6835  -4.03937e-13  -4.04126e-13
-21.6761  -4.69903e-13  -4.68609e-13
-21.6687  -5.30738e-13  -5.28209e-13
-21.6612  -5.89394e-13  -5.86567e-13
-21.6536  -6.51326e-13  -6.49232e-13
-21.6459  -7.21367e-13  -7.20524e-13
-21.6381  -8.00859e-13  -8.00994e-13
-21.6303  -8.8679e-13  -8.86986e-13
-21.6224  -9.73507e-13  -9.72678e-13
-21.6144  -1.05601e-12  -1.05355e-12
-21.6063  -1.13292e-12  -1.12914e-12
-21.5981  -1.20745e-12  -1.20336e-12
-21.5898  -1.28565e-12  -1.28236e-12
-21.5815  -1.37295e-12  -1.37099e-12
-21.5731  -1.47094e-12  -1.46998e-12
-21.5645  -1.57636e-12  -1.5754e-12
-21.5559  -1.68295e-12  -1.68082e-12
-21.5473  -1.7851e-12  -1.78118e-12
-21.5385  -1.8812e-12  -1.87583e-12
-21.5297  -1.97473e-12  -1.96905e-12
-21.5207  -2.07241e-12  -2.06761e-12
-21.5117  -2.18034e-12  -2.17695e-12
-21.5026  -2.30037e-12  -2.298e-12
-21.4935  -2.42893e-12  -2.4265e-12
-21.4842  -2.55912e-12  -2.55535e-12
-21.4749  -2.68465e-12  -2.67888e-12
-21.4654  -2.80366e-12  -2.79632e-12
-21.4559  -2.91994e-12  -2.91228e-12
-21.4464  -3.04097e-12  -3.03427e-12
-21.4367  -3.17358e-12  -3.16838e-12
-21.4269  -3.31987e-12  -3.31573e-12
-21.4171  -3.47598e-12  -3.47167e-12
-21.4072  -3.63424e-12  -3.6284e-12
-21.3972  -3.78765e-12  -3.77958e-12
-21.3871  -3.93405e-12  -3.92425e-12
-21.3769  -4.07763e-12  -4.0675e-12
-21.3667  -4.22668e-12  -4.2176e-12
-21.3563  -4.38885e-12  -4.38136e-12
-21.3459  -4.56654e-12  -4.56013e-12
-21.3354  -4.75551e-12  -4.74882e-12
-21.3249  -4.94725e-12  -4.93879e-12
-21.3142  -5.13397e-12  -5.12302e-12
-21.3034  -5.31322e-12  -5.30037e-12
-21.2926  -5.4896e-12  -5.4764e-12
-21.2817  -5.67236e-12  -5.66031e-12
-21.2707  -5.87003e-12  -5.85967e-12
-21.2597  -6.08535e-12  -6.07607e-12
-21.2485  -6.31363e-12  -6.30393e-12
-21.2373  -6.54545e-12  -6.5337e-12
-21.226  -6.77213e-12  -6.75756e-12
-21.2146  -6.99088e-12  -6.97421e-12
-21.2031  -7.20681e-12  -7.18979e-12
-21.1915  -7.43022e-12  -7.41446e-12
-21.1799  -7.67068e-12  -7.6567e-12
-21.1681  -7.93126e-12  -7.91833e-12
-21.1563  -8.20676e-12  -8.19322e-12
-21.1444  -8.48672e-12  -8.47081e-12
-21.1325  -8.7615e-12  -8.74239e-12
-21.1204  -9.02795e-12  -9.00651e-12
-21.1083  -9.29173e-12  -9.26995e-12
-21.0961  -9.56437e-12  -9.54398e-12
-21.0838  -9.8566e-12  -9.83806e-12
-21.0714  -1.01719e-11  -1.01543e-11
-21.0589  -1.05043e-11  -1.04859e-11
-21.0464  -1.08424e-11  -1.08212e-11
-21.0338  -1.11753e-11  -1.11505e-11
-21.0211  -1.14996e-11  -1.14722e-11
-21.0083  -1.18215e-11  -1.17938e-11
-20.9954  -1.21541e-11  -1.21279e-11
-20.9825  -1.25092e-11  -1.24849e-11
-20.9695  -1.28908e-11  -1.28673e-11
-20.9564  -1.32924e-11  -1.32677e-11
-20.9432  -1.37009e-11  -1.36729e-11
-20.9299  -1.41045e-11  -1.40724e-11
-20.9166  -1.44993e-11  -1.44643e-11
-20.9031  -1.48922e-11  -1.48571e-11
-20.8896  -1.5298e-11  -1.52645e-11
-20.876  -1.57301e-11  -1.56984e-11
-20.8624  -1.61927e-11  -1.61616e-11
-20.8486  -1.66785e-11  -1.66457e-11
-20.8348  -1.7173e-11  -1.71363e-11
-20.8209  -1.7663e-11  -1.76216e-11
-20.8069  -1.81442e-11  -1.80997e-11
-20.7928  -1.86243e-11  -1.85798e-11
-20.7786  -1.91202e-11  -1.90775e-11
-20.7644  -1.9647e-11  -1.96059e-11
-20.7501  -2.02092e-11  -2.0168e-11
-20.7357  -2.07984e-11  -2.07549e-11
-20.7212  -2.13984e-11  -2.13503e-11
-20.7067  -2.19947e-11  -2.19412e-11
-20.6921  -2.25824e-11  -2.25257e-11
-20.6773  -2.31704e-11  -2.31141e-11
-20.6625  -2.37777e-11  -2.37236e-11
-20.6477  -2.4422e-11  -2.43688e-11
-20.6327  -2.51078e-11  -2.50534e-11
-20.6177  -2.58247e-11  -2.5767e-11
-20.6026  -2.65551e-11  -2.64918e-11
-20.5874  -2.72831e-11  -2.72137e-11
-20.5721  -2.80031e-11  -2.79308e-11
-20.5568  -2.87253e-11  -2.86545e-11
-20.5413  -2.9472e-11  -2.94036e-11
-20.5258  -3.02635e-11  -3.01946e-11
-20.5103  -3.11038e-11  -3.10315e-11
-20.4946  -3.19801e-11  -3.1903e-11
-20.4788  -3.28729e-11  -3.27891e-11
-20.463  -3.37653e-11  -3.36747e-11
-20.4471  -3.46508e-11  -3.45584e-11
-20.4311  -3.55413e-11  -3.54527e-11
-20.4151  -3.6464e-11  -3.63781e-11
-20.3989  -3.74422e-11  -3.73527e-11
-20.3827  -3.84782e-11  -3.83813e-11
-20.3664  -3.95552e-11  -3.94508e-11
-20.3501  -4.0652e-11  -4.05393e-11
-20.3336  -4.17512e-11  -4.16315e-11
-20.3171  -4.28454e-11  -4.27272e-11
-20.3005  -4.39488e-11  -4.38396e-11
-20.2838  -4.50961e-11  -4.49902e-11
-20.267  -4.63153e-11  -4.61991e-11
-20.2502  -4.76035e-11  -4.74713e-11
-20.2332  -4.89362e-11  -4.87914e-11
-20.2162  -5.02912e-11  -5.01359e-11
-20.1992  -5.16525e-11  -5.14914e-11
-20.182  -5.30114e-11  -5.28606e-11
-20.1648  -5.43859e-11  -5.42567e-11
-20.1475  -5.58249e-11  -5.57002e-11
-20.1301  -5.73634e-11  -5.72125e-11
-20.1126  -5.89847e-11  -5.87985e-11
-20.0951  -6.06477e-11  -6.04385e-11
-20.0774  -6.23313e-11  -6.2108e-11
-20.0598  -6.40263e-11  -6.38023e-11
-20.042  -6.57207e-11  -6.55318e-11
-20.0241  -6.74408e-11  -6.73065e-11
-20.0062  -6.92673e-11  -6.91402e-11
-19.9882  -7.1248e-11  -7.10542e-11
-19.9701  -7.3328e-11  -7.30513e-11
-19.9519  -7.54252e-11  -7.51005e-11
-19.9337  -7.75265e-11  -7.71787e-11
-19.9154  -7.9642e-11  -7.93097e-11
-19.897  -8.17511e-11  -8.15284e-11
-19.8785  -8.39021e-11  -8.38309e-11
-19.86  -8.62617e-11  -8.62054e-11
-19.8414  -8.89083e-11  -8.867e-11
-19.8227  -9.16731e-11  -9.12183e-11
-19.8039  -9.4357e-11  -9.37812e-11
-19.785  -9.69732e-11  -9.63397e-11
-19.7661  -9.95864e-11  -9.90177e-11
-19.7471  -1.02142e-10  -1.01936e-10
-19.728  -1.0476e-10  -1.0504e-10
-19.7089  -1.07893e-10  -1.08218e-10
-19.6896  -1.11728e-10  -1.11484e-10
-19.6703  -1.15713e-10  -1.14804e-10
-19.6509  -1.19245e-10  -1.17942e-10
-19.6315  -1.22411e-10  -1.20854e-10
-19.6119  -1.25421e-10  -1.24072e-10
-19.5923  -1.28043e-10  -1.28102e-10
-19.5726  -1.30675e-10  -1.32654e-10
-19.5529  -1.34985e-10  -1.37163e-10
-19.533  -1.41725e-10  -1.41714e-10
-19.5131  -1.48871e-10  -1.46279e-10
-19.4931  -1.54055e-10  -1.49625e-10
-19.4731  -1.57436e-10  -1.51191e-10
-19.4529  -1.59442e-10  -1.53584e-10
-19.4327  -1.58502e-10  -1.59744e-10
-19.4124  -1.56131e-10  -1.67748e-10
-19.3921  -1.60809e-10  -1.73707e-10
-19.3716  -1.78341e-10  -1.7947e-10
-19.3511  -2.00945e-10  -1.87645e-10
-19.3305  -2.15979e-10  -1.88415e-10
-19.3099  -2.2003e-10  -1.70541e-10
-19.2891  -2.08679e-10  -1.50997e-10
-19.2683  -1.62321e-10  -1.56354e-10
-19.2474  -7.37043e-11  -1.53126e-10
-19.2265  9.19095e-12  -6.94322e-11
-19.2055  -3.32577e-12  4.43453e-11
-19.1843  -1.79727e-10  2.03202e-11
-19.1632  -5.00813e-10  -4.31447e-11
-19.1419  -7.88582e-10  3.37331e-10
-19.1206  -6.95928e-10  1.32937e-09
-19.0992  7.78665e-10  4.17241e-09
-19.0777  9.90593e-09  2.24335e-08
-19.0562  5.42174e-08  1.08772e-07
-19.0345  2.1038e-07  3.87792e-07
-19.0128  6.18181e-07  1.06828e-06
-18.9911  1.42809e-06  2.41351e-06
-18.9692  2.65652e-06  4.68501e-06
-18.9473  4.03582e-06  8.10532e-06
-18.9253  5.06874e-06  1.28482e-05
-18.9033  5.44533e-06  1.89577e-05
-18.8811  5.64243e-06  2.60396e-05
-18.8589  7.10054e-06  3.27201e-05
-18.8366  1.13508e-05  3.62356e-05
-18.8143  1.82049e-05  3.28188e-05
-18.7919  2.42933e-05  1.93548e-05
-18.7694  2.37955e-05  -4.05268e-06
-18.7468  1.21713e-05  -3.20056e-05
-18.7241  -8.72044e-06  -5.40097e-05
-18.7014  -2.78182e-05  -5.78446e-05
-18.6786  -2.77556e-05  -3.51321e-05
-18.6558  6.47096e-06  1.35567e-05
-18.6329  7.7384e-05  7.69619e-05
-18.6099  0.00016991  0.000136099
-18.5868  0.000255488  0.000170782
-18.5636  0.000304064  0.000166673
-18.5404  0.000297543  0.000119741
-18.5171  0.000237266  3.65398e-05
-18.4938  0.000141937  -6.89126e-05
-18.4703  3.83926e-05  -0.000179359
-18.4468  -4.85235e-05  -0.000277239
-18.4233  -0.000101252  -0.000345509
-18.3996  -0.000108533  -0.000367571
-18.3759  -6.13678e-05  -0.000328718
-18.3521  4.90244e-05  -0.000220559
-18.3283  0.000228288  -4.7082e-05
-18.3043  0.000472426  0.000171728
-18.2803  0.000762311  0.0004029
-18.2563  0.00106342  0.000610702
-18.2321  0.00133136  0.000769443
-18.2079  0.00151992  0.000871381
-18.1836  0.00158782  0.000924805
-18.1593  0.0015036  0.000943905
-18.1349  0.00125175  0.00093773
-18.1104  0.000842476  0.000905792
-18.0858  0.000321937  0.000842461
-18.0612  -0.000226138  0.000745763
-18.0365  -0.00069558  0.000623642
-18.0117  -0.000988479  0.000493597
-17.9869  -0.0010484  0.00037676
-17.962  -0.000878736  0.000290541
-17.937  -0.000536895  0.000243423
-17.9119  -0.000109679  0.000233021
-17.8868  0.000314262  0.000246883
-17.8616  0.000661337  0.000265507
-17.8364  0.000877122  0.000267528
-17.8111  0.000925972  0.000236618
-17.7857  0.000794932  0.000168364
-17.7602  0.000501977  7.43623e-05
-17.7347  9.9343e-05  -1.89162e-05
-17.7091  -0.000338029  -7.7284e-05
-17.6834  -0.000739383  -7.04775e-05
-17.6577  -0.00106813  1.53557e-05
-17.6319  -0.00133694  0.00016894
-17.606  -0.00159657  0.00035284
-17.5801  -0.00190267  0.000511673
-17.5541  -0.0022789  0.000587892
-17.528  -0.00269675  0.000540561
-17.5019  -0.00308191  0.00036089
-17.4757  -0.00334053  7.85744e-05
-17.4494  -0.0033895  -0.000244604
-17.423  -0.0031774  -0.000532973
-17.3966  -0.00269351  -0.000720903
-17.3702  -0.00196967  -0.00077314
-17.3436  -0.00107888  -0.000693386
-17.317  -0.000128649  -0.000518664
-17.2903  0.000755925  -0.00030421
-17.2636  0.00145882  -0.000107583
-17.2368  0.0019005  2.13848e-05
-17.2099  0.00205423  4.44846e-05
-17.183  0.00194566  -6.1992e-05
-17.156  0.00164056  -0.000300545
-17.1289  0.00123051  -0.000643225
-17.1017  0.000821469  -0.00102802
-17.0745  0.000520613  -0.00136985
-17.0473  0.000413635  -0.00158743
-17.0199  0.000532491  -0.00163547
-16.9925  0.000827569  -0.00152502
-16.9651  0.0011656  -0.00131926
-16.9375  0.00136634  -0.0011048
-16.9099  0.00127017  -0.000952004
-16.8823  0.000808411  -0.000882844
-16.8545  4.32686e-05  -0.000859872
-16.8267  -0.000842183  -0.000800182
-16.7989  -0.00160027  -0.000609051
-16.7709  -0.00199845  -0.000221665
-16.743  -0.0018934  0.000362187
-16.7149  -0.00127565  0.0010656
-16.6868  -0.000271773  0.00175324
-16.6586  0.000896171  0.0022772
-16.6303  0.00198089  0.00253153
-16.602  0.00278436  0.00249026
-16.5737  0.00320729  0.00221137
-16.5452  0.0032544  0.00180732
-16.5167  0.00299937  0.00139963
-16.4882  0.00253449  0.00107982
-16.4595  0.00193576  0.000890692
-16.4308  0.00125887  0.000828363
-16.4021  0.00055667  0.000856486
-16.3733  -0.00010536  0.000923826
-16.3444  -0.000653689  0.000980462
-16.3154  -0.00102894  0.000991051
-16.2864  -0.00120675  0.000943803
-16.2573  -0.00119931  0.000853212
-16.2282  -0.00103609  0.000755541
-16.199  -0.000739818  0.000698261
-16.1697  -0.00031599  0.000726231
-16.1404  0.000238029  0.000867667
-16.111  0.000914162  0.00112308
-16.0816  0.00167988  0.00146112
-16.0521  0.00247739  0.00182531
-16.0225  0.00323415  0.00215198
-15.9929  0.00387948  0.00239294
-15.9632  0.00436363  0.00253077
-15.9334  0.00467389  0.00257528
-15.9036  0.0048373  0.00254095
-15.8737  0.00489896  0.00241892
-15.8438  0.00487898  0.0021651
-15.8138  0.00473323  0.00171903
-15.7837  0.00435343  0.00104806
-15.7536  0.00362373  0.000191423
-15.7234  0.00251032  -0.00072695
-15.6932  0.00112822  -0.0015322
-15.6629  -0.000265692  -0.00206582
-15.6325  -0.00136096  -0.00225122
-15.6021  -0.00191799  -0.00212162
-15.5716  -0.00186169  -0.00179627
-15.5411  -0.00129924  -0.00142035
-15.5105  -0.000463797  -0.0011018
-15.4798  0.000378964  -0.000875488
-15.4491  0.00101949  -0.000706363
-15.4183  0.00136346  -0.000522282
-15.3874  0.00145229  -0.000256192
-15.3565  0.0014407  0.000122015
-15.3256  0.00153035  0.000594765
-15.2946  0.00187459  0.00110762
-15.2635  0.00249392  0.0015939
-15.2323  0.00325051  0.00200114
-15.2011  0.00390515  0.00230782
-15.1699  0.00423062  0.00252364
-15.1386  0.00411742  0.00267486
-15.1072  0.00361276  0.00278384
-15.0758  0.00287898  0.00285552
-15.0443  0.0021085  0.00287907
-15.0127  0.00145157  0.00284315
-14.9811  0.000990722  0.00275287
-14.9495  0.000756132  0.00263445
-14.9177  0.000751809  0.00252205
-14.886  0.000966792  0.00243589
-14.8541  0.00136713  0.00236905
-14.8222  0.00188174  0.00229509
-14.7903  0.00239796  0.00219192
-14.7583  0.00277508  0.00206262
-14.7262  0.00287564  0.00193495
-14.6941  0.00260792  0.00183818
-14.6619  0.00196661  0.00177511
-14.6297  0.00105303  0.00171249
-14.5974  5.68481e-05  0.00159825
-14.5651  -0.000804135  0.00139206
-14.5327  -0.00136595  0.00108547
-14.5002  -0.00158284  0.000697842
-14.4677  -0.00153691  0.000256314
-14.4351  -0.00138283  -0.000218356
-14.4025  -0.00125587  -0.000705496
-14.3698  -0.00119649  -0.00116451
-14.3371  -0.0011383  -0.00152396
-14.3043  -0.000968104  -0.00169789
-14.2714  -0.000620698  -0.00162521
-14.2385  -0.000146519  -0.0013073
-14.2056  0.000293984  -0.00081722
-14.1726  0.000509229  -0.000272415
-14.1395  0.000381997  0.000213448
-14.1064  -6.09509e-05  0.000572738
-14.0732  -0.0006538  0.000800355
-14.04  -0.00116427  0.000941481
-14.0067  -0.00139017  0.00106182
-13.9733  -0.00122962  0.00121616
-13.9399  -0.000697194  0.00142772
-13.9065  0.000108161  0.00168361
-13.873  0.00105441  0.00194517
-13.8395  0.0020167  0.00216653
-13.8058  0.00289247  0.00231224
-13.7722  0.00359767  0.00236692
-13.7385  0.00406198  0.00233505
-13.7047  0.00423693  0.00223429
-13.6709  0.00411648  0.00208774
-13.637  0.00375458  0.00191814
-13.6031  0.00325985  0.0017436
-13.5691  0.00275783  0.00157347
-13.5351  0.00233283  0.00140426
-13.501  0.00198073  0.0012185
-13.4669  0.00160641  0.0009892
-13.4327  0.0010782  0.000690341
-13.3985  0.000314123  0.000309497
-13.3642  -0.000652352  -0.000143542
-13.3298  -0.0016741  -0.000637345
-13.2954  -0.00256448  -0.00112917
-13.261  -0.00319751  -0.00157998
-13.2265  -0.00356657  -0.00196612
-13.192  -0.00376187  -0.00228159
-13.1574  -0.00388642  -0.00253112
-13.1227  -0.0039747  -0.00272004
-13.088  -0.00397365  -0.00284824
-13.0533  -0.00379666  -0.00291145
-13.0185  -0.00340605  -0.00290694
-12.9836  -0.00286135  -0.0028386
-12.9487  -0.0022997  -0.0027187
-12.9138  -0.00186525  -0.00256809
-12.8788  -0.00163791  -0.00241735
-12.8438  -0.0016059  -0.00230779
-12.8087  -0.00169181  -0.00228655
-12.7735  -0.00180615  -0.00239213
-12.7383  -0.00189105  -0.0026337
-12.7031  -0.00193179  -0.0029766
-12.6678  -0.00194105  -0.00334623
-12.6324  -0.0019368  -0.00365307
-12.597  -0.00193214  -0.0038281
-12.5616  -0.00193981  -0.0038502
-12.5261  -0.00197969  -0.00375183
-12.4906  -0.00207723  -0.00360157
-12.455  -0.00225066  -0.00347422
-12.4194  -0.00249684  -0.00342332
-12.3837  -0.00278815  -0.00346703
-12.348  -0.00308442  -0.0035904
-12.3122  -0.00335258  -0.00375954
-12.2764  -0.00358098  -0.00393937
-12.2405  -0.00377973  -0.00410687
-12.2046  -0.00396864  -0.0042551
-12.1686  -0.00416193  -0.00438836
-12.1326  -0.00435963  -0.00451337
-12.0965  -0.00454915  -0.00463219
-12.0604  -0.00471382  -0.00474064
-12.0243  -0.00484173  -0.00483162
-11.9881  -0.00493008  -0.00489992
-11.9519  -0.00498417  -0.00494505
-11.9156  -0.0050134  -0.004971
-11.8792  -0.00502727  -0.00498386
-11.8428  -0.00503303  -0.00498935
-11.8064  -0.00503519  -0.00499145
-11.7699  -0.00503606  -0.00499232
-11.7334  -0.00503663  -0.00499289
-11.6969  -0.0050372  -0.00499346
-11.6603  -0.0050378  -0.00499404
-11.6236  -0.00503836  -0.00499458
-11.5869  -0.00503881  -0.00499501
-11.5502  -0.00503911  -0.00499531
-11.5134  -0.00503931  -0.0049955
-11.4765  -0.00503943  -0.00499563
-11.4397  -0.00503954  -0.00499574
-11.4028  -0.00503967  -0.00499586
-11.3658  -0.0050398  -0.00499599
-11.3288  -0.00503993  -0.00499612
-11.2917  -0.00504004  -0.00499622
-11.2546  -0.00504011  -0.00499629
-11.2175  -0.00504016  -0.00499634
-11.1803  -0.00504018  -0.00499636
-11.1431  -0.00504021  -0.00499639
-11.1058  -0.00504024  -0.00499642
-11.0685  -0.00504029  -0.00499646
-11.0312  -0.00504033  -0.0049965
-10.9938  -0.00504036  -0.00499653
-10.9563  -0.00504037  -0.00499654
-10.9188  -0.00504036  -0.00499654
-10.8813  -0.00504035  -0.00499653
-10.8438  -0.00504034  -0.00499651
-10.8062  -0.00504033  -0.00499651
-10.7685  -0.00504033  -0.00499651
-10.7308  -0.00504033  -0.00499651
-10.6931  -0.00504032  -0.0049965
-10.6553  -0.0050403  -0.00499647
-10.6175  -0.00504025  -0.00499643
-10.5796  -0.00504019  -0.00499637
-10.5418  -0.00504014  -0.00499632
-10.5038  -0.00504009  -0.00499627
-10.4658  -0.00504005  -0.00499623
-10.4278  -0.00504001  -0.00499619
-10.3898  -0.00503995  -0.00499613
-10.3517  -0.00503985  -0.00499603
-10.3135  -0.00503971  -0.0049959
-10.2754  -0.00503956  -0.00499575
-10.2371  -0.0050394  -0.00499559
-10.1989  -0.00503925  -0.00499545
-10.1606  -0.00503912  -0.00499532
-10.1223  -0.00503896  -0.00499516
-10.0839  -0.00503873  -0.00499493
-10.0455  -0.00503837  -0.00499458
-10.007  -0.00503785  -0.00499407
-9.96854  -0.00503721  -0.00499345
-9.93001  -0.00503653  -0.00499279
-9.89145  -0.00503589  -0.00499216
-9.85285  -0.00503524  -0.00499152
-9.8142  -0.00503434  -0.00499062
-9.77552  -0.00503287  -0.00498907
-9.73681  -0.0050308  -0.00498666
-9.69805  -0.005029  -0.00498367
-9.65926  -0.00502934  -0.00498075
-9.62043  -0.00503343  -0.00497791
-9.58157  -0.00504002  -0.00497288
-9.54266  -0.0050424  -0.00496022
-9.50372  -0.00502882  -0.00493242
-9.46475  -0.00498794  -0.00488339
-9.42573  -0.00491825  -0.00481235
-9.38668  -0.00483576  -0.00472502
-9.3476  -0.0047729  -0.00462985
-9.30848  -0.00476546  -0.0045301
-9.26932  -0.00483223  -0.00441631
-9.23012  -0.00495915  -0.00426521
-9.1909  -0.00509932  -0.00404898
-9.15163  -0.0051918  -0.00375307
-9.11233  -0.00519032  -0.00339418
-9.073  -0.0050865  -0.00302671
-9.03363  -0.00491485  -0.00272966
-8.99422  -0.00473768  -0.00257638
-8.95478  -0.00461845  -0.00260092
-8.91531  -0.00459595  -0.00277932
-8.8758  -0.00466846  -0.00303694
-8.83626  -0.0047904  -0.003278
-8.79668  -0.00488066  -0.00342063
-8.75707  -0.00484177  -0.00341972
-8.71743  -0.00458872  -0.00326985
-8.67775  -0.00408171  -0.00299431
-8.63804  -0.0033508  -0.00263163
-8.59829  -0.00249803  -0.00222727
-8.55852  -0.00167104  -0.00182895
-8.51871  -0.00101724  -0.00148033
-8.47886  -0.000639427  -0.00121082
-8.43899  -0.000573001  -0.00102662
-8.39908  -0.000790325  -0.000910864
-8.35914  -0.00122159  -0.00083572
-8.31916  -0.00177506  -0.000780215
-8.27916  -0.00234682  -0.000741202
-8.23912  -0.00282451  -0.000728845
-8.19905  -0.00309817  -0.000749636
-8.15895  -0.00308749  -0.000791138
-8.11882  -0.00278008  -0.00082315
-8.07865  -0.00225923  -0.000817698
-8.03846  -0.00169602  -0.000774027
-7.99823  -0.00129558  -0.000728394
-7.95798  -0.00121544  -0.000738683
-7.91769  -0.00149671  -0.000853255
-7.87737  -0.0020477  -0.0010857
-7.83703  -0.00268984  -0.00141173
-7.79665  -0.00323758  -0.00178631
-7.75624  -0.00356478  -0.00216402
-7.7158  -0.00362431  -0.00250673
-7.67533  -0.00342275  -0.00277677
-7.63484  -0.00298054  -0.00292787
-7.59431  -0.00230931  -0.00290782
-7.55375  -0.00141841  -0.00267624
-7.51317  -0.000338978  -0.00222771
-7.47255  0.000855654  -0.00160519
-7.43191  0.00204973  -0.000893787
-7.39124  0.00310856  -0.000196043
-7.35054  0.00391619  0.000399778
-7.30981  0.00440854  0.000842841
-7.26905  0.00458286  0.00112347
-7.22827  0.00447663  0.00125766
-7.18745  0.00412889  0.00126415
-7.14661  0.00355161  0.00114947
-7.10575  0.00273392  0.000910048
-7.06485  0.00167751  0.000547244
-7.02393  0.000437298  8.33327e-05
-6.98298  -0.000864539  -0.000433039
-6.942  -0.00206371  -0.000934775
-6.901  -0.003004  -0.00135289
-6.85997  -0.00358396  -0.00163454
-6.81891  -0.00377865  -0.00175677
-6.77783  -0.00363313  -0.00173209
-6.73672  -0.00323787  -0.00160264
-6.69559  -0.00269765  -0.00142325
-6.65443  -0.00210134  -0.00123951
-6.61324  -0.00149811  -0.00107187
-6.57203  -0.000888736  -0.000914874
-6.53079  -0.000240516  -0.000751119
-6.48953  0.000475444  -0.000569141
-6.44824  0.00124155  -0.000372109
-6.40693  0.00197251  -0.00017229
-6.36559  0.00253454  2.18116e-05
-6.32423  0.00279999  0.000212728
-6.28284  0.00270816  0.000408054
-6.24143  0.00229649  0.000605589
-6.2  0.0016836  0.000782616
-6.15854  0.00101516  0.000900148
-6.11706  0.000404759  0.000921473
-6.07556  -9.88898e-05  0.000832729
-6.03403  -0.000506403  0.000651126
-5.99247  -0.00085451  0.000415484
-5.9509  -0.00116811  0.000166541
-5.9093  -0.00143794  -6.90488e-05
-5.86768  -0.00162262  -0.000281449
-5.82604  -0.00167123  -0.000468186
-5.78437  -0.00155339  -0.000621902
-5.74268  -0.00128104  -0.000725044
-5.70097  -0.00090976  -0.000754989
-5.65924  -0.000518104  -0.00069567
-5.61749  -0.000174855  -0.000548096
-5.57571  8.85805e-05  -0.000333402
-5.53391  0.000286324  -8.65749e-05
-5.49209  0.000462736  0.000155765
-5.45025  0.000661923  0.000366841
-5.40839  0.000897736  0.00053426
-5.36651  0.00113979  0.000655751
-5.32461  0.00132344  0.000730018
-5.28269  0.00137972  0.000749715
-5.24074  0.00127  0.000701817
-5.19878  0.00100679  0.000575333
-5.1568  0.000649173  0.000371539
-5.11479  0.000276875  0.000110672
-5.07277  -4.08627e-05  -0.000168563
-5.03073  -0.000264235  -0.000416703
-4.98867  -0.00038296  -0.00058578
-4.94658  -0.000404139  -0.000642112
-4.90448  -0.00034034  -0.000575412
-4.86237  -0.000205749  -0.000400967
-4.82023  -1.89911e-05  -0.000154116
-4.77807  0.000194504  0.000120533
-4.7359  0.000406204  0.000380505
-4.6937  0.000593656  0.000593341
-4.65149  0.000749135  0.000739596
-4.60926  0.000881044  0.000812593
-4.56701  0.00100575  0.000817403
-4.52475  0.00113397  0.000769984
-4.48247  0.0012599  0.000695071
-4.44017  0.00136011  0.000620712
-4.39785  0.00140287  0.000569351
-4.35552  0.00136242  0.000548768
-4.31317  0.00122974  0.000548305
-4.2708  0.00101516  0.000544191
-4.22842  0.000743553  0.000512687
-4.18602  0.000446424  0.000444246
-4.1436  0.000154929  0.000350088
-4.10117  -0.000105325  0.000256529
-4.05872  -0.000318111  0.000189971
-4.01626  -0.00047895  0.000161583
-3.97378  -0.000594654  0.000161107
-3.93129  -0.000679152  0.000163448
-3.88878  -0.000746867  0.000143739
-3.84625  -0.000806769  9.15844e-05
-3.80372  -0.000859862  1.63008e-05
-3.76116  -0.000900429  -5.91402e-05
-3.71859  -0.000919177  -0.000110975
-3.67601  -0.000906031  -0.000126453
-3.63341  -0.000851943  -0.000108285
-3.5908  -0.000750696  -7.04905e-05
-3.54818  -0.000601782  -2.9415e-05
-3.50554  -0.000413885  4.2108e-06
-3.46289  -0.000206784  2.79963e-05
-3.42022  -9.26126e-06  4.5095e-05
-3.37755  0.000147677  5.89256e-05
-3.33485  0.00024023  6.93353e-05
-3.29215  0.000259904  7.2454e-05
-3.24943  0.000216409  6.37297e-05
-3.2067  0.000133776  4.16839e-05
-3.16396  4.13751e-05  9.82858e-06
-3.12121  -3.60025e-05  -2.43394e-05
-3.07844  -8.46942e-05  -5.24691e-05
-3.03566  -0.000103175  -6.87179e-05
-2.99288  -9.84041e-05  -7.16222e-05
-2.95007  -8.04261e-05  -6.38307e-05
-2.90726  -5.80949e-05  -5.02475e-05
-2.86444  -3.72138e-05  -3.57641e-05
-2.8216  -2.06417e-05  -2.36549e-05
-2.77876  -9.18869e-06  -1.51109e-05
-2.7359  -2.44e-06  -9.73738e-06
-2.69303  6.91733e-07  -6.46269e-06
-2.65016  1.5406e-06  -4.30542e-06
-2.60727  1.30633e-06  -2.71534e-06
-2.56437  7.98378e-07  -1.52222e-06
-2.52147  3.92711e-07  -7.14197e-07
-2.47855  1.63262e-07  -2.60598e-07
-2.43562  5.82574e-08  -6.47996e-08
-2.39269  1.60559e-08  -7.63641e-09
-2.34974  1.11317e-09  -4.42323e-10
-2.30679  -2.39129e-09  -1.63712e-09
-2.26382  -1.95574e-09  -1.49888e-09
-2.22085  -1.21507e-09  -1.04153e-09
-2.17787  -1.07488e-09  -1.14476e-09
-2.13488  -1.14908e-09  -1.34112e-09
-2.09188  -1.1173e-09  -1.28906e-09
-2.04888  -1.02989e-09  -1.12952e-09
-2.00587  -9.85327e-10  -1.02686e-09
-1.96285  -9.64999e-10  -9.7113e-10
-1.91982  -9.27703e-10  -9.15569e-10
-1.87678  -8.81858e-10  -8.66122e-10
-1.83374  -8.48183e-10  -8.37616e-10
-1.79069  -8.23108e-10  -8.18758e-10
-1.74763  -7.94735e-10  -7.94463e-10
-1.70457  -7.63458e-10  -7.65387e-10
-1.6615  -7.35919e-10  -7.37979e-10
-1.61842  -7.1317e-10  -7.13145e-10
-1.57534  -6.92059e-10  -6.89362e-10
-1.53225  -6.71427e-10  -6.67422e-10
-1.48915  -6.52103e-10  -6.48363e-10
-1.44605  -6.33939e-10  -6.31082e-10
-1.40295  -6.1597e-10  -6.14055e-10
-1.35983  -5.98284e-10  -5.97243e-10
-1.31672  -5.81888e-10  -5.81309e-10
-1.2736  -5.67201e-10  -5.66401e-10
-1.23047  -5.53722e-10  -5.5235e-10
-1.18734  -5.40903e-10  -5.39179e-10
-1.1442  -5.28598e-10  -5.26905e-10
-1.10106  -5.16771e-10  -5.15298e-10
-1.05792  -5.05345e-10  -5.04154e-10
-1.01477  -4.94424e-10  -4.93539e-10
-0.971614  -4.84298e-10  -4.83613e-10
-0.928458  -4.75105e-10  -4.744e-10
-0.885297  -4.66666e-10  -4.65807e-10
-0.842134  -4.58703e-10  -4.57745e-10
-0.798967  -4.51075e-10  -4.50135e-10
-0.755797  -4.43777e-10  -4.42916e-10
-0.712624  -4.36852e-10  -4.36097e-10
-0.669449  -4.30398e-10  -4.29765e-10
-0.62627  -4.24538e-10  -4.23989e-10
-0.58309  -4.19305e-10  -4.18757e-10
-0.539907  -4.14579e-10  -4.13985e-10
-0.496722  -4.10197e-10  -4.09581e-10
-0.453535  -4.06082e-10  -4.05486e-10
-0.410347  -4.02255e-10  -4.01701e-10
-0.367157  -3.98789e-10  -3.98281e-10
-0.323965  -3.95764e-10  -3.95306e-10
-0.280772  -3.93237e-10  -3.9281e-10
-0.237578  -3.91186e-10  -3.90753e-10
-0.194384  -3.89506e-10  -3.89056e-10
-0.151188  -3.88095e-10  -3.87652e-10
-0.107992  -3.86932e-10  -3.86516e-10
-0.0647953  -3.86071e-10  -3.85683e-10
-0.0215984  -3.8559e-10  -3.85227e-10
0.0215984  -3.85559e-10  -3.85214e-10
0.0647953  -3.85996e-10  -3.85648e-10
0.107992  -3.86838e-10  -3.86468e-10
0.151188  -3.87978e-10  -3.87598e-10
0.194384  -3.89358e-10  -3.88998e-10
0.237578  -3.91009e-10  -3.90683e-10
0.280772  -3.93015e-10  -3.92712e-10
0.323965  -3.95456e-10  -3.95171e-10
0.367157  -3.98397e-10  -3.98119e-10
0.410347  -4.01838e-10  -4.01535e-10
0.453535  -4.05681e-10  -4.05328e-10
0.496722  -4.09799e-10  -4.09424e-10
0.539907  -4.14168e-10  -4.13823e-10
0.58309  -4.18882e-10  -4.18576e-10
0.62627  -4.24042e-10  -4.23755e-10
0.669449  -4.29715e-10  -4.29454e-10
0.712624  -4.35984e-10  -4.35752e-10
0.755797  -4.42885e-10  -4.42615e-10
0.798967  -4.50281e-10  -4.49901e-10
0.842134  -4.57978e-10  -4.5753e-10
0.885297  -4.65989e-10  -4.65576e-10
0.928458  -4.74506e-10  -4.7413e-10
0.971614  -4.83596e-10  -4.83218e-10
1.01477  -4.93229e-10  -4.92935e-10
1.05792  -5.03605e-10  -5.03477e-10
1.10106  -5.15004e-10  -5.14848e-10
1.1442  -5.27234e-10  -5.26758e-10
1.18734  -5.39822e-10  -5.39087e-10
1.23047  -5.52844e-10  -5.52147e-10
1.2736  -5.66782e-10  -5.66113e-10
1.31672  -5.81424e-10  -5.80648e-10
1.35983  -5.96206e-10  -5.95743e-10
1.40295  -6.11928e-10  -6.12249e-10
1.44605  -6.30231e-10  -6.30528e-10
1.48915  -6.50703e-10  -6.49451e-10
1.53225  -6.71203e-10  -6.68468e-10
1.57534  -6.92031e-10  -6.89353e-10
1.61842  -7.1553e-10  -7.12978e-10
1.6615  -7.39973e-10  -7.36387e-10
1.70457  -7.61305e-10  -7.5842e-10
1.74763  -7.84911e-10  -7.85369e-10
1.79069  -8.23463e-10  -8.2114e-10
1.83374  -8.74008e-10  -8.55398e-10
1.87678  -9.15919e-10  -8.79905e-10
1.91982  -9.49047e-10  -9.1225e-10
1.96285  -1.00311e-09  -9.67554e-10
2.00587  -1.07829e-09  -1.01309e-09
2.04888  -1.14649e-09  -1.03404e-09
2.09188  -1.30573e-09  -1.15242e-09
2.13488  -1.80788e-09  -1.48535e-09
2.17787  -2.64567e-09  -1.78274e-09
2.22085  -3.21536e-09  -1.62228e-09
2.26382  -3.1222e-09  -1.32283e-09
2.30679  -4.14871e-09  -1.44045e-09
2.34974  -1.36825e-08  6.9739e-10
2.39269  -5.81995e-08  1.01398e-08
2.43562  -2.30897e-07  1.07724e-08
2.47855  -8.00687e-07  -9.22749e-08
2.52147  -2.37339e-06  -5.38268e-07
2.56437  -6.02148e-06  -1.71763e-06
2.60727  -1.3238e-05  -4.06516e-06
2.65016  -2.55926e-05  -7.87008e-06
2.69303  -4.40854e-05  -1.31178e-05
2.7359  -6.83254e-05  -1.94468e-05
2.77876  -9.57302e-05  -2.61529e-05
2.8216  -0.000120942  -3.20808e-05
2.86444  -0.00013573  -3.54122e-05
2.90726  -0.000129831  -3.37229e-05
2.95007  -9.32106e-05  -2.48273e-05
2.99288  -1.98011e-05  -8.46425e-06
3.03566  8.84302e-05  1.20395e-05
3.07844  0.000219383  2.95902e-05
3.12121  0.00035308  3.55826e-05
3.16396  0.000468707  2.39878e-05
3.2067  0.000553553  -4.85165e-06
3.24943  0.000608614  -4.3064e-05
3.29215  0.000646622  -7.76329e-05
3.33485  0.000682798  -9.51157e-05
3.37755  0.000723889  -8.61915e-05
3.42022  0.000762816  -4.7922e-05
3.46289  0.00078268  1.67488e-05
3.50554  0.000767261  0.00010106
3.54818  0.000710732  0.000196269
3.5908  0.000620483  0.000292227
3.63341  0.000512743  0.000377142
3.67601  0.000405952  0.000438181
3.71859  0.000317538  0.000464392
3.76116  0.000265469  0.000451735
3.80372  0.000270694  0.000407709
3.84625  0.000354712  0.000351769
3.88878  0.000529602  0.00030913
3.93129  0.000783892  0.000299451
3.97378  0.0010726  0.000325939
4.01626  0.00132017  0.000371563
4.05872  0.00143971  0.000405587
4.10117  0.00136285  0.000397346
4.1436  0.00106724  0.000329357
4.18602  0.000587656  0.000202401
4.22842  4.59626e-06  3.0919e-05
4.2708  -0.000584051  -0.000166173
4.31317  -0.00109363  -0.000371737
4.35552  -0.00147124  -0.000569939
4.39785  -0.00169654  -0.000741948
4.44017  -0.00177016  -0.000864394
4.48247  -0.00170161  -0.000914786
4.52475  -0.00150595  -0.000881585
4.56701  -0.00121048  -0.000771781
4.60926  -0.000863306  -0.000609746
4.65149  -0.000532087  -0.000427242
4.6937  -0.000286227  -0.000250831
4.7359  -0.000167918  -9.45904e-05
4.77807  -0.000168866  3.79899e-05
4.82023  -0.000231002  0.000145815
4.86237  -0.000277001  0.000223056
4.90448  -0.000256391  0.000259538
4.94658  -0.000179748  0.000249303
4.98867  -0.000118069  0.000201332
5.03073  -0.000165126  0.000143641
5.07277  -0.000383501  0.00011569
5.11479  -0.000764516  0.000151889
5.1568  -0.00122343  0.000265615
5.19878  -0.00163145  0.0004433
5.24074  -0.00186812  0.000651648
5.28269  -0.00186974  0.000852757
5.32461  -0.00165294  0.00101796
5.36651  -0.00130372  0.00113392
5.40839  -0.000937506  0.00120089
5.45025  -0.000649095  0.00122742
5.49209  -0.000477166  0.00122578
5.53391  -0.000401012  0.00120884
5.57571  -0.000369118  0.00118692
5.61749  -0.00034012  0.00116381
5.65924  -0.00030953  0.00113357
5.70097  -0.000306162  0.00108121
5.74268  -0.000363566  0.000988244
5.78437  -0.000488365  0.00084071
5.82604  -0.00064733  0.000635367
5.86768  -0.000779805  0.00038123
5.9093  -0.000824759  9.70781e-05
5.9509  -0.000745607  -0.000192198
5.99247  -0.000542951  -0.000458634
6.03403  -0.000256131  -0.000674678
6.07556  4.16497e-05  -0.000819273
6.11706  0.000254535  -0.000885934
6.15854  0.000286416  -0.000887822
6.2  7.60396e-05  -0.00085357
6.24143  -0.000365196  -0.000812565
6.28284  -0.000933165  -0.000776785
6.32423  -0.00144763  -0.000731625
6.36559  -0.00170857  -0.000644538
6.40693  -0.0015727  -0.000489004
6.44824  -0.00101582  -0.000269719
6.48953  -0.000149553  -3.19656e-05
6.53079  0.000817402  0.000153213
6.57203  0.00165595  0.000221414
6.61324  0.00219587  0.000147176
6.65443  0.00237472  -4.1382e-05
6.69559  0.00224157  -0.000272256
6.73672  0.00192254  -0.000456583
6.77783  0.00156727  -0.000518212
6.81891  0.00129725  -0.000413124
6.85997  0.00117178  -0.000134595
6.901  0.00118089  0.00029171
6.942  0.00126535  0.000815738
6.98298  0.00135247  0.00137007
7.02393  0.00138797  0.00187682
7.06485  0.00134725  0.00225767
7.10575  0.00122444  0.00244856
7.14661  0.00101563  0.00241594
7.18745  0.00071668  0.00216778
7.22827  0.000342208  0.00175322
7.26905  -5.04265e-05  0.00124918
7.30981  -0.00035894  0.000739173
7.35054  -0.000471234  0.000293463
7.39124  -0.000325914  -4.18423e-05
7.43191  3.67638e-05  -0.00024505
7.47255  0.000469174  -0.000313375
7.51317  0.000767348  -0.000258669
7.55375  0.000756487  -0.000107789
7.59431  0.00036764  9.54305e-05
7.63484  -0.000332593  0.000293245
7.67533  -0.00117061  0.000426033
7.7158  -0.00193376  0.000449887
7.75624  -0.0024438  0.00035059
7.79665  -0.00260695  0.000145943
7.83703  -0.00242785  -0.000123853
7.87737  -0.00199011  -0.000410348
7.91769  -0.00141456  -0.000667048
7.95798  -0.000811116  -0.000853337
7.99823  -0.000242868  -0.000936778
8.03846  0.00028186  -0.000899145
8.07865  0.000785248  -0.000745563
8.11882  0.00127778  -0.000509964
8.15895  0.0017244  -0.000250494
8.19905  0.0020409  -3.53643e-05
8.23912  0.0021229  7.39727e-05
8.27916  0.00188974  3.54577e-05
8.31916  0.00131997  -0.000166559
8.35914  0.000464963  -0.000517188
8.39908  -0.000558334  -0.000968769
8.43899  -0.00158816  -0.0014447
8.47886  -0.00244804  -0.00185491
8.51871  -0.00298598  -0.00212265
8.55852  -0.00311805  -0.00221264
8.59829  -0.00286149  -0.00214562
8.63804  -0.00233718  -0.00198984
8.67775  -0.00173204  -0.00183183
8.71743  -0.0012334  -0.00174138
8.75707  -0.000966223  -0.0017481
8.79668  -0.000963749  -0.00184026
8.83626  -0.00118208  -0.0019836
8.8758  -0.00154305  -0.00214722
8.91531  -0.00197602  -0.00232092
8.95478  -0.0024367  -0.00251511
8.99422  -0.00290106  -0.00274545
9.03363  -0.00334927  -0.00301371
9.073  -0.00375633  -0.00329795
9.11233  -0.00409579  -0.00355883
9.15163  -0.00435055  -0.0037584
9.1909  -0.0045206  -0.00387991
9.23012  -0.00462164  -0.00393681
9.26932  -0.00467671  -0.00396591
9.30848  -0.00470681  -0.00400896
9.3476  -0.00472588  -0.00409355
9.38668  -0.00474123  -0.00422312
9.42573  -0.00475674  -0.00438
9.46475  -0.00477545  -0.0045373
9.50372  -0.00479981  -0.00467204
9.54266  -0.00483027  -0.00477275
9.58157  -0.00486433  -0.00483968
9.62043  -0.00489734  -0.00488015
9.65926  -0.00492472  -0.00490311
9.69805  -0.00494398  -0.0049157
9.73681  -0.00495538  -0.00492248
9.77552  -0.00496102  -0.00492599
9.8142  -0.00496341  -0.00492772
9.85285  -0.00496442  -0.00492862
9.89145  -0.00496507  -0.00492924
9.93001  -0.00496569  -0.00492986
9.96854  -0.00496634  -0.0049305
10.007  -0.00496695  -0.0049311
10.0455  -0.00496744  -0.00493159
10.0839  -0.00496779  -0.00493194
10.1223  -0.00496802  -0.00493216
10.1606  -0.00496817  -0.00493231
10.1989  -0.0049683  -0.00493244
10.2371  -0.00496844  -0.00493258
10.2754  -0.0049686  -0.00493273
10.3135  -0.00496875  -0.00493288
10.3517  -0.00496887  -0.00493301
10.3898  -0.00496897  -0.0049331
10.4278  -0.00496903  -0.00493316
10.4658  -0.00496907  -0.0049332
10.5038  -0.00496911  -0.00493324
10.5418  -0.00496916  -0.00493328
10.5796  -0.00496921  -0.00493334
10.6175  -0.00496926  -0.00493339
10.6553  -0.00496931  -0.00493343
10.6931  -0.00496934  -0.00493346
10.7308  -0.00496935  -0.00493347
10.7685  -0.00496935  -0.00493347
10.8062  -0.00496934  -0.00493347
10.8438  -0.00496935  -0.00493348
10.8813  -0.00496936  -0.00493349
10.9188  -0.00496938  -0.0049335
10.9563  -0.00496938  -0.00493351
10.9938  -0.00496937  -0.00493349
11.0312  -0.00496934  -0.00493347
11.0685  -0.0049693  -0.00493343
11.1058  -0.00496926  -0.00493339
11.1431  -0.00496923  -0.00493336
11.1803  -0.0049692  -0.00493333
11.2175  -0.00496918  -0.0049333
11.2546  -0.00496913  -0.00493326
11.2917  -0.00496906  -0.00493319
11.3288  -0.00496896  -0.00493309
11.3658  -0.00496883  -0.00493297
11.4028  -0.0049687  -0.00493284
11.4397  -0.00496858  -0.00493272
11.4765  -0.00496848  -0.00493261
11.5134  -0.00496835  -0.00493249
11.5502  -0.00496817  -0.00493231
11.5869  -0.00496788  -0.00493202
11.6236  -0.00496746  -0.00493161
11.6603  -0.00496692  -0.00493109
11.6969  -0.00496634  -0.00493052
11.7334  -0.00496579  -0.00492998
11.7699  -0.00496524  -0.00492942
11.8064  -0.0049645  -0.00492859
11.8428  -0.00496314  -0.00492669
11.8792  -0.00496065  -0.00492219
11.9156  -0.00495641  -0.00491292
11.9519  -0.00494914  -0.00489678
11.9881  -0.00493577  -0.00487324
12.0243  -0.00491046  -0.00484495
12.0604  -0.00486528  -0.00481806
12.0965  -0.00479337  -0.0048002
12.1326  -0.0046934  -0.00479602
12.1686  -0.00457201  -0.00480201
12.2046  -0.00444118  -0.00480375
12.2405  -0.00431081  -0.00477855
12.2764  -0.00418116  -0.00470363
12.3122  -0.00404144  -0.0045672
12.348  -0.00387787  -0.00437688
12.3837  -0.00368746  -0.00416014
12.4194  -0.00348828  -0.00395495
12.455  -0.00331699  -0.00379386
12.4906  -0.0032123  -0.00368887
12.5261  -0.00319362  -0.00362586
12.5616  -0.00325102  -0.00357266
12.597  -0.00335699  -0.00349797
12.6324  -0.00349468  -0.00339141
12.6678  -0.00368069  -0.00327275
12.7031  -0.00395836  -0.00318334
12.7383  -0.00435608  -0.00316258
12.7735  -0.00483387  -0.00322097
12.8087  -0.00525807  -0.00332474
12.8438  -0.00543197  -0.00340178
12.8788  -0.00517531  -0.003368
12.9138  -0.00441266  -0.00316337
12.9487  -0.00322346  -0.00278179
12.9836  -0.00182973  -0.00228189
13.0185  -0.000531163  -0.00177371
13.0533  0.000381332  -0.00138565
13.088  0.000702648  -0.0012235
13.1227  0.000362511  -0.00133597
13.1574  -0.000560572  -0.0016989
13.192  -0.00186106  -0.0022237
13.2265  -0.00325837  -0.00278614
13.261  -0.0044652  -0.00326336
13.2954  -0.00525182  -0.00356387
13.3298  -0.00548909  -0.00363996
13.3642  -0.00516322  -0.00348264
13.3985  -0.00436491  -0.00310912
13.4327  -0.00325835  -0.00255493
13.4669  -0.00203489  -0.00187518
13.501  -0.000860198  -0.00114896
13.5351  0.000167749  -0.000475362
13.5691  0.00102939  4.43284e-05
13.6031  0.00175464  0.000332756
13.637  0.0023688  0.000357169
13.6709  0.00284567  0.000133999
13.7047  0.00309755  -0.000282575
13.7385  0.00301073  -0.000818351
13.7722  0.00250731  -0.00139272
13.8058  0.00159907  -0.00192558
13.8395  0.000401895  -0.0023432
13.873  -0.00089978  -0.00258966
13.9065  -0.00212141  -0.00264278
13.9399  -0.00314191  -0.00252465
13.9733  -0.00392527  -0.00229559
14.0067  -0.0044885  -0.00202927
14.04  -0.00484164  -0.00178047
14.0732  -0.00494761  -0.00156357
14.1064  -0.00473835  -0.00135553
14.1395  -0.00418128  -0.00112182
14.1726  -0.00334793  -0.000850143
14.2056  -0.00242508  -0.00057091
14.2385  -0.00164234  -0.000350058
14.2714  -0.0011476  -0.00025442
14.3043  -0.000906057  -0.000305648
14.3371  -0.000696171  -0.000448681
14.3698  -0.000223002  -0.000558253
14.4025  0.000705801  -0.000489699
14.4351  0.00204417  -0.000154135
14.4677  0.00350026  0.000421838
14.5002  0.0046711  0.00108967
14.5327  0.00524398  0.00163554
14.5651  0.00514625  0.00187265
14.5974  0.00455897  0.00172
14.6297  0.00379719  0.0012289
14.6619  0.00313899  0.00055145
14.6941  0.00270473  -0.000123205
14.7262  0.0024411  -0.000631427
14.7583  0.00219264  -0.000876291
14.7903  0.00179929  -0.000844977
14.8222  0.00116376  -0.000605675
14.8541  0.000270978  -0.000283495
14.886  -0.00082371  -1.51802e-05
14.9177  -0.00201228  0.000105666
14.9495  -0.00314659  6.71647e-05
14.9811  -0.00405257  -6.27716e-05
15.0127  -0.00455835  -0.000181019
15.0443  -0.00453931  -0.000210099
15.0758  -0.0039675  -0.000137263
15.1072  -0.00294144  -9.16025e-06
15.1386  -0.00167478  0.000109884
15.1699  -0.00043848  0.000185413
15.2011  0.000523478  0.000236027
15.2323  0.00106843  0.000321432
15.2635  0.0011862  0.000506642
15.2946  0.000978433  0.000824257
15.3256  0.00060536  0.00125335
15.3565  0.00023044  0.00172226
15.3874  -1.70374e-05  0.00213127
15.4183  -6.05945e-05  0.00238443
15.4491  0.00011537  0.00241803
15.4798  0.000465092  0.0022168
15.5105  0.000893133  0.0018143
15.5411  0.00128045  0.00128004
15.5716  0.00151655  0.000698713
15.6021  0.00152426  0.000147547
15.6325  0.0012709  -0.000322536
15.6629  0.000771892  -0.000696401
15.6932  9.43345e-05  -0.000990935
15.7234  -0.000642636  -0.00123852
15.7536  -0.00128468  -0.00146459
15.7837  -0.00168469  -0.00167034
15.8138  -0.0017584  -0.00182965
15.8438  -0.00152201  -0.00190164
15.8737  -0.00108457  -0.00185168
15.9036  -0.000593421  -0.00166976
15.9334  -0.000162856  -0.00137757
15.9632  0.000171685  -0.00102295
15.9929  0.000446607  -0.00066617
16.0225  0.000717693  -0.00036498
16.0521  0.000999662  -0.000162925
16.0816  0.00124108  -8.24702e-05
16.111  0.00135399  -0.000122288
16.1404  0.00127887  -0.000258548
16.1697  0.00103885  -0.000450778
16.199  0.000742975  -0.000651842
16.2282  0.000533831  -0.000818984
16.2573  0.000514493  -0.000921313
16.2864  0.000702904  -0.000941246
16.3154  0.0010391  -0.000871968
16.3444  0.00143164  -0.000715805
16.3733  0.00180567  -0.000485949
16.4021  0.0021228  -0.000208503
16.4308  0.0023708  8.0797e-05
16.4595  0.00254284  0.000346704
16.4882  0.00262545  0.000565476
16.5167  0.00259853  0.000728013
16.5452  0.00243919  0.000832393
16.5737  0.0021236  0.000873293
16.602  0.00163119  0.00083993
16.6303  0.000958384  0.000727195
16.6586  0.000139922  0.000551929
16.6868  -0.000736193  0.000359557
16.7149  -0.00153588  0.000212201
16.743  -0.00211226  0.000163416
16.7709  -0.00235251  0.000235155
16.7989  -0.00221622  0.000411188
16.8267  -0.00174731  0.000649651
16.8545  -0.00105437  0.000904714
16.8823  -0.000270167  0.00114257
16.9099  0.000489186  0.00134239
16.9375  0.00114604  0.00148446
16.9651  0.00165738  0.00153784
16.9925  0.0019964  0.00146151
17.0199  0.00214061  0.00122435
17.0473  0.00208132  0.000834607
17.0745  0.0018491  0.000358386
17.1017  0.00153186  -9.07374e-05
17.1289  0.00126187  -0.000392735
17.156  0.00116772  -0.000473693
17.183  0.00131282  -0.000340866
17.2099  0.00165447  -7.97188e-05
17.2368  0.00204833  0.000185484
17.2636  0.00229959  0.000345374
17.2903  0.00223894  0.00034533
17.317  0.00179088  0.000194281
17.3436  0.00100607  -5.56894e-05
17.3702  4.47779e-05  -0.000342346
17.3966  -0.000882242  -0.00061943
17.423  -0.00159144  -0.000864734
17.4494  -0.00198977  -0.00107172
17.4757  -0.00209631  -0.00123553
17.5019  -0.00201441  -0.00134535
17.528  -0.00187234  -0.00138827
17.5541  -0.00176558  -0.00136074
17.5801  -0.00172933  -0.00127768
17.606  -0.00174721  -0.00117142
17.6319  -0.00177928  -0.00107945
17.6577  -0.00178587  -0.00102802
17.6834  -0.00173642  -0.0010215
17.7091  -0.00161054  -0.00104375
17.7347  -0.00140403  -0.00107047
17.7602  -0.00114178  -0.00108499
17.7857  -0.000884463  -0.00108761
17.8111  -0.000713748  -0.00109254
17.8364  -0.000695601  -0.00111345
17.8616  -0.00084087  -0.00114602
17.8868  -0.00108915  -0.00115963
17.9119  -0.00132942  -0.00110606
17.937  -0.00144798  -0.000944044
17.962  -0.00137703  -0.00066679
17.9869  -0.00111777  -0.000315612
18.0117  -0.000728579  3.16737e-05
18.0365  -0.000289211  0.000293877
18.0612  0.000135645  0.000423606
18.0858  0.000513784  0.000427348
18.1104  0.000839063  0.000357239
18.1349  0.00111178  0.000280391
18.1593  0.00132254  0.000244462
18.1836  0.00145  0.000258663
18.2079  0.00147123  0.000298136
18.2321  0.00137475  0.000325063
18.2563  0.00116746  0.000311549
18.2803  0.000873645  0.000251457
18.3043  0.000530348  0.000157824
18.3283  0.00018338  5.16388e-05
18.3521  -0.000116737  -4.89427e-05
18.3759  -0.00032302  -0.000133327
18.3996  -0.000405929  -0.000197395
18.4233  -0.000367297  -0.000240446
18.4468  -0.000244097  -0.000263414
18.4703  -9.55764e-05  -0.000268753
18.4938  2.19302e-05  -0.000260404
18.5171  7.87115e-05  -0.000242696
18.5404  7.9839e-05  -0.000218739
18.5636  5.3846e-05  -0.000189836
18.5868  3.08837e-05  -0.0001566
18.6099  2.52463e-05  -0.000120882
18.6329  3.21368e-05  -8.67413e-05
18.6558  3.73607e-05  -5.94262e-05
18.6786  3.02662e-05  -4.2928e-05
18.7014  1.03376e-05  -3.77866e-05
18.7241  -1.52657e-05  -4.06828e-05
18.7468  -3.87622e-05  -4.60954e-05
18.7694  -5.68526e-05  -4.89552e-05
18.7919  -7.06762e-05  -4.6711e-05
18.8143  -8.2268e-05  -3.97813e-05
18.8366  -9.14257e-05  -3.04853e-05
18.8589  -9.55143e-05  -2.13944e-05
18.8811  -9.17527e-05  -1.41323e-05
18.9033  -7.96735e-05  -9.08787e-06
18.9253  -6.18224e-05  -5.83506e-06
18.9473  -4.24799e-05  -3.73333e-06
18.9692  -2.55991e-05  -2.30757e-06
18.9911  -1.33542e-05  -1.32002e-06
19.0128  -5.91506e-06  -6.70912e-07
19.0345  -2.15865e-06  -2.91865e-07
19.0562  -6.18155e-07  -1.04383e-07
19.0777  -1.27748e-07  -2.92527e-08
19.0992  -1.6349e-08  -6.30543e-09
19.1206  -1.11777e-09  -1.43232e-09
19.1419  -6.20461e-10  -6.73732e-10
19.1632  -1.5191e-09  -4.12774e-10
19.1843  -2.39985e-09  -3.07141e-10
19.2055  -2.34982e-09  -3.40071e-10
19.2265  -1.50371e-09  -3.71771e-10
19.2474  -6.92689e-10  -3.39153e-10
19.2683  -3.17563e-10  -2.84178e-10
19.2891  -2.24639e-10  -2.46238e-10
19.3099  -2.05773e-10  -2.2209e-10
19.3305  -2.12486e-10  -2.01689e-10
19.3511  -2.39726e-10  -1.88522e-10
19.3716  -2.51525e-10  -1.84942e-10
19.3921  -2.29201e-10  -1.83786e-10
19.4124  -1.95318e-10  -1.78795e-10
19.4327  -1.73617e-10  -1.71257e-10
19.4529  -1.63285e-10  -1.64236e-10
19.4731  -1.55706e-10  -1.57738e-10
19.4931  -1.50473e-10  -1.51165e-10
19.5131  -1.49062e-10  -1.45556e-10
19.533  -1.47801e-10  -1.41601e-10
19.5529  -1.43128e-10  -1.38233e-10
19.5726  -1.36525e-10  -1.34331e-10
19.5923  -1.30869e-10  -1.30078e-10
19.6119  -1.26334e-10  -1.26023e-10
19.6315  -1.21946e-10  -1.22111e-10
19.6509  -1.17986e-10  -1.18193e-10
19.6703  -1.15007e-10  -1.1454e-10
19.6896  -1.12414e-10  -1.1136e-10
19.7089  -1.09365e-10  -1.08411e-10
19.728  -1.05973e-10  -1.05402e-10
19.7471  -1.02754e-10  -1.02371e-10
19.7661  -9.97348e-11  -9.94504e-11
19.785  -9.6712e-11  -9.66065e-11
19.8039  -9.38104e-11  -9.37896e-11
19.8227  -9.1241e-11  -9.10906e-11
19.8414  -8.88907e-11  -8.85911e-11
19.86  -8.65228e-11  -8.62253e-11
19.8785  -8.41288e-11  -8.38971e-11
19.897  -8.18188e-11  -8.16069e-11
19.9154  -7.95745e-11  -7.93836e-11
19.9337  -7.73249e-11  -7.72042e-11
19.9519  -7.51203e-11  -7.50504e-11
19.9701  -7.30555e-11  -7.29645e-11
19.9882  -7.11192e-11  -7.09898e-11
20.0062  -6.92406e-11  -6.911e-11
20.0241  -6.74067e-11  -6.72871e-11
20.042  -6.5636e-11  -6.55102e-11
20.0598  -6.39009e-11  -6.37764e-11
20.0774  -6.21631e-11  -6.2067e-11
20.0951  -6.04433e-11  -6.03754e-11
20.1126  -5.87928e-11  -5.8728e-11
20.1301  -5.72255e-11  -5.71542e-11
20.1475  -5.57239e-11  -5.56544e-11
20.1648  -5.42798e-11  -5.4211e-11
20.182  -5.28876e-11  -5.28099e-11
20.1992  -5.15197e-11  -5.14376e-11
20.2162  -5.01488e-11  -5.0078e-11
20.2332  -4.87838e-11  -4.8729e-11
20.2502  -4.74573e-11  -4.74103e-11
20.267  -4.61893e-11  -4.61456e-11
20.2838  -4.49812e-11  -4.49412e-11
20.3005  -4.38286e-11  -4.37876e-11
20.3171  -4.27193e-11  -4.26704e-11
20.3336  -4.16277e-11  -4.15727e-11
20.3501  -4.05318e-11  -4.04806e-11
20.3664  -3.94353e-11  -3.93935e-11
20.3827  -3.83618e-11  -3.83281e-11
20.3989  -3.73321e-11  -3.73045e-11
20.4151  -3.63544e-11  -3.6331e-11
20.4311  -3.54265e-11  -3.54021e-11
20.4471  -3.45349e-11  -3.45037e-11
20.463  -3.36562e-11  -3.36189e-11
20.4788  -3.2772e-11  -3.27349e-11
20.4946  -3.18835e-11  -3.18522e-11
20.5103  -3.10093e-11  -3.09853e-11
20.5258  -3.01692e-11  -3.01518e-11
20.5413  -2.93738e-11  -2.93607e-11
20.5568  -2.86221e-11  -2.86082e-11
20.5721  -2.79009e-11  -2.78812e-11
20.5874  -2.71892e-11  -2.71636e-11
20.6026  -2.64709e-11  -2.64439e-11
20.6177  -2.57462e-11  -2.57229e-11
20.6327  -2.50304e-11  -2.50135e-11
20.6477  -2.4342e-11  -2.43314e-11
20.6625  -2.36921e-11  -2.36856e-11
20.6773  -2.30803e-11  -2.30731e-11
20.6921  -2.24942e-11  -2.24821e-11
20.7067  -2.19151e-11  -2.18973e-11
20.7212  -2.13286e-11  -2.13087e-11
20.7357  -2.07345e-11  -2.07171e-11
20.7501  -2.01459e-11  -2.0134e-11
20.7644  -1.95797e-11  -1.95737e-11
20.7786  -1.90467e-11  -1.90445e-11
20.7928  -1.85469e-11  -1.85442e-11
20.8069  -1.80692e-11  -1.8062e-11
20.8209  -1.75964e-11  -1.75839e-11
20.8348  -1.71157e-11  -1.71008e-11
20.8486  -1.66268e-11  -1.66137e-11
20.8624  -1.61411e-11  -1.61328e-11
20.876  -1.56739e-11  -1.56711e-11
20.8896  -1.52356e-11  -1.52363e-11
20.9031  -1.48264e-11  -1.48266e-11
20.9166  -1.4436e-11  -1.44322e-11
20.9299  -1.40492e-11  -1.40404e-11
20.9432  -1.36543e-11  -1.3643e-11
20.9564  -1.32508e-11  -1.32408e-11
20.9695  -1.28489e-11  -1.28433e-11
20.9825  -1.24626e-11  -1.2462e-11
20.9954  -1.21015e-11  -1.2104e-11
21.0083  -1.1766e-11  -1.17681e-11
21.0211  -1.14467e-11  -1.14451e-11
21.0338  -1.11297e-11  -1.11236e-11
21.0464  -1.08048e-11  -1.07961e-11
21.0589  -1.04713e-11  -1.04636e-11
21.0714  -1.01382e-11  -1.01344e-11
21.0838  -9.81824e-12  -9.81904e-12
21.0961  -9.52043e-12  -9.52412e-12
21.1083  -9.24512e-12  -9.24842e-12
21.1204  -8.98395e-12  -8.98385e-12
21.1325  -8.72434e-12  -8.71998e-12
21.1444  -8.45688e-12  -8.45008e-12
21.1563  -8.1809e-12  -8.17493e-12
21.1681  -7.90452e-12  -7.90207e-12
21.1799  -7.63934e-12  -7.64113e-12
21.1915  -7.39366e-12  -7.3981e-12
21.2031  -7.16792e-12  -7.17198e-12
21.2146  -6.95454e-12  -6.95545e-12
21.226  -6.74212e-12  -6.73906e-12
21.2373  -6.5221e-12  -6.5167e-12
21.2485  -6.29377e-12  -6.28906e-12
21.2597  -6.06442e-12  -6.06295e-12
21.2707  -5.84465e-12  -5.84709e-12
21.2817  -5.6421e-12  -5.64699e-12
21.2926  -5.45731e-12  -5.46182e-12
21.3034  -5.2834e-12  -5.28498e-12
21.3142  -5.11003e-12  -5.1079e-12
21.3249  -4.92935e-12  -4.92501e-12
21.3354  -4.74065e-12  -4.7369e-12
21.3459  -4.55047e-12  -4.54971e-12
21.3563  -4.36849e-12  -4.37136e-12
21.3667  -4.20178e-12  -4.20691e-12
21.3769  -4.05093e-12  -4.0557e-12
21.3871  -3.90975e-12  -3.91177e-12
21.3972  -3.76881e-12  -3.76735e-12
21.4072  -3.62091e-12  -3.61735e-12
21.4171  -3.46528e-12  -3.46225e-12
21.4269  -3.30784e-12  -3.3076e-12
21.4367  -3.15742e-12  -3.16057e-12
21.4464  -3.02058e-12  -3.02582e-12
21.4559  -2.89797e-12  -2.90285e-12
21.4654  -2.784e-12  -2.7863e-12
21.4749  -2.67008e-12  -2.66911e-12
21.4842  -2.54957e-12  -2.54661e-12
21.4935  -2.42166e-12  -2.41919e-12
21.5026  -2.29167e-12  -2.2918e-12
21.5117  -2.16768e-12  -2.17099e-12
21.5207  -2.05579e-12  -2.06105e-12
21.5297  -1.95671e-12  -1.96162e-12
21.5385  -1.86543e-12  -1.8679e-12
21.5473  -1.77408e-12  -1.77347e-12
21.5559  -1.67652e-12  -1.67403e-12
21.5645  -1.5719e-12  -1.56985e-12
21.5731  -1.46498e-12  -1.46538e-12
21.5815  -1.36317e-12  -1.36657e-12
21.5898  -1.27216e-12  -1.27739e-12
21.5981  -1.19273e-12  -1.19761e-12
21.6063  -1.12038e-12  -1.12295e-12
21.6144  -1.04792e-12  -1.04757e-12
21.6224  -9.69629e-13  -9.67505e-13
21.6303  -8.84604e-13  -8.82896e-13
21.6381  -7.97111e-13  -7.97721e-13
21.6459  -7.13938e-13  -7.17381e-13
21.6536  -6.40406e-13  -6.45576e-13
21.6612  -5.77385e-13  -5.82214e-13
21.6687  -5.2085e-13  -5.23476e-13
21.6761  -4.64206e-13  -4.64058e-13
21.6835  -4.0212e-13  -4.00282e-13
21.6907  -3.33606e-13  -3.32165e-13
21.6979  -2.62477e-13  -2.63243e-13
21.705  -1.94962e-13  -1.98422e-13
21.712  -1.36063e-13  -1.41155e-13
21.7189  -8.67353e-14  -9.14905e-14
21.7258  -4.33985e-14  -4.60472e-14
21.7325  0  0
21.7392  0  0
21.7458  0  0
21.7523  0  0
21.7587  0  0
21.765  0  0
21.7713  0  0
21.7775  0  0
21.7836  0  0
21.7896  0  0
21.7955  0  0
21.8013  0  0
21.8071  0  0
21.8127  0  0
21.8183  0  0
21.8238  0  0
21.8292  0  0
21.8345  0  0
21.8398  0  0
21.845  0  0
21.85  0  0
21.855  0  0
21.8599  0  0
21.8648  0  0
21.8695  0  0
21.8742  0  0
21.8787  0  0
21.8832  0  0
21.8876  0  0
21.8919  0  0
21.8962  0  0
21.9003  0  0
21.9044  0  0
21.9084  0  0
21.9123  0  0
21.9161  0  0
21.9198  0  0
21.9234  0  0
21.927  0  0
21.9305  0  0
21.9339  0  0
21.9372  0  0
21.9404  0  0
21.9435  0  0
21.9466  0  0
21.9495  0  0
21.9524  0  0
21.9552  0  0
21.9579  0  0
21.9606  0  0
21.9631  0  0
21.9656  0  0
21.9679  0  0
21.9702  0  0
21.9724  0  0
21.9745  0  0
21.9766  0  0
21.9785  0  0
21.9804  0  0
21.9822  0  0
21.9839  0  0
21.9855  0  0
21.987  0  0
21.9885  0  0
21.9898  0  0
21.9911  0  0
21.9923  0  0
21.9934  0  0
21.9944  0  0
21.9953  0  0
21.9962  0  0
21.9969  0  0
21.9976  0  0
21.9982  0  0
21.9987  0  0
21.9991  0  0
21.9995  0  0
21.9997  0  0
21.9999  0  0
22  0  0
