-22  -1.87729e-11  2.7461e-12
-21.9999  7.97137e-13  1.351e-12
-21.9997  1.24619e-12  1.31329e-12
-21.9995  1.28139e-12  1.29523e-12
-21.9991  1.26635e-12  1.27466e-12
-21.9987  1.24795e-12  1.2586e-12
-21.9982  1.23577e-12  1.25271e-12
-21.9976  1.23524e-12  1.25497e-12
-21.9969  1.2456e-12  1.25999e-12
-21.9962  1.25832e-12  1.26394e-12
-21.9953  1.26467e-12  1.26486e-12
-21.9944  1.26265e-12  1.26181e-12
-21.9934  1.2557e-12  1.25565e-12
-21.9923  1.24822e-12  1.24949e-12
-21.9911  1.24365e-12  1.24653e-12
-21.9898  1.24408e-12  1.24754e-12
-21.9885  1.24875e-12  1.25066e-12
-21.987  1.25366e-12  1.25309e-12
-21.9855  1.25447e-12  1.25255e-12
-21.9839  1.24977e-12  1.24812e-12
-21.9822  1.24152e-12  1.24079e-12
-21.9804  1.23309e-12  1.23325e-12
-21.9785  1.22754e-12  1.22829e-12
-21.9766  1.22632e-12  1.22691e-12
-21.9745  1.22833e-12  1.22778e-12
-21.9724  1.2301e-12  1.22819e-12
-21.9702  1.22799e-12  1.22561e-12
-21.9679  1.22068e-12  1.21891e-12
-21.9656  1.2098e-12  1.20898e-12
-21.9631  1.1986e-12  1.19846e-12
-21.9606  1.19017e-12  1.19022e-12
-21.9579  1.18595e-12  1.18553e-12
-21.9552  1.18479e-12  1.18332e-12
-21.9524  1.18329e-12  1.18088e-12
-21.9495  1.1779e-12  1.1754e-12
-21.9466  1.16719e-12  1.16545e-12
-21.9435  1.15258e-12  1.15181e-12
-21.9404  1.13734e-12  1.13714e-12
-21.9372  1.12476e-12  1.12452e-12
-21.9339  1.11642e-12  1.11551e-12
-21.9305  1.11119e-12  1.10926e-12
-21.927  1.10564e-12  1.103e-12
-21.9234  1.09612e-12  1.09362e-12
-21.9198  1.08099e-12  1.07937e-12
-21.9161  1.06151e-12  1.06087e-12
-21.9123  1.04104e-12  1.04088e-12
-21.9084  1.02308e-12  1.02271e-12
-21.9044  1.00946e-12  1.00829e-12
-21.9003  9.9909e-13  9.96925e-13
-21.8962  9.88484e-13  9.85754e-13
-21.8919  9.73767e-13  9.71345e-13
-21.8876  9.5304e-13  9.51606e-13
-21.8832  9.27451e-13  9.27005e-13
-21.8787  9.00438e-13  9.00398e-13
-21.8742  8.75816e-13  8.75427e-13
-21.8695  8.55643e-13  8.54344e-13
-21.8648  8.38932e-13  8.36643e-13
-21.8599  8.22064e-13  8.19331e-13
-21.855  8.00896e-13  7.98621e-13
-21.85  7.73248e-13  7.7206e-13
-21.845  7.40141e-13  7.39959e-13
-21.8398  7.05154e-13  7.05307e-13
-21.8345  6.72416e-13  6.72096e-13
-21.8292  6.44277e-13  6.42948e-13
-21.8238  6.19833e-13  6.17519e-13
-21.8183  5.95311e-13  5.9266e-13
-21.8127  5.66249e-13  5.64197e-13
-21.8071  5.30155e-13  5.29293e-13
-21.8013  4.87933e-13  4.88099e-13
-21.7955  4.43334e-13  4.43768e-13
-21.7896  4.00838e-13  4.0068e-13
-21.7836  3.63108e-13  3.61848e-13
-21.7775  3.29327e-13  3.27085e-13
-21.7713  2.95533e-13  2.93057e-13
-21.765  2.56899e-13  2.55168e-13
-21.7587  2.10596e-13  2.10167e-13
-21.7523  1.57423e-13  1.58046e-13
-21.7458  1.01326e-13  1.0215e-13
-21.7392  4.71764e-14  4.7287e-14
-21.7325  -2.02725e-15  -3.1085e-15
-21.7258  -4.70138e-14  -4.90726e-14
-21.7189  -9.19709e-14  -9.41555e-14
-21.712  -1.42136e-13  -1.43421e-13
-21.705  -2.007e-13  -2.00563e-13
-21.6979  -2.66966e-13  -2.65745e-13
-21.6907  -3.36759e-13  -3.35405e-13
-21.6835  -4.0478e-13  -4.04258e-13
-21.6761  -4.67657e-13  -4.6842e-13
-21.6687  -5.26044e-13  -5.27777e-13
-21.6612  -5.84391e-13  -5.86133e-13
-21.6536  -6.48392e-13  -6.49066e-13
-21.6459  -7.2163e-13  -7.20746e-13
-21.6381  -8.03506e-13  -8.01498e-13
-21.6303  -8.89578e-13  -8.87506e-13
-21.6224  -9.74073e-13  -9.72959e-13
-21.6144  -1.05322e-12  -1.05349e-12
-21.6063  -1.12761e-12  -1.12883e-12
-21.5981  -1.20199e-12  -1.20309e-12
-21.5898  -1.28255e-12  -1.2824e-12
-21.5815  -1.37332e-12  -1.37145e-12
-21.5731  -1.47379e-12  -1.47075e-12
-21.5645  -1.5792e-12  -1.57616e-12
-21.5559  -1.68326e-12  -1.68131e-12
-21.5473  -1.78177e-12  -1.7813e-12
-21.5385  -1.87526e-12  -1.87572e-12
-21.5297  -1.96881e-12  -1.969e-12
-21.5207  -2.0692e-12  -2.06793e-12
-21.5117  -2.18091e-12  -2.17774e-12
-21.5026  -2.30351e-12  -2.29911e-12
-21.4935  -2.43191e-12  -2.42758e-12
-21.4842  -2.55923e-12  -2.55612e-12
-21.4749  -2.68081e-12  -2.67927e-12
-21.4654  -2.7971e-12  -2.79648e-12
-21.4559  -2.91361e-12  -2.91255e-12
-21.4464  -3.03775e-12  -3.03497e-12
-21.4367  -3.17449e-12  -3.1696e-12
-21.4269  -3.32349e-12  -3.31728e-12
-21.4171  -3.47926e-12  -3.47319e-12
-21.4072  -3.63427e-12  -3.62957e-12
-21.3972  -3.78338e-12  -3.78034e-12
-21.3871  -3.92696e-12  -3.9248e-12
-21.3769  -4.071e-12  -4.0682e-12
-21.3667  -4.22361e-12  -4.2188e-12
-21.3563  -4.39033e-12  -4.38316e-12
-21.3459  -4.57087e-12  -4.56228e-12
-21.3354  -4.75931e-12  -4.75092e-12
-21.3249  -4.9474e-12  -4.94052e-12
-21.3142  -5.12943e-12  -5.1243e-12
-21.3034  -5.30575e-12  -5.30144e-12
-21.2926  -5.48287e-12  -5.4777e-12
-21.2817  -5.66972e-12  -5.66219e-12
-21.2707  -5.87243e-12  -5.86222e-12
-21.2597  -6.09077e-12  -6.07901e-12
-21.2485  -6.31832e-12  -6.30681e-12
-21.2373  -6.54603e-12  -6.53617e-12
-21.226  -6.76757e-12  -6.75956e-12
-21.2146  -6.98329e-12  -6.97603e-12
-21.2031  -7.2003e-12  -7.19189e-12
-21.1915  -7.42844e-12  -7.41726e-12
-21.1799  -7.6745e-12  -7.66026e-12
-21.1681  -7.93832e-12  -7.92233e-12
-21.1563  -8.21286e-12  -8.19715e-12
-21.1444  -8.48821e-12  -8.47429e-12
-21.1325  -8.75737e-12  -8.74539e-12
-21.1204  -9.02067e-12  -9.00934e-12
-21.1083  -9.28595e-12  -9.27315e-12
-21.0961  -9.56408e-12  -9.548e-12
-21.0838  -9.86259e-12  -9.84297e-12
-21.0714  -1.01813e-11  -1.01597e-11
-21.0589  -1.05126e-11  -1.04912e-11
-21.0464  -1.08455e-11  -1.0826e-11
-21.0338  -1.11723e-11  -1.11548e-11
-21.0211  -1.14933e-11  -1.14764e-11
-21.0083  -1.18173e-11  -1.17985e-11
-20.9954  -1.21562e-11  -1.21335e-11
-20.9825  -1.25185e-11  -1.24916e-11
-20.9695  -1.29039e-11  -1.28746e-11
-20.9564  -1.3304e-11  -1.32749e-11
-20.9432  -1.37068e-11  -1.36797e-11
-20.9299  -1.41036e-11  -1.40787e-11
-20.9166  -1.4495e-11  -1.44705e-11
-20.9031  -1.48907e-11  -1.48638e-11
-20.8896  -1.5304e-11  -1.52724e-11
-20.876  -1.57442e-11  -1.57076e-11
-20.8624  -1.6211e-11  -1.61715e-11
-20.8486  -1.66952e-11  -1.66556e-11
-20.8348  -1.71833e-11  -1.71457e-11
-20.8209  -1.76658e-11  -1.76304e-11
-20.8069  -1.81434e-11  -1.81084e-11
-20.7928  -1.86272e-11  -1.85893e-11
-20.7786  -1.9132e-11  -1.90884e-11
-20.7644  -1.96681e-11  -1.96183e-11
-20.7501  -2.02352e-11  -2.01815e-11
-20.7357  -2.08226e-11  -2.07684e-11
-20.7212  -2.14154e-11  -2.13633e-11
-20.7067  -2.20034e-11  -2.19536e-11
-20.6921  -2.25875e-11  -2.2538e-11
-20.6773  -2.31801e-11  -2.31273e-11
-20.6625  -2.37984e-11  -2.37386e-11
-20.6477  -2.44535e-11  -2.43858e-11
-20.6327  -2.51448e-11  -2.50716e-11
-20.6177  -2.58601e-11  -2.57856e-11
-20.6026  -2.65827e-11  -2.651e-11
-20.5874  -2.73012e-11  -2.72312e-11
-20.5721  -2.80174e-11  -2.79481e-11
-20.5568  -2.87458e-11  -2.86727e-11
-20.5413  -2.95059e-11  -2.94241e-11
-20.5258  -3.03101e-11  -3.02177e-11
-20.5103  -3.1157e-11  -3.10566e-11
-20.4946  -3.20321e-11  -3.19288e-11
-20.4788  -3.29165e-11  -3.28146e-11
-20.463  -3.37979e-11  -3.36993e-11
-20.4471  -3.46792e-11  -3.45826e-11
-20.4311  -3.55782e-11  -3.54778e-11
-20.4151  -3.65175e-11  -3.6406e-11
-20.3989  -3.75108e-11  -3.73844e-11
-20.3827  -3.85551e-11  -3.84161e-11
-20.3664  -3.96324e-11  -3.94871e-11
-20.3501  -4.07202e-11  -4.05755e-11
-20.3336  -4.18059e-11  -4.16664e-11
-20.3171  -4.2895e-11  -4.27607e-11
-20.3005  -4.40102e-11  -4.38737e-11
-20.2838  -4.51789e-11  -4.50279e-11
-20.267  -4.64163e-11  -4.62425e-11
-20.2502  -4.77157e-11  -4.75202e-11
-20.2332  -4.9052e-11  -4.88435e-11
-20.2162  -5.03978e-11  -5.01882e-11
-20.1992  -5.17406e-11  -5.15413e-11
-20.182  -5.30922e-11  -5.2907e-11
-20.1648  -5.4484e-11  -5.43022e-11
-20.1475  -5.59512e-11  -5.57504e-11
-20.1301  -5.75115e-11  -5.72723e-11
-20.1126  -5.91498e-11  -5.88688e-11
-20.0951  -6.0825e-11  -6.05158e-11
-20.0774  -6.24991e-11  -6.21862e-11
-20.0598  -6.41638e-11  -6.38746e-11
-20.042  -6.58454e-11  -6.55945e-11
-20.0241  -6.75928e-11  -6.73637e-11
-20.0062  -6.94578e-11  -6.92037e-11
-19.9882  -7.14641e-11  -7.11362e-11
-19.9701  -7.35752e-11  -7.31561e-11
-19.9519  -7.57074e-11  -7.52219e-11
-19.9337  -7.77956e-11  -7.73021e-11
-19.9154  -7.98474e-11  -7.94173e-11
-19.897  -8.19292e-11  -8.16085e-11
-19.8785  -8.41298e-11  -8.38907e-11
-19.86  -8.65436e-11  -8.62731e-11
-19.8414  -8.92186e-11  -8.87797e-11
-19.8227  -9.20599e-11  -9.13866e-11
-19.8039  -9.48446e-11  -9.39939e-11
-19.785  -9.74199e-11  -9.65557e-11
-19.7661  -9.98544e-11  -9.9185e-11
-19.7471  -1.02343e-10  -1.02017e-10
-19.728  -1.05077e-10  -1.05047e-10
-19.7089  -1.0829e-10  -1.08232e-10
-19.6896  -1.12162e-10  -1.11619e-10
-19.6703  -1.1642e-10  -1.15127e-10
-19.6509  -1.20276e-10  -1.18408e-10
-19.6315  -1.23195e-10  -1.21323e-10
-19.6119  -1.25521e-10  -1.24362e-10
-19.5923  -1.27965e-10  -1.28074e-10
-19.5726  -1.31013e-10  -1.32326e-10
-19.5529  -1.3548e-10  -1.36826e-10
-19.533  -1.42484e-10  -1.41868e-10
-19.5131  -1.51172e-10  -1.47257e-10
-19.4931  -1.57654e-10  -1.51231e-10
-19.4731  -1.58973e-10  -1.52747e-10
-19.4529  -1.57104e-10  -1.54288e-10
-19.4327  -1.55741e-10  -1.58943e-10
-19.4124  -1.56106e-10  -1.65419e-10
-19.3921  -1.62501e-10  -1.71466e-10
-19.3716  -1.85774e-10  -1.80731e-10
-19.3511  -2.24712e-10  -1.95058e-10
-19.3305  -2.4832e-10  -2.00396e-10
-19.3099  -2.25783e-10  -1.81589e-10
-19.2891  -1.74211e-10  -1.5564e-10
-19.2683  -1.31422e-10  -1.51368e-10
-19.2474  -9.25609e-11  -1.41013e-10
-19.2265  -9.31639e-11  -7.41786e-11
-19.2055  -3.63088e-10  -3.71413e-11
-19.1843  -1.07545e-09  -1.98835e-10
-19.1632  -1.6931e-09  -3.73136e-10
-19.1419  -1.17462e-09  3.49403e-11
-19.1206  4.06621e-11  1.07162e-09
-19.0992  -1.54771e-09  3.02839e-09
-19.0777  -1.10262e-08  1.57416e-08
-19.0562  -3.85643e-08  7.93049e-08
-19.0345  -1.33588e-07  2.83516e-07
-19.0128  -4.7245e-07  7.60132e-07
-18.9911  -1.46735e-06  1.63734e-06
-18.9692  -3.76743e-06  2.99452e-06
-18.9473  -7.96545e-06  4.89117e-06
-18.9253  -1.39169e-05  7.49517e-06
-18.9033  -1.98669e-05  1.11928e-05
-18.8811  -2.19427e-05  1.64431e-05
-18.8589  -1.47338e-05  2.32293e-05
-18.8366  6.65191e-06  3.03189e-05
-18.8143  4.35348e-05  3.4962e-05
-18.7919  9.11289e-05  3.37096e-05
-18.7694  0.000138459  2.44497e-05
-18.7468  0.000171797  8.75485e-06
-18.7241  0.000180617  -7.08439e-06
-18.7014  0.000162999  -1.36759e-05
-18.6786  0.000126957  -2.71422e-06
-18.6558  8.62954e-05  2.81044e-05
-18.6329  5.31918e-05  7.22078e-05
-18.6099  3.24087e-05  0.000115361
-18.5868  2.14829e-05  0.000140922
-18.5636  1.74074e-05  0.00013682
-18.5404  2.54775e-05  0.000100888
-18.5171  6.35092e-05  4.19337e-05
-18.4938  0.000156611  -2.38079e-05
-18.4703  0.000323379  -7.8811e-05
-18.4468  0.000560522  -0.000109687
-18.4233  0.000835409  -0.000109326
-18.3996  0.00109266  -7.55242e-05
-18.3759  0.0012729  -8.39495e-06
-18.3521  0.00133401  9.0355e-05
-18.3283  0.00126353  0.00021504
-18.3043  0.00107609  0.000352601
-18.2803  0.000799822  0.000482284
-18.2563  0.000461665  0.000580895
-18.2321  8.0595e-05  0.000631673
-18.2079  -0.00032988  0.000631129
-18.1836  -0.000755199  0.000588804
-18.1593  -0.00117538  0.000520048
-18.1349  -0.00156443  0.000437297
-18.1104  -0.00189102  0.00034643
-18.0858  -0.00211848  0.000250272
-18.0612  -0.0022069  0.000155231
-18.0365  -0.00212188  7.45368e-05
-18.0117  -0.00185107  2.46644e-05
-17.9869  -0.00142096  1.72166e-05
-17.962  -0.000902624  5.19083e-05
-17.937  -0.000398578  0.000115023
-17.9119  -1.40504e-05  0.000183606
-17.8868  0.000174696  0.000232446
-17.8616  0.000140686  0.000240543
-17.8364  -9.24209e-05  0.000195538
-17.8111  -0.000465793  9.61354e-05
-17.7857  -0.000908569  -4.70226e-05
-17.7602  -0.00135786  -0.000212083
-17.7347  -0.0017679  -0.000368712
-17.7091  -0.0021066  -0.000483146
-17.6834  -0.00234502  -0.000525385
-17.6577  -0.00244952  -0.000477619
-17.6319  -0.00238518  -0.000341885
-17.606  -0.00213124  -0.000143975
-17.5801  -0.00170007  6.9324e-05
-17.5541  -0.00114849  0.000240615
-17.528  -0.000574664  0.000317516
-17.5019  -0.000102422  0.000268228
-17.4757  0.000141485  9.11565e-05
-17.4494  5.36728e-05  -0.000184948
-17.423  -0.000417775  -0.000509934
-17.3966  -0.00124845  -0.000826412
-17.3702  -0.00232724  -0.00108396
-17.3436  -0.00347159  -0.00124903
-17.317  -0.00446849  -0.00130863
-17.2903  -0.00512639  -0.00126865
-17.2636  -0.00531722  -0.00114951
-17.2368  -0.00499626  -0.000982145
-17.2099  -0.00420296  -0.000805005
-17.183  -0.00305225  -0.000660044
-17.156  -0.00172035  -0.000584505
-17.1289  -0.000418402  -0.000598261
-17.1017  0.000652476  -0.000691918
-17.0745  0.00135795  -0.000824289
-17.0473  0.0016755  -0.000934846
-17.0199  0.00170186  -0.000968
-16.9925  0.00161321  -0.000897374
-16.9651  0.00159425  -0.000736561
-16.9375  0.00176928  -0.000529986
-16.9099  0.00216503  -0.000328596
-16.8823  0.00271622  -0.000163032
-16.8545  0.00330221  -2.74557e-05
-16.8267  0.00379267  0.000118388
-16.7989  0.0040827  0.000329299
-16.7709  0.00410948  0.000644563
-16.743  0.00385267  0.00106028
-16.7149  0.00332632  0.00151774
-16.6868  0.00257001  0.00191659
-16.6586  0.00164486  0.00215073
-16.6303  0.000634782  0.00215218
-16.602  -0.000352966  0.00192162
-16.5737  -0.00119757  0.00152958
-16.5452  -0.00179048  0.00108776
-16.5167  -0.00207047  0.000705614
-16.4882  -0.00204854  0.000454149
-16.4595  -0.00180308  0.000351937
-16.4308  -0.00144236  0.000374218
-16.4021  -0.00105479  0.00047423
-16.3733  -0.000679411  0.000603179
-16.3444  -0.000316666  0.000721037
-16.3154  2.95449e-05  0.00079875
-16.2864  0.000312157  0.000817474
-16.2573  0.000437423  0.000770054
-16.2282  0.000306219  0.000665676
-16.199  -0.000123498  0.000533909
-16.1697  -0.00079296  0.000422392
-16.1404  -0.00154711  0.000384712
-16.111  -0.00218857  0.000460747
-16.0816  -0.00255494  0.000657908
-16.0521  -0.00258195  0.000943861
-16.0225  -0.00232308  0.00125696
-15.9929  -0.00191745  0.00153086
-15.9632  -0.0015222  0.00172018
-15.9334  -0.00124215  0.00181179
-15.9036  -0.00109225  0.00181431
-15.8737  -0.00101186  0.00173276
-15.8438  -0.000922482  0.00154759
-15.8138  -0.000794861  0.00121625
-15.7837  -0.000683829  0.000701682
-15.7536  -0.000706663  1.1806e-05
-15.7234  -0.000973724  -0.000776305
-15.6932  -0.00150997  -0.00152775
-15.6629  -0.00221424  -0.0020955
-15.6325  -0.00288452  -0.00237788
-15.6021  -0.00330166  -0.00235763
-15.5716  -0.00333116  -0.00210325
-15.5411  -0.00299021  -0.00173432
-15.5105  -0.00244278  -0.00136999
-15.4798  -0.00192189  -0.00108477
-15.4491  -0.00161722  -0.000888534
-15.4183  -0.00158723  -0.000735272
-15.3874  -0.00174455  -0.000553864
-15.3565  -0.00192277  -0.000286941
-15.3256  -0.00198352  7.91089e-05
-15.2946  -0.00189581  0.000506936
-15.2635  -0.00173633  0.000927857
-15.2323  -0.00161345  0.00127822
-15.2011  -0.00157225  0.0015318
-15.1699  -0.00155135  0.00170864
-15.1386  -0.00142338  0.00185521
-15.1072  -0.00108872  0.00200933
-15.0758  -0.000554639  0.00217349
-15.0443  5.26783e-05  0.00231379
-15.0127  0.000545588  0.00238364
-14.9811  0.000761081  0.00235451
-14.9495  0.000628216  0.0022332
-14.9177  0.00019347  0.00205633
-14.886  -0.000393831  0.00186995
-14.8541  -0.000925596  0.00171012
-14.8222  -0.00120059  0.00159595
-14.7903  -0.00109906  0.00153372
-14.7583  -0.000639104  0.00152227
-14.7262  1.9323e-05  0.00155183
-14.6941  0.000638575  0.00159826
-14.6619  0.00101177  0.00162244
-14.6297  0.00105998  0.00158199
-14.5974  0.000864625  0.00145153
-14.5651  0.000618958  0.00123744
-14.5327  0.000527734  0.000973927
-14.5002  0.000709367  0.000700147
-14.4677  0.00114672  0.000434394
-14.4351  0.00170362  0.000166039
-14.4025  0.00219292  -0.000125812
-14.3698  0.00246182  -0.000439242
-14.3371  0.00245555  -0.000728058
-14.3043  0.00223124  -0.000912064
-14.2714  0.00191667  -0.000916834
-14.2385  0.00163645  -0.00071855
-14.2056  0.00144658  -0.000364459
-14.1726  0.00131338  4.4744e-05
-14.1395  0.00114559  0.000399877
-14.1064  0.000855001  0.000629191
-14.0732  0.000404719  0.000721228
-14.04  -0.00018253  0.000716679
-14.0067  -0.000852698  0.000678914
-13.9733  -0.00155684  0.000661562
-13.9399  -0.0022667  0.000688839
-13.9065  -0.00296166  0.000754554
-13.873  -0.00360336  0.000835465
-13.8395  -0.00412137  0.000908951
-13.8058  -0.00442267  0.000965258
-13.7722  -0.00442006  0.00100952
-13.7385  -0.00406547  0.00105495
-13.7047  -0.00337523  0.00111238
-13.6709  -0.0024401  0.00118217
-13.637  -0.00141525  0.00125146
-13.6031  -0.000487636  0.00129736
-13.5691  0.000175698  0.00129392
-13.5351  0.000483077  0.00122003
-13.501  0.000453886  0.00106558
-13.4669  0.000215022  0.000834364
-13.4327  -4.38515e-05  0.000543503
-13.3985  -0.000138272  0.000219943
-13.3642  4.75055e-05  -0.000105333
-13.3298  0.000524226  -0.000405031
-13.2954  0.00119824  -0.000663687
-13.261  0.00190605  -0.000882774
-13.2265  0.00247121  -0.00107865
-13.192  0.00276536  -0.0012722
-13.1574  0.00275052  -0.0014748
-13.1227  0.00248229  -0.00167957
-13.088  0.00206922  -0.00186475
-13.0533  0.00160758  -0.00200764
-13.0185  0.00112876  -0.0020998
-12.9836  0.000591913  -0.0021525
-12.9487  -7.26354e-05  -0.00218949
-12.9138  -0.000897154  -0.0022339
-12.8788  -0.00183056  -0.00229999
-12.8438  -0.00274256  -0.00239474
-12.8087  -0.00347492  -0.00252423
-12.7735  -0.00390884  -0.00269547
-12.7383  -0.00401113  -0.00290918
-12.7031  -0.0038395  -0.00314918
-12.6678  -0.00351243  -0.00337947
-12.6324  -0.00316524  -0.00355551
-12.597  -0.00291327  -0.00364514
-12.5616  -0.00283164  -0.00364649
-12.5261  -0.0029499  -0.00359144
-12.4906  -0.00325563  -0.00353238
-12.455  -0.00370317  -0.00352001
-12.4194  -0.00422594  -0.00358385
-12.3837  -0.00475123  -0.00372387
-12.348  -0.00521415  -0.00391515
-12.3122  -0.00556758  -0.00412115
-12.2764  -0.00578654  -0.0043088
-12.2405  -0.00586819  -0.00445913
-12.2046  -0.00582918  -0.00456991
-12.1686  -0.00570128  -0.00465095
-12.1326  -0.00552484  -0.00471567
-12.0965  -0.00534024  -0.0047738
-12.0604  -0.00517926  -0.00482836
-12.0243  -0.00505938  -0.00487718
-11.9881  -0.00498323  -0.00491658
-11.9519  -0.00494274  -0.00494459
-11.9156  -0.00492558  -0.00496191
-11.8792  -0.00492052  -0.00497119
-11.8428  -0.00492014  -0.00497551
-11.8064  -0.00492084  -0.00497733
-11.7699  -0.0049215  -0.00497816
-11.7334  -0.00492204  -0.00497872
-11.6969  -0.0049226  -0.00497928
-11.6603  -0.00492318  -0.00497987
-11.6236  -0.00492371  -0.00498041
-11.5869  -0.00492414  -0.00498084
-11.5502  -0.00492443  -0.00498114
-11.5134  -0.00492461  -0.00498132
-11.4765  -0.00492473  -0.00498145
-11.4397  -0.00492484  -0.00498156
-11.4028  -0.00492496  -0.00498168
-11.3658  -0.00492509  -0.00498181
-11.3288  -0.00492521  -0.00498194
-11.2917  -0.00492532  -0.00498204
-11.2546  -0.00492539  -0.00498211
-11.2175  -0.00492543  -0.00498216
-11.1803  -0.00492546  -0.00498218
-11.1431  -0.00492548  -0.00498221
-11.1058  -0.00492551  -0.00498224
-11.0685  -0.00492555  -0.00498228
-11.0312  -0.00492559  -0.00498232
-10.9938  -0.00492562  -0.00498235
-10.9563  -0.00492563  -0.00498236
-10.9188  -0.00492563  -0.00498236
-10.8813  -0.00492562  -0.00498234
-10.8438  -0.0049256  -0.00498233
-10.8062  -0.0049256  -0.00498233
-10.7685  -0.0049256  -0.00498233
-10.7308  -0.0049256  -0.00498233
-10.6931  -0.00492559  -0.00498232
-10.6553  -0.00492556  -0.00498229
-10.6175  -0.00492552  -0.00498224
-10.5796  -0.00492546  -0.00498219
-10.5418  -0.00492541  -0.00498214
-10.5038  -0.00492536  -0.00498209
-10.4658  -0.00492533  -0.00498205
-10.4278  -0.00492528  -0.00498201
-10.3898  -0.00492522  -0.00498195
-10.3517  -0.00492513  -0.00498185
-10.3135  -0.004925  -0.00498172
-10.2754  -0.00492485  -0.00498157
-10.2371  -0.00492469  -0.00498141
-10.1989  -0.00492455  -0.00498127
-10.1606  -0.00492442  -0.00498114
-10.1223  -0.00492427  -0.00498098
-10.0839  -0.00492404  -0.00498075
-10.0455  -0.00492368  -0.0049804
-10.007  -0.00492318  -0.00497989
-9.96854  -0.00492256  -0.00497927
-9.93001  -0.0049219  -0.00497861
-9.89145  -0.00492129  -0.00497798
-9.85285  -0.00492064  -0.00497734
-9.8142  -0.00491951  -0.0049764
-9.77552  -0.00491647  -0.00497455
-9.73681  -0.00490809  -0.00497095
-9.69805  -0.00488773  -0.00496448
-9.65926  -0.00484485  -0.00495357
-9.62043  -0.00476588  -0.0049355
-9.58157  -0.00463747  -0.0049058
-9.54266  -0.00445169  -0.00485852
-9.50372  -0.00421125  -0.00478819
-9.46475  -0.00393254  -0.00469322
-9.42573  -0.00364475  -0.00457883
-9.38668  -0.00338493  -0.00445701
-9.3476  -0.00318993  -0.00434187
-9.30848  -0.00308643  -0.00424137
-9.26932  -0.00308095  -0.00414924
-9.23012  -0.0031523  -0.00404262
-9.1909  -0.00325056  -0.00388929
-9.15163  -0.0033058  -0.00366362
-9.11233  -0.00324667  -0.00336468
-9.073  -0.003024  -0.00302617
-9.03363  -0.00263109  -0.00270994
-8.99422  -0.00211291  -0.00248368
-8.95478  -0.00156022  -0.00239278
-8.91531  -0.00108938  -0.00244133
-8.8758  -0.000812308  -0.00259202
-8.83626  -0.000803729  -0.00278314
-8.79668  -0.0010753  -0.00295157
-8.75707  -0.00156728  -0.00304923
-8.71743  -0.00216471  -0.00304882
-8.67775  -0.00273547  -0.00294254
-8.63804  -0.00317607  -0.00274052
-8.59829  -0.00344363  -0.00247054
-8.55852  -0.00355803  -0.00217477
-8.51871  -0.00357294  -0.00189885
-8.47886  -0.00353312  -0.00167528
-8.43899  -0.00344428  -0.00151015
-8.39908  -0.0032755  -0.00138379
-8.35914  -0.00299369  -0.00126731
-8.31916  -0.00260735  -0.00114564
-8.27916  -0.00218723  -0.00103041
-8.23912  -0.00184326  -0.000951728
-8.19905  -0.00166574  -0.000932857
-8.15895  -0.00166481  -0.000965873
-8.11882  -0.0017479  -0.0010081
-8.07865  -0.00175369  -0.0010049
-8.03846  -0.00152677  -0.000924575
-7.99823  -0.000993798  -0.000781474
-7.95798  -0.000203127  -0.000631572
-7.91769  0.000687949  -0.000545014
-7.87737  0.00146796  -0.000574965
-7.83703  0.00194292  -0.0007408
-7.79665  0.00199888  -0.00102927
-7.75624  0.00163676  -0.00140386
-7.7158  0.000970327  -0.00181132
-7.67533  0.000188509  -0.00218371
-7.63484  -0.000505216  -0.00244334
-7.59431  -0.000954513  -0.00251716
-7.55375  -0.00109004  -0.002359
-7.51317  -0.000934604  -0.00196909
-7.47255  -0.000577517  -0.00139965
-7.43191  -0.000135461  -0.000742122
-7.39124  0.000280515  -0.000100731
-7.35054  0.000581723  0.000436167
-7.30981  0.000705316  0.000815336
-7.26905  0.000614633  0.0010217
-7.22827  0.000303337  0.0010668
-7.18745  -0.000198421  0.000971632
-7.14661  -0.000822812  0.000755017
-7.10575  -0.00147212  0.000433615
-7.06485  -0.00203288  3.12188e-05
-7.02393  -0.00239169  -0.000411672
-6.98298  -0.00245278  -0.000836987
-6.942  -0.00216192  -0.0011802
-6.901  -0.00153573  -0.00138946
-6.85997  -0.000682572  -0.00144415
-6.81891  0.000206794  -0.00136406
-6.77783  0.00090976  -0.00120372
-6.73672  0.00124863  -0.00103238
-6.69559  0.00115661  -0.000907278
-6.65443  0.000697734  -0.000852065
-6.61324  3.2046e-05  -0.000851088
-6.57203  -0.000650922  -0.000862083
-6.53079  -0.00119343  -0.000839581
-6.48953  -0.00150061  -0.000755434
-6.44824  -0.00154131  -0.000605949
-6.40693  -0.00133562  -0.000404956
-6.36559  -0.000944556  -0.000171462
-6.32423  -0.000463244  7.75336e-05
-6.28284  -7.45972e-06  0.000324951
-6.24143  0.000314336  0.000547339
-6.2  0.000438258  0.000713745
-6.15854  0.000373668  0.000794852
-6.11706  0.000204719  0.000778122
-6.07556  5.89675e-05  0.000677977
-6.03403  5.48861e-05  0.000531878
-5.99247  0.000251254  0.000382638
-5.9509  0.0006202  0.000257273
-5.9093  0.00105455  0.000155671
-5.86768  0.00140601  5.60436e-05
-5.82604  0.00153948  -6.66526e-05
-5.78437  0.00138309  -0.000220904
-5.74268  0.00095488  -0.000389059
-5.70097  0.000355483  -0.000532895
-5.65924  -0.000270382  -0.000610612
-5.61749  -0.000787109  -0.000595899
-5.57571  -0.00111398  -0.000489517
-5.53391  -0.0012458  -0.00031842
-5.49209  -0.0012429  -0.000123967
-5.45025  -0.00119752  5.39691e-05
-5.40839  -0.00119187  0.000189034
-5.36651  -0.00126449  0.000271703
-5.32461  -0.00139781  0.000304452
-5.28269  -0.00153103  0.000293567
-5.24074  -0.00159185  0.000243083
-5.19878  -0.00153235  0.000153796
-5.1568  -0.00135273  2.66859e-05
-5.11479  -0.00110338  -0.000132139
-5.07277  -0.000865899  -0.00030803
-5.03073  -0.000721541  -0.000477671
-4.98867  -0.000718907  -0.000612405
-4.94658  -0.000851646  -0.000684019
-4.90448  -0.00105459  -0.000671248
-4.86237  -0.00122223  -0.000565219
-4.82023  -0.00124586  -0.000372464
-4.77807  -0.00105678  -0.000114931
-4.7359  -0.000657203  0.000172963
-4.6937  -0.000123626  0.000449947
-4.65149  0.000420573  0.000675792
-4.60926  0.000852028  0.00082048
-4.56701  0.00109268  0.000872458
-4.52475  0.00113339  0.000842665
-4.48247  0.00102654  0.000761364
-4.44017  0.000853288  0.000667227
-4.39785  0.000682989  0.000592078
-4.35552  0.000545047  0.000548024
-4.31317  0.000425889  0.000523822
-4.2708  0.000289686  0.00049329
-4.22842  0.000108748  0.0004319
-4.18602  -0.000114645  0.000332468
-4.1436  -0.00034654  0.000210762
-4.10117  -0.000538299  9.75632e-05
-4.05872  -0.000650028  2.19712e-05
-4.01626  -0.000666138  -3.96115e-06
-3.97378  -0.000595883  9.70867e-06
-3.93129  -0.00046213  3.83328e-05
-3.88878  -0.000288195  5.7352e-05
-3.84625  -9.14992e-05  5.49677e-05
-3.80372  0.000113872  3.58151e-05
-3.76116  0.000310443  1.47765e-05
-3.71859  0.000473705  5.96062e-06
-3.67601  0.000575928  1.40234e-05
-3.63341  0.000596183  3.26087e-05
-3.5908  0.000530776  4.97628e-05
-3.54818  0.000397619  5.59918e-05
-3.50554  0.000231263  4.96213e-05
-3.46289  7.05263e-05  3.65023e-05
-3.42022  -5.53128e-05  2.50134e-05
-3.37755  -0.000135031  2.01343e-05
-3.33485  -0.000174952  2.04777e-05
-3.29215  -0.000190656  1.9832e-05
-3.24943  -0.000196233  1.17372e-05
-3.2067  -0.000197249  -6.10261e-06
-3.16396  -0.000190724  -3.02819e-05
-3.12121  -0.000170845  -5.36404e-05
-3.07844  -0.000135771  -6.91295e-05
-3.03566  -9.08565e-05  -7.31457e-05
-2.99288  -4.65819e-05  -6.66142e-05
-2.95007  -1.31775e-05  -5.37001e-05
-2.90726  4.25251e-06  -3.93475e-05
-2.86444  7.23486e-06  -2.71643e-05
-2.8216  1.79923e-06  -1.85641e-05
-2.77876  -5.32316e-06  -1.31533e-05
-2.7359  -9.72582e-06  -9.73507e-06
-2.69303  -1.02508e-05  -7.22031e-06
-2.65016  -8.05884e-06  -5.05611e-06
-2.60727  -5.01561e-06  -3.17539e-06
-2.56437  -2.48383e-06  -1.71454e-06
-2.52147  -9.46239e-07  -7.60606e-07
-2.47855  -2.5001e-07  -2.5848e-07
-2.43562  -2.97641e-08  -5.77925e-08
-2.39269  7.07982e-09  -4.69316e-09
-2.34974  3.79956e-09  4.06054e-10
-2.30679  7.17307e-10  -1.16623e-09
-2.26382  -2.03266e-10  -1.23976e-09
-2.22085  -1.17009e-09  -1.06724e-09
-2.17787  -1.87711e-09  -1.29123e-09
-2.13488  -1.83986e-09  -1.44087e-09
-2.09188  -1.42683e-09  -1.31661e-09
-2.04888  -1.10806e-09  -1.12522e-09
-2.00587  -9.68977e-10  -1.01528e-09
-1.96285  -9.08288e-10  -9.58562e-10
-1.91982  -8.76444e-10  -9.07744e-10
-1.87678  -8.70549e-10  -8.67007e-10
-1.83374  -8.70391e-10  -8.44171e-10
-1.79069  -8.50601e-10  -8.25127e-10
-1.74763  -8.11691e-10  -7.97909e-10
-1.70457  -7.70683e-10  -7.66446e-10
-1.6615  -7.37359e-10  -7.37855e-10
-1.61842  -7.109e-10  -7.12696e-10
-1.57534  -6.89037e-10  -6.89297e-10
-1.53225  -6.70947e-10  -6.68127e-10
-1.48915  -6.54676e-10  -6.49626e-10
-1.44605  -6.37541e-10  -6.32374e-10
-1.40295  -6.18877e-10  -6.1502e-10
-1.35983  -6.00214e-10  -5.97837e-10
-1.31672  -5.83072e-10  -5.81662e-10
-1.2736  -5.67766e-10  -5.66674e-10
-1.23047  -5.5396e-10  -5.52672e-10
-1.18734  -5.41295e-10  -5.39603e-10
-1.1442  -5.2936e-10  -5.27396e-10
-1.10106  -5.17716e-10  -5.15782e-10
-1.05792  -5.06228e-10  -5.04569e-10
-1.01477  -4.95179e-10  -4.93867e-10
-0.971614  -4.84938e-10  -4.83878e-10
-0.928458  -4.75607e-10  -4.74641e-10
-0.885297  -4.67034e-10  -4.66053e-10
-0.842134  -4.59014e-10  -4.57998e-10
-0.798967  -4.51403e-10  -4.50388e-10
-0.755797  -4.44124e-10  -4.43158e-10
-0.712624  -4.37199e-10  -4.36318e-10
-0.669449  -4.30745e-10  -4.29961e-10
-0.62627  -4.24881e-10  -4.24168e-10
-0.58309  -4.19608e-10  -4.18928e-10
-0.539907  -4.14815e-10  -4.14151e-10
-0.496722  -4.10378e-10  -4.0974e-10
-0.453535  -4.06238e-10  -4.05637e-10
-0.410347  -4.02408e-10  -4.01842e-10
-0.367157  -3.98954e-10  -3.98416e-10
-0.323965  -3.95955e-10  -3.95436e-10
-0.280772  -3.93441e-10  -3.92936e-10
-0.237578  -3.91364e-10  -3.90875e-10
-0.194384  -3.89637e-10  -3.89172e-10
-0.151188  -3.88192e-10  -3.8776e-10
-0.107992  -3.87017e-10  -3.86616e-10
-0.0647953  -3.86159e-10  -3.85778e-10
-0.0215984  -3.85702e-10  -3.85322e-10
0.0215984  -3.85709e-10  -3.85313e-10
0.0647953  -3.86155e-10  -3.85749e-10
0.107992  -3.86956e-10  -3.86566e-10
0.151188  -3.88047e-10  -3.87688e-10
0.194384  -3.89417e-10  -3.89082e-10
0.237578  -3.91082e-10  -3.90763e-10
0.280772  -3.93101e-10  -3.9279e-10
0.323965  -3.95577e-10  -3.95252e-10
0.367157  -3.98576e-10  -3.9821e-10
0.410347  -4.02023e-10  -4.01632e-10
0.453535  -4.05788e-10  -4.0542e-10
0.496722  -4.09843e-10  -4.09508e-10
0.539907  -4.14248e-10  -4.13908e-10
0.58309  -4.19019e-10  -4.18665e-10
0.62627  -4.24185e-10  -4.23841e-10
0.669449  -4.299e-10  -4.29543e-10
0.712624  -4.36287e-10  -4.35859e-10
0.755797  -4.43211e-10  -4.42734e-10
0.798967  -4.50458e-10  -4.50012e-10
0.842134  -4.5809e-10  -4.57642e-10
0.885297  -4.66296e-10  -4.6572e-10
0.928458  -4.74984e-10  -4.74301e-10
0.971614  -4.83997e-10  -4.83374e-10
1.01477  -4.93638e-10  -4.93075e-10
1.05792  -5.04328e-10  -5.03647e-10
1.10106  -5.15849e-10  -5.15048e-10
1.1442  -5.27769e-10  -5.2696e-10
1.18734  -5.4047e-10  -5.39363e-10
1.23047  -5.54515e-10  -5.52621e-10
1.2736  -5.69157e-10  -5.66722e-10
1.31672  -5.83257e-10  -5.8117e-10
1.35983  -5.97687e-10  -5.96131e-10
1.40295  -6.14399e-10  -6.12679e-10
1.44605  -6.33168e-10  -6.31056e-10
1.48915  -6.5279e-10  -6.50118e-10
1.53225  -6.75308e-10  -6.69836e-10
1.57534  -7.03152e-10  -6.92113e-10
1.61842  -7.31457e-10  -7.16674e-10
1.6615  -7.52371e-10  -7.39583e-10
1.70457  -7.69607e-10  -7.60657e-10
1.74763  -7.961e-10  -7.87515e-10
1.79069  -8.33859e-10  -8.23683e-10
1.83374  -8.77684e-10  -8.59855e-10
1.87678  -9.44722e-10  -8.92868e-10
1.91982  -1.05773e-09  -9.41346e-10
1.96285  -1.1759e-09  -1.00922e-09
2.00587  -1.21501e-09  -1.05348e-09
2.04888  -1.2034e-09  -1.06791e-09
2.09188  -1.31852e-09  -1.18564e-09
2.13488  -1.65461e-09  -1.5192e-09
2.17787  -2.17307e-09  -1.8608e-09
2.22085  -3.20974e-09  -1.93977e-09
2.26382  -5.67549e-09  -2.19336e-09
2.30679  -1.0226e-08  -3.19755e-09
2.34974  -1.89132e-08  -3.22473e-09
2.39269  -4.77712e-08  -1.44237e-09
2.43562  -1.57322e-07  -2.28465e-08
2.47855  -5.04529e-07  -1.74726e-07
2.52147  -1.43531e-06  -7.17677e-07
2.56437  -3.67603e-06  -2.10931e-06
2.60727  -8.68493e-06  -4.98911e-06
2.65016  -1.90849e-05  -1.0113e-05
2.69303  -3.88003e-05  -1.82543e-05
2.7359  -7.22843e-05  -3.00143e-05
2.77876  -0.000122435  -4.54093e-05
2.8216  -0.000187664  -6.31975e-05
2.86444  -0.000259704  -8.02706e-05
2.90726  -0.000324166  -9.18115e-05
2.95007  -0.00036482  -9.28258e-05
2.99288  -0.000370246  -8.08205e-05
3.03566  -0.000339406  -5.82496e-05
3.07844  -0.000282647  -3.28571e-05
3.12121  -0.000217141  -1.49621e-05
3.16396  -0.000159417  -1.26931e-05
3.2067  -0.000119522  -2.77856e-05
3.24943  -9.99567e-05  -5.44425e-05
3.29215  -9.87136e-05  -8.1849e-05
3.33485  -0.000112753  -9.86432e-05
3.37755  -0.000138756  -9.67043e-05
3.42022  -0.000171462  -7.26301e-05
3.46289  -0.000203015  -2.72039e-05
3.50554  -0.000225998  3.56481e-05
3.54818  -0.000238688  0.000109278
3.5908  -0.000247293  0.000184323
3.63341  -0.000261094  0.000249494
3.67601  -0.000282315  0.000294082
3.71859  -0.000298586  0.000311796
3.76116  -0.000286034  0.000304181
3.80372  -0.000223962  0.000281375
3.84625  -0.000112592  0.000258897
3.88878  1.90743e-05  0.000251119
3.93129  0.000123284  0.000264218
3.97378  0.000157721  0.000292296
4.01626  0.000109604  0.000319171
4.05872  3.87094e-06  0.000325244
4.10117  -0.000110903  0.000295696
4.1436  -0.000190487  0.000225388
4.18602  -0.000218668  0.000118187
4.22842  -0.00021103  -1.74708e-05
4.2708  -0.000197231  -0.000172385
4.31317  -0.000195558  -0.000336501
4.35552  -0.00019868  -0.000495687
4.39785  -0.00018036  -0.00062963
4.44017  -0.000116675  -0.000714851
4.48247  -4.65967e-06  -0.00073276
4.52475  0.000135869  -0.000678094
4.56701  0.000278314  -0.000561762
4.60926  0.000411077  -0.000405581
4.65149  0.000549394  -0.000231915
4.6937  0.000728575  -5.49497e-05
4.7359  0.000981769  0.000120682
4.77807  0.00131431  0.000293254
4.82023  0.00168821  0.000454294
4.86237  0.00202501  0.000583448
4.90448  0.00222676  0.000652982
4.94658  0.00220727  0.000640896
4.98867  0.00192295  0.000545656
5.03073  0.00139307  0.000393526
5.07277  0.00070271  0.000233094
5.11479  -1.37849e-05  0.000118754
5.1568  -0.000606385  9.12147e-05
5.19878  -0.000950855  0.000164469
5.24074  -0.000984178  0.000324483
5.28269  -0.000719735  0.000538258
5.32461  -0.000235619  0.000767242
5.36651  0.000357906  0.000978716
5.40839  0.000955486  0.00115181
5.45025  0.00148091  0.00127812
5.49209  0.00189048  0.00135872
5.53391  0.00216117  0.0013993
5.57571  0.00227815  0.00140517
5.61749  0.00223448  0.00137795
5.65924  0.002044  0.00131566
5.70097  0.00175628  0.00121622
5.74268  0.00145763  0.00108212
5.78437  0.00125042  0.000922651
5.82604  0.00121713  0.00075172
5.86768  0.00138555  0.000582094
5.9093  0.00171087  0.000419836
5.9509  0.00208139  0.00026252
5.99247  0.00234571  0.000102234
6.03403  0.00235502  -6.87388e-05
6.07556  0.0020116  -0.000253098
6.11706  0.00130914  -0.00044692
6.15854  0.000346426  -0.000640972
6.2  -0.000698517  -0.00082256
6.24143  -0.00162799  -0.000975651
6.28284  -0.00229103  -0.00107963
6.32423  -0.00262383  -0.00111007
6.36559  -0.00264768  -0.00104517
6.40693  -0.00243428  -0.00087806
6.44824  -0.00206456  -0.000628687
6.48953  -0.00160267  -0.000346106
6.53079  -0.00109007  -9.54441e-05
6.57203  -0.000551064  6.69186e-05
6.61324  -6.85778e-07  0.000117603
6.65443  0.000547357  7.63658e-05
6.69559  0.00107101  -3.60265e-06
6.73672  0.00152984  -5.92982e-05
6.77783  0.00186147  -4.22757e-05
6.81891  0.00199174  6.78491e-05
6.85997  0.00185899  0.000264122
6.901  0.00144305  0.000521978
6.942  0.000783747  0.00080934
6.98298  -2.35337e-05  0.00109135
7.02393  -0.000856862  0.00133008
7.06485  -0.00160869  0.0014844
7.10575  -0.00221707  0.00151544
7.14661  -0.00266872  0.001399
7.18745  -0.00297242  0.00113974
7.22827  -0.00312144  0.000778288
7.26905  -0.0030743  0.000384482
7.30981  -0.00277172  3.69938e-05
7.35054  -0.00218189  -0.000201607
7.39124  -0.00134318  -0.000302111
7.43191  -0.000373031  -0.000270647
7.47255  0.00056593  -0.000137514
7.51317  0.00132234  5.75339e-05
7.55375  0.00180324  0.000274416
7.59431  0.0019911  0.000474565
7.63484  0.00193271  0.000621139
7.67533  0.00171481  0.000683789
7.7158  0.00143905  0.000647719
7.75624  0.00119835  0.000520142
7.79665  0.00105403  0.000327561
7.83703  0.00101867  0.000104652
7.87737  0.00105486  -0.000117307
7.91769  0.00109386  -0.000314866
7.95798  0.00106475  -0.00046972
7.99823  0.000916848  -0.000566053
8.03846  0.000625276  -0.000594261
8.07865  0.000184445  -0.000559562
8.11882  -0.000397034  -0.000487378
8.15895  -0.00109237  -0.00041887
8.19905  -0.00184913  -0.000398117
8.23912  -0.00259015  -0.000458852
8.27916  -0.00322837  -0.000617308
8.31916  -0.00368826  -0.0008709
8.35914  -0.00392183  -0.00119812
8.39908  -0.00391289  -0.00155759
8.43899  -0.00367371  -0.0018905
8.47886  -0.00324178  -0.00213228
8.51871  -0.00267864  -0.00223385
8.55852  -0.00206555  -0.00218322
8.59829  -0.00149023  -0.00201455
8.63804  -0.00102628  -0.00179713
8.67775  -0.00071541  -0.00160855
8.71743  -0.000562691  -0.00150564
8.75707  -0.00054729  -0.00150794
8.79668  -0.000640872  -0.00160038
8.83626  -0.000822171  -0.00175132
8.8758  -0.00108061  -0.0019339
8.91531  -0.00141033  -0.0021388
8.95478  -0.00180141  -0.00237237
8.99422  -0.00223499  -0.00264336
9.03363  -0.00268397  -0.00294776
9.073  -0.00311733  -0.00326183
9.11233  -0.00350492  -0.00354805
9.15163  -0.00382177  -0.00377107
9.1909  -0.00405259  -0.00391445
9.23012  -0.00419643  -0.00398874
9.26932  -0.00426926  -0.00402658
9.30848  -0.00430119  -0.00406741
9.3476  -0.00432735  -0.00414031
9.38668  -0.00437543  -0.00425358
9.42573  -0.00445633  -0.00439527
9.46475  -0.00456281  -0.0045424
9.50372  -0.00467635  -0.0046729
9.54266  -0.00477774  -0.00477375
9.58157  -0.00485517  -0.00484278
9.62043  -0.00490655  -0.00488543
9.65926  -0.0049367  -0.00490983
9.69805  -0.00495274  -0.00492311
9.73681  -0.00496077  -0.00493013
9.77552  -0.00496466  -0.00493372
9.8142  -0.00496652  -0.00493548
9.85285  -0.00496747  -0.00493639
9.89145  -0.00496812  -0.00493702
9.93001  -0.00496874  -0.00493763
9.96854  -0.0049694  -0.00493828
10.007  -0.00497002  -0.00493889
10.0455  -0.00497052  -0.00493938
10.0839  -0.00497088  -0.00493972
10.1223  -0.0049711  -0.00493995
10.1606  -0.00497126  -0.0049401
10.1989  -0.00497139  -0.00494023
10.2371  -0.00497153  -0.00494037
10.2754  -0.00497169  -0.00494052
10.3135  -0.00497184  -0.00494067
10.3517  -0.00497197  -0.0049408
10.3898  -0.00497206  -0.00494089
10.4278  -0.00497212  -0.00494095
10.4658  -0.00497217  -0.00494099
10.5038  -0.00497221  -0.00494103
10.5418  -0.00497225  -0.00494108
10.5796  -0.00497231  -0.00494113
10.6175  -0.00497236  -0.00494119
10.6553  -0.00497241  -0.00494123
10.6931  -0.00497243  -0.00494126
10.7308  -0.00497244  -0.00494127
10.7685  -0.00497244  -0.00494127
10.8062  -0.00497244  -0.00494127
10.8438  -0.00497245  -0.00494127
10.8813  -0.00497246  -0.00494128
10.9188  -0.00497247  -0.0049413
10.9563  -0.00497248  -0.0049413
10.9938  -0.00497247  -0.00494129
11.0312  -0.00497244  -0.00494126
11.0685  -0.0049724  -0.00494122
11.1058  -0.00497236  -0.00494118
11.1431  -0.00497232  -0.00494115
11.1803  -0.0049723  -0.00494112
11.2175  -0.00497227  -0.0049411
11.2546  -0.00497223  -0.00494106
11.2917  -0.00497216  -0.00494099
11.3288  -0.00497205  -0.00494088
11.3658  -0.00497193  -0.00494076
11.4028  -0.0049718  -0.00494063
11.4397  -0.00497167  -0.00494051
11.4765  -0.00497156  -0.0049404
11.5134  -0.00497144  -0.00494028
11.5502  -0.00497126  -0.0049401
11.5869  -0.00497096  -0.00493981
11.6236  -0.00497054  -0.00493939
11.6603  -0.00497  -0.00493887
11.6969  -0.00496942  -0.0049383
11.7334  -0.00496885  -0.00493775
11.7699  -0.00496829  -0.0049372
11.8064  -0.00496751  -0.00493637
11.8428  -0.00496583  -0.00493451
11.8792  -0.00496198  -0.00493015
11.9156  -0.00495423  -0.00492118
11.9519  -0.00494117  -0.00490565
11.9881  -0.0049228  -0.00488315
12.0243  -0.00490122  -0.0048562
12.0604  -0.00488012  -0.00483047
12.0965  -0.00486245  -0.00481265
12.1326  -0.00484717  -0.00480625
12.1686  -0.0048266  -0.00480692
12.2046  -0.00478661  -0.00480032
12.2405  -0.00471116  -0.00476507
12.2764  -0.00459067  -0.00468104
12.3122  -0.00443106  -0.00453997
12.348  -0.00425841  -0.00435319
12.3837  -0.00411494  -0.0041511
12.4194  -0.00404607  -0.00397318
12.455  -0.00408417  -0.00385192
12.4906  -0.00423695  -0.00379848
12.5261  -0.00448611  -0.00379791
12.5616  -0.00479512  -0.00381715
12.597  -0.00512053  -0.00382248
12.6324  -0.00542127  -0.00379739
12.6678  -0.00566501  -0.0037512
12.7031  -0.0058327  -0.00371321
12.7383  -0.00592109  -0.00371428
12.7735  -0.00593957  -0.00376469
12.8087  -0.00589862  -0.00383952
12.8438  -0.00579393  -0.00388021
12.8788  -0.00559634  -0.00381367
12.9138  -0.00525764  -0.00358223
12.9487  -0.00473296  -0.00317202
12.9836  -0.00400916  -0.00262734
13.0185  -0.00312307  -0.00204358
13.0533  -0.00215797  -0.00154011
13.088  -0.00121855  -0.00122251
13.1227  -0.000397065  -0.00114819
13.1574  0.000250521  -0.00130902
13.192  0.000705224  -0.00163792
13.2265  0.000964453  -0.00203602
13.261  0.0010186  -0.00240697
13.2954  0.00084821  -0.00268146
13.3298  0.000450947  -0.00282178
13.3642  -0.000118617  -0.00280983
13.3985  -0.000731238  -0.00263354
13.4327  -0.00121351  -0.00228665
13.4669  -0.00141918  -0.00178398
13.501  -0.00129922  -0.00117901
13.5351  -0.000922669  -0.000564823
13.5691  -0.000431847  -5.09067e-05
13.6031  3.68004e-05  0.000273565
13.637  0.00040922  0.000367579
13.6709  0.000669012  0.000241001
13.7047  0.000802644  -6.55314e-05
13.7385  0.000747441  -0.000505192
13.7722  0.000394299  -0.00103532
13.8058  -0.000346666  -0.0016098
13.8395  -0.0014613  -0.00216682
13.873  -0.00279031  -0.00262979
13.9065  -0.00406665  -0.00292755
13.9399  -0.00501383  -0.00302249
13.9733  -0.0054498  -0.00292643
14.0067  -0.00534281  -0.00269198
14.04  -0.00479922  -0.00238422
14.0732  -0.00400156  -0.00205117
14.1064  -0.003134  -0.00171122
14.1395  -0.0023266  -0.00136277
14.1726  -0.00163194  -0.0010065
14.2056  -0.00103184  -0.000663097
14.2385  -0.00046444  -0.000372935
14.2714  0.000139901  -0.000175556
14.3043  0.00082534  -7.94506e-05
14.3371  0.00159038  -4.08692e-05
14.3698  0.00238621  3.06401e-05
14.4025  0.00313093  0.000234427
14.4351  0.00372988  0.000622667
14.4677  0.0040928  0.00115603
14.5002  0.00414512  0.00170076
14.5327  0.00383804  0.00207604
14.5651  0.0031621  0.00213054
14.5974  0.00216134  0.00180827
14.6297  0.000938031  0.00117072
14.6619  -0.000358973  0.000369365
14.6941  -0.00155867  -0.000410299
14.7262  -0.00249243  -0.00100363
14.7583  -0.00301008  -0.00130305
14.7903  -0.00299304  -0.00127459
14.8222  -0.00237831  -0.000960203
14.8541  -0.00119732  -0.000466261
14.886  0.000390008  6.58575e-05
14.9177  0.00210067  0.000504667
14.9495  0.00359495  0.000772722
14.9811  0.00458673  0.000867129
15.0127  0.004945  0.000844184
15.0443  0.0047309  0.000778101
15.0758  0.00415091  0.000720372
15.1072  0.00345654  0.000683979
15.1386  0.00284902  0.000657711
15.1699  0.00243472  0.000635275
15.2011  0.00223655  0.000636131
15.2323  0.00223098  0.000703341
15.2635  0.0023738  0.000880074
15.2946  0.00260055  0.00117952
15.3256  0.00281735  0.00156615
15.3565  0.00290915  0.00195964
15.3874  0.0027763  0.00226028
15.4183  0.00238245  0.00238403
15.4491  0.00178089  0.0022906
15.4798  0.00109689  0.00199282
15.5105  0.000472764  0.00154599
15.5411  6.45755e-06  0.00102532
15.5716  -0.000283821  0.000502206
15.6021  -0.000455959  2.68456e-05
15.6325  -0.000610594  -0.000380148
15.6629  -0.000847328  -0.000726586
15.6932  -0.00122614  -0.00103797
15.7234  -0.00174308  -0.00133943
15.7536  -0.00232714  -0.0016371
15.7837  -0.00286331  -0.00190893
15.8138  -0.00323814  -0.00211135
15.8438  -0.00338952  -0.00219921
15.8737  -0.00333392  -0.00214813
15.9036  -0.00315391  -0.00196659
15.9334  -0.0029523  -0.00169252
15.9632  -0.00280028  -0.00137841
15.9929  -0.00270984  -0.0010749
16.0225  -0.00264272  -0.000820529
16.0521  -0.00254535  -0.000639411
16.0816  -0.00238513  -0.000543001
16.111  -0.00216689  -0.000531208
16.1404  -0.00192207  -0.000591253
16.1697  -0.00167858  -0.000696339
16.199  -0.0014298  -0.000807435
16.2282  -0.00112321  -0.000879829
16.2573  -0.000680657  -0.000873182
16.2864  -4.54484e-05  -0.000762086
16.3154  0.000768026  -0.000543969
16.3444  0.00165395  -0.000241854
16.3733  0.00244335  9.99117e-05
16.4021  0.00297142  0.000427481
16.4308  0.00314771  0.00069418
16.4595  0.00298926  0.000875215
16.4882  0.00259904  0.000972189
16.5167  0.002107  0.00100381
16.5452  0.00161207  0.00098833
16.5737  0.00115838  0.00093031
16.602  0.000752472  0.000822438
16.6303  0.000400464  0.000661849
16.6586  0.000132879  0.000468119
16.6868  -3.45921e-06  0.000286954
16.7149  1.76245e-05  0.000173286
16.743  0.000162257  0.000163184
16.7709  0.000326552  0.000253434
16.7989  0.000372084  0.000403367
16.8267  0.000193874  0.000558495
16.8545  -0.000216396  0.000680492
16.8823  -0.000751935  0.000763669
16.9099  -0.00123392  0.000827124
16.9375  -0.00149689  0.000888187
16.9651  -0.00147121  0.00093603
16.9925  -0.00121801  0.000925605
17.0199  -0.000898077  0.000799866
17.0473  -0.000691892  0.000529307
17.0745  -0.000712251  0.000144259
17.1017  -0.000953121  -0.000263214
17.1289  -0.00129817  -0.000573822
17.156  -0.0015817  -0.000695294
17.183  -0.00166856  -0.000606405
17.2099  -0.00151193  -0.00036616
17.2368  -0.00116246  -8.41051e-05
17.2636  -0.000731204  0.000130058
17.2903  -0.000332901  0.000209684
17.317  -4.19e-05  0.000147045
17.3436  0.000122049  -2.01417e-05
17.3702  0.000182147  -0.000237448
17.3966  0.000183234  -0.000458897
17.423  0.000174237  -0.00065694
17.4494  0.00019717  -0.000817941
17.4757  0.000278214  -0.000932781
17.5019  0.000417366  -0.000992803
17.528  0.000579428  -0.000994731
17.5541  0.000694051  -0.000949778
17.5801  0.000671942  -0.000887754
17.606  0.00043747  -0.000849643
17.6319  -3.27001e-05  -0.000870099
17.6577  -0.000683974  -0.00095921
17.6834  -0.00138966  -0.00109513
17.7091  -0.00199307  -0.00123361
17.7347  -0.0023691  -0.0013302
17.7602  -0.0024733  -0.00136265
17.7857  -0.00235054  -0.0013402
17.8111  -0.00209932  -0.0012939
17.8364  -0.00181486  -0.00125373
17.8616  -0.00154644  -0.0012261
17.8868  -0.00129166  -0.00118603
17.9119  -0.00102432  -0.00108972
17.937  -0.000731528  -0.000901541
17.962  -0.000433676  -0.000620167
17.9869  -0.000175861  -0.000287662
18.0117  5.83812e-07  2.54558e-05
18.0365  8.61199e-05  0.000252325
18.0612  0.0001124  0.000361365
18.0858  0.000137432  0.000369364
18.1104  0.000215643  0.00032892
18.1349  0.00037043  0.000298399
18.1593  0.000584478  0.000312465
18.1836  0.000811919  0.000369314
18.2079  0.00100334  0.000439177
18.2321  0.00112821  0.000485692
18.2563  0.00118298  0.000485834
18.2803  0.00118357  0.00043788
18.3043  0.00115032  0.000356322
18.3283  0.00109567  0.000260444
18.3521  0.00102048  0.000164943
18.3759  0.000917929  7.69245e-05
18.3996  0.000780112  -1.89341e-06
18.4233  0.00060319  -7.17188e-05
18.4468  0.000389359  -0.000132859
18.4703  0.000146539  -0.000185694
18.4938  -0.000112873  -0.000230898
18.5171  -0.000373393  -0.000268836
18.5404  -0.000617839  -0.000298559
18.5636  -0.000828792  -0.000317627
18.5868  -0.000990187  -0.000323317
18.6099  -0.00108905  -0.000314516
18.6329  -0.00111748  -0.000292889
18.6558  -0.00107477  -0.000262494
18.6786  -0.000968964  -0.000228135
18.7014  -0.000816951  -0.000193619
18.7241  -0.000641959  -0.000160938
18.7468  -0.00046877  -0.00013063
18.7694  -0.000317997  -0.000102764
18.7919  -0.000201703  -7.77094e-05
18.8143  -0.000122097  -5.62445e-05
18.8366  -7.35574e-05  -3.90997e-05
18.8589  -4.66386e-05  -2.64432e-05
18.8811  -3.2064e-05  -1.77186e-05
18.9033  -2.31841e-05  -1.19071e-05
18.9253  -1.65163e-05  -7.9713e-06
18.9473  -1.09405e-05  -5.17476e-06
18.9692  -6.47311e-06  -3.14068e-06
18.9911  -3.31415e-06  -1.71885e-06
19.0128  -1.41731e-06  -8.20191e-07
19.0345  -4.80296e-07  -3.29551e-07
19.0562  -1.17399e-07  -1.06986e-07
19.0777  -1.72057e-08  -2.68433e-08
19.0992  -1.66626e-09  -5.3776e-09
19.1206  -1.18984e-09  -1.38383e-09
19.1419  -9.01383e-10  -7.19262e-10
19.1632  -9.08653e-10  -5.1195e-10
19.1843  -1.27667e-09  -5.01046e-10
19.2055  -1.26021e-09  -5.24099e-10
19.2265  -8.34077e-10  -4.64232e-10
19.2474  -4.54882e-10  -3.62299e-10
19.2683  -3.09e-10  -2.89142e-10
19.2891  -2.75645e-10  -2.5212e-10
19.3099  -2.51636e-10  -2.27999e-10
19.3305  -2.40562e-10  -2.09463e-10
19.3511  -2.47114e-10  -2.00241e-10
19.3716  -2.42984e-10  -1.9655e-10
19.3921  -2.1748e-10  -1.90525e-10
19.4124  -1.90184e-10  -1.81073e-10
19.4327  -1.75631e-10  -1.72132e-10
19.4529  -1.68767e-10  -1.65143e-10
19.4731  -1.62385e-10  -1.58667e-10
19.4931  -1.57221e-10  -1.52376e-10
19.5131  -1.54214e-10  -1.47288e-10
19.533  -1.50151e-10  -1.43311e-10
19.5529  -1.43303e-10  -1.39247e-10
19.5726  -1.36134e-10  -1.34692e-10
19.5923  -1.30909e-10  -1.30244e-10
19.6119  -1.26967e-10  -1.26212e-10
19.6315  -1.23119e-10  -1.22313e-10
19.6509  -1.19533e-10  -1.18461e-10
19.6703  -1.16458e-10  -1.14923e-10
19.6896  -1.13264e-10  -1.1174e-10
19.7089  -1.0954e-10  -1.08637e-10
19.728  -1.05805e-10  -1.05483e-10
19.7471  -1.02585e-10  -1.02414e-10
19.7661  -9.97186e-11  -9.9504e-11
19.785  -9.68959e-11  -9.66644e-11
19.8039  -9.41733e-11  -9.38663e-11
19.8227  -9.16462e-11  -9.12017e-11
19.8414  -8.91519e-11  -8.87033e-11
19.86  -8.65657e-11  -8.62934e-11
19.8785  -8.40303e-11  -8.39237e-11
19.897  -8.16954e-11  -8.16246e-11
19.9154  -7.9494e-11  -7.94057e-11
19.9337  -7.73164e-11  -7.72267e-11
19.9519  -7.51898e-11  -7.50782e-11
19.9701  -7.31653e-11  -7.30047e-11
19.9882  -7.11993e-11  -7.10317e-11
20.0062  -6.92482e-11  -6.91377e-11
20.0241  -6.7357e-11  -6.73011e-11
20.042  -6.55684e-11  -6.55219e-11
20.0598  -6.38416e-11  -6.37894e-11
20.0774  -6.21266e-11  -6.20789e-11
20.0951  -6.04402e-11  -6.03884e-11
20.1126  -5.88175e-11  -5.87459e-11
20.1301  -5.7252e-11  -5.71737e-11
20.1475  -5.57289e-11  -5.56693e-11
20.1648  -5.4262e-11  -5.42212e-11
20.182  -5.28579e-11  -5.28195e-11
20.1992  -5.1486e-11  -5.14473e-11
20.2162  -5.01182e-11  -5.00861e-11
20.2332  -4.87668e-11  -4.87365e-11
20.2502  -4.74589e-11  -4.742e-11
20.267  -4.62014e-11  -4.61568e-11
20.2838  -4.49909e-11  -4.49511e-11
20.3005  -4.383e-11  -4.37961e-11
20.3171  -4.27123e-11  -4.26787e-11
20.3336  -4.16123e-11  -4.15806e-11
20.3501  -4.05115e-11  -4.04867e-11
20.3664  -3.94195e-11  -3.93987e-11
20.3827  -3.83589e-11  -3.83343e-11
20.3989  -3.73414e-11  -3.73118e-11
20.4151  -3.63685e-11  -3.63385e-11
20.4311  -3.54387e-11  -3.54094e-11
20.4471  -3.45405e-11  -3.45111e-11
20.463  -3.36522e-11  -3.36255e-11
20.4788  -3.276e-11  -3.27399e-11
20.4946  -3.18718e-11  -3.18561e-11
20.5103  -3.10069e-11  -3.09896e-11
20.5258  -3.01785e-11  -3.01571e-11
20.5413  -2.93906e-11  -2.93667e-11
20.5568  -2.86397e-11  -2.86145e-11
20.5721  -2.79131e-11  -2.78876e-11
20.5874  -2.71917e-11  -2.71692e-11
20.6026  -2.64645e-11  -2.6448e-11
20.6177  -2.57381e-11  -2.57259e-11
20.6327  -2.50295e-11  -2.50167e-11
20.6477  -2.43518e-11  -2.43355e-11
20.6625  -2.371e-11  -2.36905e-11
20.6773  -2.31001e-11  -2.30785e-11
20.6921  -2.25095e-11  -2.24875e-11
20.7067  -2.1921e-11  -2.19021e-11
20.7212  -2.13256e-11  -2.13121e-11
20.7357  -2.07291e-11  -2.07195e-11
20.7501  -2.01461e-11  -2.01364e-11
20.7644  -1.95896e-11  -1.95769e-11
20.7786  -1.90645e-11  -1.90485e-11
20.7928  -1.85672e-11  -1.85488e-11
20.8069  -1.80853e-11  -1.80666e-11
20.8209  -1.76037e-11  -1.75878e-11
20.8348  -1.71146e-11  -1.71036e-11
20.8486  -1.66229e-11  -1.66155e-11
20.8624  -1.61419e-11  -1.61346e-11
20.876  -1.56834e-11  -1.56736e-11
20.8896  -1.52527e-11  -1.52396e-11
20.9031  -1.48459e-11  -1.48305e-11
20.9166  -1.44518e-11  -1.44361e-11
20.9299  -1.40568e-11  -1.40437e-11
20.9432  -1.3654e-11  -1.36452e-11
20.9564  -1.32478e-11  -1.32422e-11
20.9695  -1.28499e-11  -1.28446e-11
20.9825  -1.24715e-11  -1.24639e-11
20.9954  -1.21174e-11  -1.21067e-11
21.0083  -1.17841e-11  -1.17713e-11
21.0211  -1.14614e-11  -1.14483e-11
21.0338  -1.1137e-11  -1.11262e-11
21.0464  -1.08048e-11  -1.07979e-11
21.0589  -1.04686e-11  -1.04646e-11
21.0714  -1.01391e-11  -1.01353e-11
21.0838  -9.82629e-12  -9.82049e-12
21.0961  -9.53487e-12  -9.52627e-12
21.1083  -9.26172e-12  -9.25108e-12
21.1204  -8.99732e-12  -8.98654e-12
21.1325  -8.73078e-12  -8.72214e-12
21.1444  -8.45664e-12  -8.45139e-12
21.1563  -8.17827e-12  -8.17559e-12
21.1681  -7.90511e-12  -7.90268e-12
21.1799  -7.64648e-12  -7.6422e-12
21.1915  -7.40666e-12  -7.39981e-12
21.2031  -7.18286e-12  -7.17415e-12
21.2146  -6.96646e-12  -6.95765e-12
21.226  -6.74763e-12  -6.74077e-12
21.2373  -6.52148e-12  -6.51766e-12
21.2485  -6.291e-12  -6.28945e-12
21.2597  -6.06463e-12  -6.06329e-12
21.2707  -5.85087e-12  -5.84785e-12
21.2817  -5.6537e-12  -5.64833e-12
21.2926  -5.47064e-12  -5.46358e-12
21.3034  -5.29387e-12  -5.28676e-12
21.3142  -5.11455e-12  -5.10923e-12
21.3249  -4.92826e-12  -4.92566e-12
21.3354  -4.73763e-12  -4.73704e-12
21.3459  -4.55025e-12  -4.54981e-12
21.3563  -4.37383e-12  -4.37185e-12
21.3667  -4.21207e-12  -4.20794e-12
21.3769  -4.06276e-12  -4.05711e-12
21.3871  -3.91885e-12  -3.91318e-12
21.3972  -3.77237e-12  -3.76835e-12
21.4072  -3.61931e-12  -3.61774e-12
21.4171  -3.46199e-12  -3.4622e-12
21.4269  -3.3072e-12  -3.30752e-12
21.4367  -3.16196e-12  -3.16084e-12
21.4464  -3.02968e-12  -3.02659e-12
21.4559  -2.90842e-12  -2.90396e-12
21.4654  -2.79184e-12  -2.78741e-12
21.4749  -2.67274e-12  -2.66983e-12
21.4842  -2.54749e-12  -2.54679e-12
21.4935  -2.4181e-12  -2.41897e-12
21.5026  -2.29065e-12  -2.29157e-12
21.5117  -2.17151e-12  -2.17109e-12
21.5207  -2.06383e-12  -2.06161e-12
21.5297  -1.96594e-12  -1.96249e-12
21.5385  -1.87214e-12  -1.86875e-12
21.5473  -1.77593e-12  -1.77396e-12
21.5559  -1.67401e-12  -1.67403e-12
21.5645  -1.56809e-12  -1.5695e-12
21.5731  -1.46363e-12  -1.46503e-12
21.5815  -1.36639e-12  -1.36653e-12
21.5898  -1.27928e-12  -1.27777e-12
21.5981  -1.20088e-12  -1.19827e-12
21.6063  -1.12609e-12  -1.12358e-12
21.6144  -1.04906e-12  -1.04787e-12
21.6224  -9.66729e-13  -9.6735e-13
21.6303  -8.80591e-13  -8.82435e-13
21.6381  -7.95493e-13  -7.97276e-13
21.6459  -7.16637e-13  -7.17232e-13
21.6536  -6.46743e-13  -6.45809e-13
21.6612  -5.84608e-13  -5.82693e-13
21.6687  -5.25698e-13  -5.23921e-13
21.6761  -4.64732e-13  -4.64193e-13
21.6835  -3.98892e-13  -4.00004e-13
21.6907  -3.29431e-13  -3.31618e-13
21.6979  -2.60652e-13  -2.62725e-13
21.705  -1.97245e-13  -1.98186e-13
21.712  -1.41742e-13  -1.41272e-13
21.7189  -9.31673e-14  -9.18258e-14
21.7258  -4.75076e-14  -4.63392e-14
21.7325  0  0
21.7392  0  0
21.7458  0  0
21.7523  0  0
21.7587  0  0
21.765  0  0
21.7713  0  0
21.7775  0  0
21.7836  0  0
21.7896  0  0
21.7955  0  0
21.8013  0  0
21.8071  0  0
21.8127  0  0
21.8183  0  0
21.8238  0  0
21.8292  0  0
21.8345  0  0
21.8398  0  0
21.845  0  0
21.85  0  0
21.855  0  0
21.8599  0  0
21.8648  0  0
21.8695  0  0
21.8742  0  0
21.8787  0  0
21.8832  0  0
21.8876  0  0
21.8919  0  0
21.8962  0  0
21.9003  0  0
21.9044  0  0
21.9084  0  0
21.9123  0  0
21.9161  0  0
21.9198  0  0
21.9234  0  0
21.927  0  0
21.9305  0  0
21.9339  0  0
21.9372  0  0
21.9404  0  0
21.9435  0  0
21.9466  0  0
21.9495  0  0
21.9524  0  0
21.9552  0  0
21.9579  0  0
21.9606  0  0
21.9631  0  0
21.9656  0  0
21.9679  0  0
21.9702  0  0
21.9724  0  0
21.9745  0  0
21.9766  0  0
21.9785  0  0
21.9804  0  0
21.9822  0  0
21.9839  0  0
21.9855  0  0
21.987  0  0
21.9885  0  0
21.9898  0  0
21.9911  0  0
21.9923  0  0
21.9934  0  0
21.9944  0  0
21.9953  0  0
21.9962  0  0
21.9969  0  0
21.9976  0  0
21.9982  0  0
21.9987  0  0
21.9991  0  0
21.9995  0  0
21.9997  0  0
21.9999  0  0
22  0  0
