-22  -2.61244e-11  -4.13636e-12
-21.9999  6.13413e-13  1.15055e-12
-21.9997  1.21306e-12  1.26383e-12
-21.9995  1.26308e-12  1.2663e-12
-21.9991  1.25864e-12  1.25728e-12
-21.9987  1.24847e-12  1.2498e-12
-21.9982  1.23581e-12  1.24654e-12
-21.9976  1.23058e-12  1.2486e-12
-21.9969  1.2387e-12  1.25458e-12
-21.9962  1.25219e-12  1.26034e-12
-21.9953  1.26009e-12  1.26213e-12
-21.9944  1.26025e-12  1.25929e-12
-21.9934  1.25658e-12  1.25383e-12
-21.9923  1.25162e-12  1.24856e-12
-21.9911  1.24659e-12  1.24574e-12
-21.9898  1.24408e-12  1.24632e-12
-21.9885  1.24582e-12  1.24928e-12
-21.987  1.24948e-12  1.25191e-12
-21.9855  1.2509e-12  1.25154e-12
-21.9839  1.24844e-12  1.24726e-12
-21.9822  1.24325e-12  1.24033e-12
-21.9804  1.23692e-12  1.23322e-12
-21.9785  1.23092e-12  1.22829e-12
-21.9766  1.22701e-12  1.22658e-12
-21.9745  1.22602e-12  1.22717e-12
-21.9724  1.22622e-12  1.22753e-12
-21.9702  1.22464e-12  1.22501e-12
-21.9679  1.21969e-12  1.21847e-12
-21.9656  1.21186e-12  1.20889e-12
-21.9631  1.2026e-12  1.1987e-12
-21.9606  1.19366e-12  1.19048e-12
-21.9579  1.18677e-12  1.1855e-12
-21.9552  1.18254e-12  1.18298e-12
-21.9524  1.17939e-12  1.1804e-12
-21.9495  1.17458e-12  1.17494e-12
-21.9466  1.16635e-12  1.16517e-12
-21.9435  1.15483e-12  1.15186e-12
-21.9404  1.14145e-12  1.1375e-12
-21.9372  1.12825e-12  1.12489e-12
-21.9339  1.11717e-12  1.11561e-12
-21.9305  1.10881e-12  1.10904e-12
-21.927  1.1016e-12  1.1026e-12
-21.9234  1.09275e-12  1.09321e-12
-21.9198  1.08024e-12  1.07915e-12
-21.9161  1.0639e-12  1.06099e-12
-21.9123  1.04521e-12  1.04128e-12
-21.9084  1.02652e-12  1.02314e-12
-21.9044  1.01003e-12  1.00846e-12
-21.9003  9.96466e-13  9.96754e-13
-21.8962  9.8421e-13  9.85367e-13
-21.8919  9.70281e-13  9.7094e-13
-21.8876  9.52321e-13  9.51397e-13
-21.8832  9.29929e-13  9.2714e-13
-21.8787  9.04642e-13  9.00824e-13
-21.8742  8.79138e-13  8.75877e-13
-21.8695  8.55966e-13  8.54536e-13
-21.8648  8.35973e-13  8.36482e-13
-21.8599  8.17483e-13  8.18928e-13
-21.855  7.97237e-13  7.9819e-13
-21.85  7.72513e-13  7.71832e-13
-21.845  7.42678e-13  7.40084e-13
-21.8398  7.09357e-13  7.0573e-13
-21.8345  6.75584e-13  6.72548e-13
-21.8292  6.44276e-13  6.43139e-13
-21.8238  6.16458e-13  6.17338e-13
-21.8183  5.90347e-13  5.92213e-13
-21.8127  5.62357e-13  5.63713e-13
-21.8071  5.29362e-13  5.29021e-13
-21.8013  4.90501e-13  4.88194e-13
-21.7955  4.47511e-13  4.4417e-13
-21.7896  4.03805e-13  4.01115e-13
-21.7836  3.62715e-13  3.62014e-13
-21.7775  3.25453e-13  3.26859e-13
-21.7713  2.90113e-13  2.92543e-13
-21.765  2.52721e-13  2.54608e-13
-21.7587  2.09715e-13  2.09826e-13
-21.7523  1.60003e-13  1.58089e-13
-21.7458  1.05453e-13  1.02513e-13
-21.7392  4.98988e-14  4.76869e-14
-21.7325  -2.88192e-15  -2.9887e-15
-21.7258  -5.14681e-14  -4.93683e-14
-21.7189  -9.79187e-14  -9.47642e-14
-21.712  -1.46647e-13  -1.44085e-13
-21.705  -2.01693e-13  -2.00998e-13
-21.6979  -2.64385e-13  -2.65778e-13
-21.6907  -3.32696e-13  -3.35102e-13
-21.6835  -4.02335e-13  -4.03915e-13
-21.6761  -4.69037e-13  -4.68371e-13
-21.6687  -5.31154e-13  -5.28172e-13
-21.6612  -5.90931e-13  -5.86868e-13
-21.6536  -6.53271e-13  -6.49865e-13
-21.6459  -7.22742e-13  -7.21305e-13
-21.6381  -8.00912e-13  -8.01635e-13
-21.6303  -8.85575e-13  -8.87287e-13
-21.6224  -9.71933e-13  -9.72697e-13
-21.6144  -1.05519e-12  -1.05354e-12
-21.6063  -1.13344e-12  -1.12936e-12
-21.5981  -1.20917e-12  -1.20398e-12
-21.5898  -1.28782e-12  -1.28337e-12
-21.5815  -1.37453e-12  -1.37217e-12
-21.5731  -1.47114e-12  -1.47102e-12
-21.5645  -1.57522e-12  -1.57606e-12
-21.5559  -1.68143e-12  -1.68116e-12
-21.5473  -1.78436e-12  -1.78148e-12
-21.5385  -1.88186e-12  -1.87642e-12
-21.5297  -1.97665e-12  -1.9701e-12
-21.5207  -2.07483e-12  -2.06911e-12
-21.5117  -2.18216e-12  -2.17866e-12
-21.5026  -2.30074e-12  -2.29955e-12
-21.4935  -2.4279e-12  -2.42763e-12
-21.4842  -2.55768e-12  -2.55613e-12
-21.4749  -2.68403e-12  -2.67964e-12
-21.4654  -2.8045e-12  -2.7974e-12
-21.4559  -2.92211e-12  -2.9139e-12
-21.4464  -3.04367e-12  -3.03642e-12
-21.4367  -3.17566e-12  -3.17077e-12
-21.4269  -3.32045e-12  -3.31795e-12
-21.4171  -3.47509e-12  -3.47343e-12
-21.4072  -3.63293e-12  -3.62978e-12
-21.3972  -3.78719e-12  -3.78094e-12
-21.3871  -3.93512e-12  -3.926e-12
-21.3769  -4.08007e-12  -4.06988e-12
-21.3667  -4.22968e-12  -4.22059e-12
-21.3563  -4.39121e-12  -4.38465e-12
-21.3459  -4.56732e-12  -4.56323e-12
-21.3354  -4.75476e-12  -4.75142e-12
-21.3249  -4.9461e-12  -4.94098e-12
-21.3142  -5.13373e-12  -5.12521e-12
-21.3034  -5.31456e-12  -5.30301e-12
-21.2926  -5.49235e-12  -5.47978e-12
-21.2817  -5.67568e-12  -5.66439e-12
-21.2707  -5.87268e-12  -5.86411e-12
-21.2597  -6.08635e-12  -6.08031e-12
-21.2485  -6.31306e-12  -6.30764e-12
-21.2373  -6.54451e-12  -6.53697e-12
-21.226  -6.77217e-12  -6.76086e-12
-21.2146  -6.99255e-12  -6.97805e-12
-21.2031  -7.20988e-12  -7.19447e-12
-21.1915  -7.43385e-12  -7.41997e-12
-21.1799  -7.6736e-12  -7.66264e-12
-21.1681  -7.93246e-12  -7.92409e-12
-21.1563  -8.20637e-12  -8.19841e-12
-21.1444  -8.48605e-12  -8.47555e-12
-21.1325  -8.76191e-12  -8.74721e-12
-21.1204  -9.02999e-12  -9.01196e-12
-21.1083  -9.29512e-12  -9.27636e-12
-21.0961  -9.56828e-12  -9.55136e-12
-21.0838  -9.85973e-12  -9.84597e-12
-21.0714  -1.01732e-11  -1.0162e-11
-21.0589  -1.05041e-11  -1.04931e-11
-21.0464  -1.0842e-11  -1.08279e-11
-21.0338  -1.11762e-11  -1.11573e-11
-21.0211  -1.15021e-11  -1.14798e-11
-21.0083  -1.18252e-11  -1.18025e-11
-20.9954  -1.21582e-11  -1.21377e-11
-20.9825  -1.25124e-11  -1.24954e-11
-20.9695  -1.28922e-11  -1.28777e-11
-20.9564  -1.32923e-11  -1.32775e-11
-20.9432  -1.3701e-11  -1.36823e-11
-20.9299  -1.41061e-11  -1.40821e-11
-20.9166  -1.45023e-11  -1.44748e-11
-20.9031  -1.48962e-11  -1.48688e-11
-20.8896  -1.53021e-11  -1.52776e-11
-20.876  -1.57332e-11  -1.57123e-11
-20.8624  -1.61938e-11  -1.61755e-11
-20.8486  -1.66784e-11  -1.66591e-11
-20.8348  -1.71737e-11  -1.71494e-11
-20.8209  -1.76655e-11  -1.76351e-11
-20.8069  -1.81479e-11  -1.81141e-11
-20.7928  -1.86285e-11  -1.85957e-11
-20.7786  -1.9124e-11  -1.90949e-11
-20.7644  -1.96494e-11  -1.96244e-11
-20.7501  -2.02096e-11  -2.01867e-11
-20.7357  -2.0798e-11  -2.07731e-11
-20.7212  -2.13998e-11  -2.13684e-11
-20.7067  -2.19986e-11  -2.19599e-11
-20.6921  -2.25871e-11  -2.25455e-11
-20.6773  -2.31745e-11  -2.31355e-11
-20.6625  -2.37807e-11  -2.37468e-11
-20.6477  -2.44229e-11  -2.43934e-11
-20.6327  -2.51063e-11  -2.50784e-11
-20.6177  -2.58236e-11  -2.5792e-11
-20.6026  -2.65578e-11  -2.65172e-11
-20.5874  -2.72894e-11  -2.724e-11
-20.5721  -2.80095e-11  -2.79581e-11
-20.5568  -2.87293e-11  -2.86833e-11
-20.5413  -2.94733e-11  -2.94345e-11
-20.5258  -3.02613e-11  -3.02274e-11
-20.5103  -3.10986e-11  -3.10653e-11
-20.4946  -3.19773e-11  -3.19374e-11
-20.4788  -3.28777e-11  -3.28246e-11
-20.463  -3.37759e-11  -3.37117e-11
-20.4471  -3.46602e-11  -3.45963e-11
-20.4311  -3.55454e-11  -3.54918e-11
-20.4151  -3.64621e-11  -3.64194e-11
-20.3989  -3.74336e-11  -3.73967e-11
-20.3827  -3.84654e-11  -3.84271e-11
-20.3664  -3.95487e-11  -3.94985e-11
-20.3501  -4.06609e-11  -4.05899e-11
-20.3336  -4.17704e-11  -4.16845e-11
-20.3171  -4.28612e-11  -4.27803e-11
-20.3005  -4.39536e-11  -4.38927e-11
-20.2838  -4.50885e-11  -4.50456e-11
-20.267  -4.62938e-11  -4.62581e-11
-20.2502  -4.75742e-11  -4.75338e-11
-20.2332  -4.89214e-11  -4.88587e-11
-20.2162  -5.03085e-11  -5.02097e-11
-20.1992  -5.16904e-11  -5.15692e-11
-20.182  -5.30421e-11  -5.29365e-11
-20.1648  -5.43948e-11  -5.43294e-11
-20.1475  -5.58076e-11  -5.57743e-11
-20.1301  -5.7314e-11  -5.72916e-11
-20.1126  -5.89174e-11  -5.88841e-11
-20.0951  -6.06129e-11  -6.05352e-11
-20.0774  -6.23674e-11  -6.22198e-11
-20.0598  -6.41071e-11  -6.39213e-11
-20.042  -6.57882e-11  -6.56431e-11
-20.0241  -6.74652e-11  -6.74061e-11
-20.0062  -6.92336e-11  -6.92379e-11
-19.9882  -7.11331e-11  -7.11584e-11
-19.9701  -7.31636e-11  -7.31678e-11
-19.9519  -7.53357e-11  -7.52436e-11
-19.9337  -7.76052e-11  -7.73587e-11
-19.9154  -7.98282e-11  -7.95051e-11
-19.897  -8.19154e-11  -8.16996e-11
-19.8785  -8.3981e-11  -8.39668e-11
-19.86  -8.62021e-11  -8.63284e-11
-19.8414  -8.86179e-11  -8.87994e-11
-19.8227  -9.1222e-11  -9.13716e-11
-19.8039  -9.40865e-11  -9.40038e-11
-19.785  -9.71449e-11  -9.66631e-11
-19.7661  -1.00046e-10  -9.93802e-11
-19.7471  -1.02575e-10  -1.02224e-10
-19.728  -1.05036e-10  -1.05221e-10
-19.7089  -1.07812e-10  -1.08351e-10
-19.6896  -1.10879e-10  -1.11614e-10
-19.6703  -1.14224e-10  -1.14981e-10
-19.6509  -1.18204e-10  -1.18325e-10
-19.6315  -1.22695e-10  -1.21565e-10
-19.6119  -1.26583e-10  -1.24911e-10
-19.5923  -1.29255e-10  -1.28693e-10
-19.5726  -1.31778e-10  -1.32904e-10
-19.5529  -1.35137e-10  -1.37272e-10
-19.533  -1.38677e-10  -1.41771e-10
-19.5131  -1.42389e-10  -1.46411e-10
-19.4931  -1.4837e-10  -1.50514e-10
-19.4731  -1.56421e-10  -1.53454e-10
-19.4529  -1.61562e-10  -1.56472e-10
-19.4327  -1.61649e-10  -1.61754e-10
-19.4124  -1.62493e-10  -1.6887e-10
-19.3921  -1.66511e-10  -1.75198e-10
-19.3716  -1.64903e-10  -1.81173e-10
-19.3511  -1.56908e-10  -1.89083e-10
-19.3305  -1.62193e-10  -1.93384e-10
-19.3099  -1.84187e-10  -1.84301e-10
-19.2891  -1.86219e-10  -1.70962e-10
-19.2683  -1.63532e-10  -1.79002e-10
-19.2474  -1.89961e-10  -1.98682e-10
-19.2265  -2.47025e-10  -1.74293e-10
-19.2055  -7.03737e-11  -1.12902e-10
-19.1843  4.85518e-10  -1.30245e-10
-19.1632  9.57396e-10  -1.91991e-10
-19.1419  9.18225e-10  6.83305e-11
-19.1206  6.59895e-10  6.20646e-10
-19.0992  -4.06464e-09  1.81355e-10
-19.0777  -3.74387e-08  -6.72065e-10
-19.0562  -1.55703e-07  1.18445e-08
-19.0345  -4.18243e-07  8.12638e-08
-19.0128  -7.79516e-07  2.90574e-07
-18.9911  -9.10029e-07  7.57325e-07
-18.9692  -2.3771e-08  1.62835e-06
-18.9473  3.1828e-06  3.10216e-06
-18.9253  1.04274e-05  5.47292e-06
-18.9033  2.36035e-05  9.10918e-06
-18.8811  4.44384e-05  1.42354e-05
-18.8589  7.39692e-05  2.04858e-05
-18.8366  0.000111658  2.64556e-05
-18.8143  0.000154116  2.97071e-05
-18.7919  0.000193859  2.76146e-05
-18.7694  0.000219058  1.89402e-05
-18.7468  0.000215364  5.35998e-06
-18.7241  0.000170228  -8.16396e-06
-18.7014  7.88635e-05  -1.48477e-05
-18.6786  -5.03578e-05  -8.99932e-06
-18.6558  -0.000193947  1.10353e-05
-18.6329  -0.000317067  4.1539e-05
-18.6099  -0.000383457  7.45051e-05
-18.5868  -0.000369007  0.00010058
-18.5636  -0.000273633  0.000112371
-18.5404  -0.000124923  0.000106709
-18.5171  3.04715e-05  8.52803e-05
-18.4938  0.000145623  5.39412e-05
-18.4703  0.000193317  2.12533e-05
-18.4468  0.000175677  -3.37043e-06
-18.4233  0.000116963  -1.17267e-05
-18.3996  4.38562e-05  1.23801e-06
-18.3759  -3.33091e-05  3.61061e-05
-18.3521  -0.000124912  8.86653e-05
-18.3283  -0.000248697  0.000150586
-18.3043  -0.000408565  0.000210889
-18.2803  -0.000581412  0.000258068
-18.2563  -0.000722172  0.00028277
-18.2321  -0.000784165  0.000280453
-18.2079  -0.000741602  0.000252785
-18.1836  -0.000600866  0.000206636
-18.1593  -0.000395928  0.000150845
-18.1349  -0.00017347  9.2617e-05
-18.1104  2.24826e-05  3.58934e-05
-18.0858  0.000159855  -1.7489e-05
-18.0612  0.000221529  -6.53957e-05
-18.0365  0.000205531  -0.00010432
-18.0117  0.000124968  -0.000130894
-17.9869  7.19012e-06  -0.00014476
-17.962  -0.000109888  -0.000150213
-17.937  -0.000185091  -0.000155077
-17.9119  -0.000183702  -0.000167546
-17.8868  -8.76808e-05  -0.000193319
-17.8616  9.53343e-05  -0.000234755
-17.8364  0.000327119  -0.000291821
-17.8111  0.000543457  -0.000363037
-17.7857  0.000673535  -0.000444685
-17.7602  0.000672124  -0.000528323
-17.7347  0.000550068  -0.000598671
-17.7091  0.000380951  -0.000634835
-17.6834  0.000269946  -0.000616563
-17.6577  0.000294412  -0.000534068
-17.6319  0.000449606  -0.000396826
-17.606  0.000636751  -0.00023582
-17.5801  0.000707417  -9.63748e-05
-17.5541  0.000541683  -2.37698e-05
-17.528  0.000114051  -4.80511e-05
-17.5019  -0.000492363  -0.000175048
-17.4757  -0.00113097  -0.000387085
-17.4494  -0.00166915  -0.000651778
-17.423  -0.00205495  -0.000933791
-17.3966  -0.00233916  -0.0012041
-17.3702  -0.00264304  -0.00144345
-17.3436  -0.00308744  -0.00163986
-17.317  -0.00371574  -0.00178255
-17.2903  -0.00444645  -0.0018568
-17.2636  -0.00508152  -0.00184416
-17.2368  -0.00537318  -0.00173021
-17.2099  -0.00512442  -0.00151706
-17.183  -0.00427817  -0.00123325
-17.156  -0.0029522  -0.000932351
-17.1289  -0.00140188  -0.0006775
-17.1017  7.15428e-05  -0.000517263
-17.0745  0.00122404  -0.000465408
-17.0473  0.00193875  -0.000495843
-17.0199  0.00223876  -0.000555687
-16.9925  0.00224684  -0.000589078
-16.9651  0.00211791  -0.000559028
-16.9375  0.0019757  -0.000457158
-16.9099  0.001878  -0.000298859
-16.8823  0.00181938  -0.000108949
-16.8545  0.00176289  9.36459e-05
-16.8267  0.00167969  0.000304591
-16.7989  0.00157271  0.000532412
-16.7709  0.00146998  0.000787222
-16.743  0.00139211  0.00106526
-16.7149  0.00131556  0.00133753
-16.6868  0.00115831  0.0015501
-16.6586  0.000803092  0.001639
-16.6303  0.000150269  0.00155482
-16.602  -0.00082664  0.00128593
-16.5737  -0.00205409  0.000868461
-16.5452  -0.0033759  0.00037742
-16.5167  -0.00460516  -9.70815e-05
-16.4882  -0.0055821  -0.000477386
-16.4595  -0.00621016  -0.000717981
-16.4308  -0.00646078  -0.000811546
-16.4021  -0.00635817  -0.000782997
-16.3733  -0.00596187  -0.000677239
-16.3444  -0.00535469  -0.000545699
-16.3154  -0.00463002  -0.00043389
-16.2864  -0.00387183  -0.00037082
-16.2573  -0.00313333  -0.000361875
-16.2282  -0.00243144  -0.000387876
-16.199  -0.00176657  -0.000411962
-16.1697  -0.00115467  -0.000392681
-16.1404  -0.000642058  -0.000298547
-16.111  -0.000282889  -0.000118687
-16.0816  -9.09074e-05  0.000133857
-16.0521  -3.83466e-06  0.000426567
-16.0225  0.000104679  0.000717736
-15.9929  0.000364232  0.000968983
-15.9632  0.000834235  0.0011552
-15.9334  0.00146561  0.001267
-15.9036  0.0021225  0.00130352
-15.8737  0.00264969  0.00125927
-15.8438  0.00294411  0.00111463
-15.8138  0.00298991  0.000839832
-15.7837  0.00284268  0.000414565
-15.7536  0.00257941  -0.000146738
-15.7234  0.00224906  -0.000781208
-15.6932  0.00185321  -0.00138861
-15.6629  0.00136283  -0.00186569
-15.6325  0.000752252  -0.00214711
-15.6021  2.24104e-05  -0.0022309
-15.5716  -0.000801512  -0.00217492
-15.5411  -0.00168824  -0.00206663
-15.5105  -0.00261069  -0.00198189
-15.4798  -0.00353442  -0.00195212
-15.4491  -0.0043963  -0.00195377
-15.4183  -0.00510176  -0.0019235
-15.3874  -0.00555789  -0.00179217
-15.3565  -0.00572663  -0.00152255
-15.3256  -0.00565743  -0.00113302
-15.2946  -0.00546702  -0.000693979
-15.2635  -0.00527294  -0.000296386
-15.2323  -0.00512468  -7.25059e-06
-15.2011  -0.00498052  0.000163643
-15.1699  -0.00474431  0.000265863
-15.1386  -0.00433317  0.000376708
-15.1072  -0.00372886  0.000553597
-15.0758  -0.00298358  0.000798399
-15.0443  -0.00218774  0.00105445
-15.0127  -0.00143005  0.0012369
-14.9811  -0.000777149  0.00127746
-14.9495  -0.000276553  0.00115759
-14.9177  3.24974e-05  0.000914258
-14.886  0.000118461  0.000619798
-14.8541  -2.78214e-05  0.000351594
-14.8222  -0.000374046  0.000167952
-14.7903  -0.000840242  9.74964e-05
-14.7583  -0.00131549  0.000138962
-14.7262  -0.0016921  0.00026506
-14.6941  -0.00189847  0.000428648
-14.6619  -0.0019109  0.00057464
-14.6297  -0.001738  0.00065965
-14.5974  -0.0013908  0.0006729
-14.5651  -0.000863525  0.000644342
-14.5327  -0.000142995  0.00062882
-14.5002  0.000756403  0.000670101
-14.4677  0.00175611  0.000765777
-14.4351  0.00270425  0.000858765
-14.4025  0.00340826  0.000866249
-14.3698  0.00369919  0.000731019
-14.3371  0.00349792  0.00046216
-14.3043  0.00284989  0.000136778
-14.2714  0.0019088  -0.000140205
-14.2385  0.000874164  -0.000293074
-14.2056  -8.76165e-05  -0.000313277
-14.1726  -0.000898195  -0.000255969
-14.1395  -0.00157002  -0.000200156
-14.1064  -0.0021601  -0.000199578
-14.0732  -0.00270988  -0.000254801
-14.04  -0.00321495  -0.000321155
-14.0067  -0.00364411  -0.00034404
-13.9733  -0.00398695  -0.000297192
-13.9399  -0.0042847  -0.000199801
-13.9065  -0.00461092  -0.000103314
-13.873  -0.0050097  -5.82812e-05
-13.8395  -0.00543681  -8.32281e-05
-13.8058  -0.00575267  -0.000154532
-13.7722  -0.00578184  -0.000221488
-13.7385  -0.00540674  -0.000234946
-13.7047  -0.00463778  -0.000171398
-13.6709  -0.00361702  -4.02943e-05
-13.637  -0.00255569  0.000125331
-13.6031  -0.00164654  0.000285388
-13.5691  -0.00100229  0.00040595
-13.5351  -0.00064669  0.000464673
-13.501  -0.00054615  0.000450744
-13.4669  -0.00064722  0.00036416
-13.4327  -0.000892626  0.000216397
-13.3985  -0.00121574  3.01653e-05
-13.3642  -0.00153426  -0.000165656
-13.3298  -0.00176149  -0.000346635
-13.2954  -0.00183299  -0.00050407
-13.261  -0.00172927  -0.000648945
-13.2265  -0.00147744  -0.000803767
-13.192  -0.00113241  -0.000985787
-13.1574  -0.000753771  -0.00119243
-13.1227  -0.000393105  -0.00139964
-13.088  -9.32447e-05  -0.00157546
-13.0533  0.000109967  -0.00169988
-13.0185  0.00019065  -0.00177761
-12.9836  0.000138206  -0.00183525
-12.9487  -4.21174e-05  -0.00190586
-12.9138  -0.000334804  -0.00201195
-12.8788  -0.000718776  -0.00215773
-12.8438  -0.0011642  -0.00233284
-12.8087  -0.00162426  -0.00252186
-12.7735  -0.00203415  -0.00271086
-12.7383  -0.00232721  -0.00288779
-12.7031  -0.00246436  -0.00303951
-12.6678  -0.00245981  -0.00315178
-12.6324  -0.00238449  -0.00321508
-12.597  -0.00234209  -0.00323307
-12.5616  -0.0024282  -0.00322681
-12.5261  -0.00269242  -0.00323003
-12.4906  -0.00311975  -0.00327629
-12.455  -0.00363716  -0.00338481
-12.4194  -0.00414091  -0.00355249
-12.3837  -0.0045332  -0.00375638
-12.348  -0.0047552  -0.00396456
-12.3122  -0.00480433  -0.00414967
-12.2764  -0.00472972  -0.00429811
-12.2405  -0.00460819  -0.00441163
-12.2046  -0.00451205  -0.00450183
-12.1686  -0.00448374  -0.00458176
-12.1326  -0.00452762  -0.00465937
-12.0965  -0.00461963  -0.00473539
-12.0604  -0.0047259  -0.00480545
-12.0243  -0.00481936  -0.00486408
-11.9881  -0.00488716  -0.00490799
-11.9519  -0.00492912  -0.00493723
-11.9156  -0.00495171  -0.00495448
-11.8792  -0.00496246  -0.00496346
-11.8428  -0.00496706  -0.00496761
-11.8064  -0.00496889  -0.00496937
-11.7699  -0.00496969  -0.00497018
-11.7334  -0.00497022  -0.00497074
-11.6969  -0.00497076  -0.0049713
-11.6603  -0.00497134  -0.00497188
-11.6236  -0.0049719  -0.00497242
-11.5869  -0.00497234  -0.00497285
-11.5502  -0.00497264  -0.00497315
-11.5134  -0.00497282  -0.00497334
-11.4765  -0.00497294  -0.00497346
-11.4397  -0.00497305  -0.00497357
-11.4028  -0.00497317  -0.00497369
-11.3658  -0.0049733  -0.00497382
-11.3288  -0.00497343  -0.00497395
-11.2917  -0.00497353  -0.00497405
-11.2546  -0.00497361  -0.00497412
-11.2175  -0.00497365  -0.00497417
-11.1803  -0.00497367  -0.00497419
-11.1431  -0.0049737  -0.00497422
-11.1058  -0.00497373  -0.00497425
-11.0685  -0.00497377  -0.00497429
-11.0312  -0.00497381  -0.00497433
-10.9938  -0.00497384  -0.00497436
-10.9563  -0.00497385  -0.00497437
-10.9188  -0.00497385  -0.00497437
-10.8813  -0.00497383  -0.00497435
-10.8438  -0.00497382  -0.00497434
-10.8062  -0.00497381  -0.00497434
-10.7685  -0.00497382  -0.00497434
-10.7308  -0.00497382  -0.00497434
-10.6931  -0.00497381  -0.00497433
-10.6553  -0.00497378  -0.0049743
-10.6175  -0.00497374  -0.00497426
-10.5796  -0.00497368  -0.0049742
-10.5418  -0.00497363  -0.00497415
-10.5038  -0.00497358  -0.0049741
-10.4658  -0.00497354  -0.00497406
-10.4278  -0.0049735  -0.00497402
-10.3898  -0.00497344  -0.00497396
-10.3517  -0.00497334  -0.00497386
-10.3135  -0.00497321  -0.00497373
-10.2754  -0.00497306  -0.00497358
-10.2371  -0.00497291  -0.00497343
-10.1989  -0.00497277  -0.00497328
-10.1606  -0.00497264  -0.00497315
-10.1223  -0.00497248  -0.004973
-10.0839  -0.00497226  -0.00497277
-10.0455  -0.0049719  -0.00497242
-10.007  -0.00497139  -0.00497191
-9.96854  -0.00497077  -0.00497129
-9.93001  -0.00497011  -0.00497063
-9.89145  -0.00496948  -0.00497001
-9.85285  -0.00496884  -0.00496936
-9.8142  -0.00496787  -0.0049684
-9.77552  -0.00496591  -0.00496648
-9.73681  -0.00496209  -0.00496259
-9.69805  -0.00495594  -0.00495557
-9.65926  -0.00494813  -0.00494414
-9.62043  -0.0049402  -0.00492663
-9.58157  -0.0049324  -0.0049004
-9.54266  -0.00491951  -0.00486109
-9.50372  -0.00488712  -0.004803
-9.46475  -0.0048125  -0.00472106
-9.42573  -0.00467283  -0.00461443
-9.38668  -0.00445902  -0.00448951
-9.3476  -0.00418778  -0.00435991
-9.30848  -0.00390301  -0.00424141
-9.26932  -0.00366193  -0.00414315
-9.23012  -0.00351019  -0.00405967
-9.1909  -0.00345803  -0.00396964
-9.15163  -0.00347038  -0.00384421
-9.11233  -0.00347782  -0.00366226
-9.073  -0.00340483  -0.00342459
-9.03363  -0.00320332  -0.00315829
-8.99422  -0.0028764  -0.00290809
-8.95478  -0.00248125  -0.00271883
-8.91531  -0.00210887  -0.00261836
-8.8758  -0.00184876  -0.00260896
-8.83626  -0.00175348  -0.00266902
-8.79668  -0.00181802  -0.00276123
-8.75707  -0.00198202  -0.00284215
-8.71743  -0.00215284  -0.00287096
-8.67775  -0.00223956  -0.00281814
-8.63804  -0.00218454  -0.00267436
-8.59829  -0.00198188  -0.00245594
-8.55852  -0.00167728  -0.00220156
-8.51871  -0.00135049  -0.00195788
-8.47886  -0.00108723  -0.00175971
-8.43899  -0.000951037  -0.00161574
-8.39908  -0.000964753  -0.00150964
-8.35914  -0.00110714  -0.00141647
-8.31916  -0.00132358  -0.00132346
-8.27916  -0.00154429  -0.00124002
-8.23912  -0.00170149  -0.00118845
-8.19905  -0.00173906  -0.00118111
-8.15895  -0.00161381  -0.00120045
-8.11882  -0.00129449  -0.00119818
-8.07865  -0.000767096  -0.0011174
-8.03846  -5.06565e-05  -0.000925763
-7.99823  0.000784181  -0.00063945
-7.95798  0.00161114  -0.000323265
-7.91769  0.00227377  -6.66678e-05
-7.87737  0.00263723  5.10962e-05
-7.83703  0.00264076  -1.04399e-05
-7.79665  0.00231782  -0.00024185
-7.75624  0.00176865  -0.000591012
-7.7158  0.00110331  -0.000981577
-7.67533  0.000395814  -0.00133345
-7.63484  -0.000319308  -0.00157868
-7.59431  -0.00101216  -0.00167109
-7.55375  -0.00162213  -0.00159158
-7.51317  -0.00206092  -0.0013517
-7.47255  -0.00225898  -0.00099451
-7.43191  -0.00221877  -0.000588286
-7.39124  -0.00202691  -0.000209429
-7.35054  -0.00180759  8.21539e-05
-7.30981  -0.00164778  0.000263345
-7.26905  -0.00154988  0.000350493
-7.22827  -0.00144628  0.00038084
-7.18745  -0.00126173  0.000383955
-7.14661  -0.000972837  0.000362638
-7.10575  -0.000620953  0.000296474
-7.06485  -0.000275169  0.000164683
-7.02393  1.87806e-05  -2.89203e-05
-6.98298  0.000262953  -0.00024671
-6.942  0.000492422  -0.000429799
-6.901  0.000741638  -0.000524082
-6.85997  0.00102141  -0.000504699
-6.81891  0.00131862  -0.000386998
-6.77783  0.00160835  -0.000220456
-6.73672  0.00186246  -6.95285e-05
-6.69559  0.00205088  1.05654e-05
-6.65443  0.00214479  -5.91304e-06
-6.61324  0.00212952  -0.000106554
-6.57203  0.00202084  -0.000247132
-6.53079  0.00186908  -0.000369985
-6.48953  0.00174165  -0.000425752
-6.44824  0.00169113  -0.000388643
-6.40693  0.00172818  -0.00026001
-6.36559  0.00181534  -6.22703e-05
-6.32423  0.00188416  0.0001703
-6.28284  0.00186529  0.000398684
-6.24143  0.00171673  0.000583912
-6.2  0.00143887  0.000692741
-6.15854  0.00107123  0.000706019
-6.11706  0.000673023  0.000626745
-6.07556  0.000297292  0.000481679
-6.03403  -2.78041e-05  0.000312561
-5.99247  -0.000299552  0.000159433
-5.9509  -0.000524057  4.44145e-05
-5.9093  -0.000695926  -3.51635e-05
-5.86768  -0.00079138  -0.000100526
-5.82604  -0.000782043  -0.000175881
-5.78437  -0.000660414  -0.000272301
-5.74268  -0.000458076  -0.000379697
-5.70097  -0.000241906  -0.000470778
-5.65924  -8.83964e-05  -0.00051434
-5.61749  -5.03936e-05  -0.000490547
-5.57571  -0.000134357  -0.000400215
-5.53391  -0.000298645  -0.000263803
-5.49209  -0.000471204  -0.000111556
-5.45025  -0.000576923  2.91664e-05
-5.40839  -0.000563956  0.00014247
-5.36651  -0.000421695  0.000224594
-5.32461  -0.000185993  0.000277814
-5.28269  7.13301e-05  0.000302532
-5.24074  0.000268537  0.000293098
-5.19878  0.000348257  0.000240115
-5.1568  0.000304569  0.00013772
-5.11479  0.000186519  -8.86966e-06
-5.07277  7.27648e-05  -0.000180408
-5.03073  3.01453e-05  -0.000347256
-4.98867  8.08506e-05  -0.000477602
-4.94658  0.000197846  -0.000545894
-4.90448  0.000328603  -0.000537913
-4.86237  0.000427871  -0.000451832
-4.82023  0.000476427  -0.000297148
-4.77807  0.000476889  -9.3511e-05
-4.7359  0.000436954  0.000130584
-4.6937  0.000358473  0.000341091
-4.65149  0.00024196  0.00050518
-4.60926  9.979e-05  0.000600363
-4.56701  -3.72066e-05  0.000622189
-4.52475  -0.000129069  0.00058617
-4.48247  -0.000147087  0.000521833
-4.44017  -9.09364e-05  0.000460612
-4.39785  9.22644e-06  0.000422611
-4.35552  0.000106705  0.000408446
-4.31317  0.000159399  0.000400563
-4.2708  0.000146871  0.000374095
-4.22842  7.63219e-05  0.000312098
-4.18602  -2.32543e-05  0.000216942
-4.1436  -0.000114702  0.000111032
-4.10117  -0.000167796  2.58925e-05
-4.05872  -0.000169647  -1.42848e-05
-4.01626  -0.000126914  -5.05479e-06
-3.97378  -6.06018e-05  3.69961e-05
-3.93129  2.46216e-06  8.42666e-05
-3.88878  3.74788e-05  0.00011302
-3.84625  2.77573e-05  0.000114513
-3.80372  -2.99232e-05  9.68328e-05
-3.76116  -0.000121015  7.76995e-05
-3.71859  -0.00021354  7.32684e-05
-3.67601  -0.000267  8.93519e-05
-3.63341  -0.00024884  0.000119345
-3.5908  -0.000150664  0.000149073
-3.54818  5.80433e-06  0.000165084
-3.50554  0.000177484  0.000161414
-3.46289  0.00031855  0.000141271
-3.42022  0.000398275  0.000113426
-3.37755  0.000409427  8.62984e-05
-3.33485  0.000365683  6.37402e-05
-3.29215  0.000292612  4.48179e-05
-3.24943  0.00021786  2.68624e-05
-3.2067  0.00016354  8.94402e-06
-3.16396  0.000141199  -6.87718e-06
-3.12121  0.000149504  -1.7106e-05
-3.07844  0.000175639  -1.95862e-05
-3.03566  0.000200961  -1.52505e-05
-2.99288  0.000209207  -7.68245e-06
-2.95007  0.000193327  -1.05123e-06
-2.90726  0.000157342  2.0103e-06
-2.86444  0.000112601  1.2872e-06
-2.8216  7.11976e-05  -1.60664e-06
-2.77876  4.06135e-05  -4.57458e-06
-2.7359  2.21316e-05  -6.19127e-06
-2.69303  1.27232e-05  -6.12519e-06
-2.65016  8.22072e-06  -4.87671e-06
-2.60727  5.60144e-06  -3.2267e-06
-2.56437  3.56774e-06  -1.78538e-06
-2.52147  1.94351e-06  -8.17104e-07
-2.47855  8.53371e-07  -3.00524e-07
-2.43562  2.84884e-07  -8.41632e-08
-2.39269  6.71457e-08  -1.64375e-08
-2.34974  1.11668e-08  -2.27731e-09
-2.30679  2.23333e-09  -8.09689e-10
-2.26382  -1.45732e-10  -8.99829e-10
-2.22085  -1.60979e-09  -1.13618e-09
-2.17787  -1.57512e-09  -1.37904e-09
-2.13488  -9.37878e-10  -1.41552e-09
-2.09188  -6.43316e-10  -1.26426e-09
-2.04888  -6.8939e-10  -1.09358e-09
-2.00587  -7.71948e-10  -9.87976e-10
-1.96285  -8.10497e-10  -9.30176e-10
-1.91982  -8.48396e-10  -8.92522e-10
-1.87678  -8.77236e-10  -8.67475e-10
-1.83374  -8.63636e-10  -8.48286e-10
-1.79069  -8.16717e-10  -8.24842e-10
-1.74763  -7.70327e-10  -7.94729e-10
-1.70457  -7.39397e-10  -7.63338e-10
-1.6615  -7.17932e-10  -7.35006e-10
-1.61842  -6.9968e-10  -7.10064e-10
-1.57534  -6.84085e-10  -6.87891e-10
-1.53225  -6.69653e-10  -6.68244e-10
-1.48915  -6.52821e-10  -6.5022e-10
-1.44605  -6.32813e-10  -6.32509e-10
-1.40295  -6.1255e-10  -6.14723e-10
-1.35983  -5.94667e-10  -5.97466e-10
-1.31672  -5.79247e-10  -5.81313e-10
-1.2736  -5.65339e-10  -5.66369e-10
-1.23047  -5.52525e-10  -5.52556e-10
-1.18734  -5.40521e-10  -5.39734e-10
-1.1442  -5.28666e-10  -5.27618e-10
-1.10106  -5.16583e-10  -5.15922e-10
-1.05792  -5.04722e-10  -5.04614e-10
-1.01477  -4.93776e-10  -4.93882e-10
-0.971614  -4.83925e-10  -4.83894e-10
-0.928458  -4.74928e-10  -4.74667e-10
-0.885297  -4.66579e-10  -4.66118e-10
-0.842134  -4.58745e-10  -4.5812e-10
-0.798967  -4.51222e-10  -4.50532e-10
-0.755797  -4.43877e-10  -4.4328e-10
-0.712624  -4.36848e-10  -4.36411e-10
-0.669449  -4.30402e-10  -4.30041e-10
-0.62627  -4.24642e-10  -4.24248e-10
-0.58309  -4.19468e-10  -4.19011e-10
-0.539907  -4.14746e-10  -4.14247e-10
-0.496722  -4.10384e-10  -4.09852e-10
-0.453535  -4.06298e-10  -4.05753e-10
-0.410347  -4.02459e-10  -4.0195e-10
-0.367157  -3.9896e-10  -3.98512e-10
-0.323965  -3.95942e-10  -3.95526e-10
-0.280772  -3.93451e-10  -3.93025e-10
-0.237578  -3.91414e-10  -3.90969e-10
-0.194384  -3.89727e-10  -3.89274e-10
-0.151188  -3.88319e-10  -3.87866e-10
-0.107992  -3.87166e-10  -3.86722e-10
-0.0647953  -3.86298e-10  -3.85877e-10
-0.0215984  -3.85801e-10  -3.85413e-10
0.0215984  -3.85765e-10  -3.85399e-10
0.0647953  -3.86202e-10  -3.85838e-10
0.107992  -3.87032e-10  -3.86663e-10
0.151188  -3.88162e-10  -3.87793e-10
0.194384  -3.89546e-10  -3.89188e-10
0.237578  -3.91202e-10  -3.90862e-10
0.280772  -3.93199e-10  -3.9288e-10
0.323965  -3.95627e-10  -3.95335e-10
0.367157  -3.98551e-10  -3.98288e-10
0.410347  -4.01954e-10  -4.01716e-10
0.453535  -4.05749e-10  -4.05521e-10
0.496722  -4.09841e-10  -4.09623e-10
0.539907  -4.14212e-10  -4.14017e-10
0.58309  -4.18927e-10  -4.18754e-10
0.62627  -4.24079e-10  -4.23915e-10
0.669449  -4.29748e-10  -4.29607e-10
0.712624  -4.35987e-10  -4.35916e-10
0.755797  -4.42785e-10  -4.42806e-10
0.798967  -4.50044e-10  -4.50128e-10
0.842134  -4.57658e-10  -4.57786e-10
0.885297  -4.6565e-10  -4.65835e-10
0.928458  -4.74152e-10  -4.74357e-10
0.971614  -4.83235e-10  -4.83395e-10
1.01477  -4.92892e-10  -4.93077e-10
1.05792  -5.03202e-10  -5.03631e-10
1.10106  -5.14302e-10  -5.15082e-10
1.1442  -5.26116e-10  -5.27136e-10
1.18734  -5.38432e-10  -5.39625e-10
1.23047  -5.51352e-10  -5.52763e-10
1.2736  -5.65192e-10  -5.66652e-10
1.31672  -5.7974e-10  -5.80984e-10
1.35983  -5.94393e-10  -5.95871e-10
1.40295  -6.09477e-10  -6.1233e-10
1.44605  -6.26277e-10  -6.30912e-10
1.48915  -6.45016e-10  -6.50638e-10
1.53225  -6.64537e-10  -6.70786e-10
1.57534  -6.85047e-10  -6.92509e-10
1.61842  -7.07938e-10  -7.16054e-10
1.6615  -7.30435e-10  -7.38455e-10
1.70457  -7.46097e-10  -7.59051e-10
1.74763  -7.56764e-10  -7.84934e-10
1.79069  -7.76161e-10  -8.21987e-10
1.83374  -8.10338e-10  -8.63066e-10
1.87678  -8.46723e-10  -9.00414e-10
1.91982  -8.82403e-10  -9.45877e-10
1.96285  -9.33309e-10  -1.00841e-09
2.00587  -9.54138e-10  -1.05643e-09
2.04888  -7.91616e-10  -1.07314e-09
2.09188  -3.88613e-10  -1.16651e-09
2.13488  -5.04315e-11  -1.47919e-09
2.17787  -1.58755e-10  -1.89177e-09
2.22085  -4.99311e-10  -2.10846e-09
2.26382  -9.70288e-10  -2.49603e-09
2.30679  -4.01134e-09  -4.84904e-09
2.34974  -1.06543e-08  -1.30039e-08
2.39269  9.34137e-09  -3.88481e-08
2.43562  1.91321e-07  -1.25583e-07
2.47855  8.79997e-07  -3.95919e-07
2.52147  2.69391e-06  -1.11394e-06
2.56437  6.44138e-06  -2.73046e-06
2.60727  1.28228e-05  -5.88198e-06
2.65016  2.2005e-05  -1.13239e-05
2.69303  3.33346e-05  -1.97644e-05
2.7359  4.55006e-05  -3.15238e-05
2.77876  5.72215e-05  -4.59735e-05
2.8216  6.8095e-05  -6.09172e-05
2.86444  7.89381e-05  -7.24111e-05
2.90726  9.11161e-05  -7.56534e-05
2.95007  0.000105027  -6.71329e-05
2.99288  0.000118599  -4.72464e-05
3.03566  0.00012678  -2.17551e-05
3.07844  0.000122364  -6.13598e-07
3.12121  9.78088e-05  5.87798e-06
3.16396  4.74988e-05  -8.17226e-06
3.2067  -2.96557e-05  -4.11838e-05
3.24943  -0.000127239  -8.43873e-05
3.29215  -0.000228827  -0.000125049
3.33485  -0.000308206  -0.0001506
3.37755  -0.000334731  -0.000151592
3.42022  -0.000283915  -0.000122812
3.46289  -0.000149298  -6.33126e-05
3.50554  5.10021e-05  2.34547e-05
3.54818  0.000278259  0.000129127
3.5908  0.000487215  0.000240398
3.63341  0.000643452  0.000340709
3.67601  0.000734488  0.000414109
3.71859  0.000768284  0.000450267
3.76116  0.000760506  0.000448482
3.80372  0.000719269  0.000418475
3.84625  0.000638211  0.000376998
3.88878  0.000503716  0.000341264
3.93129  0.000312351  0.00032203
3.97378  8.63714e-05  0.000319592
4.01626  -0.000125611  0.00032464
4.05872  -0.000266956  0.000323306
4.10117  -0.000301101  0.000303513
4.1436  -0.000231359  0.000259322
4.18602  -9.75333e-05  0.000191737
4.22842  5.07068e-05  0.000106892
4.2708  0.000186723  1.37853e-05
4.31317  0.000322727  -7.70821e-05
4.35552  0.000495592  -0.000154665
4.39785  0.000730858  -0.000209314
4.44017  0.00100984  -0.000235998
4.48247  0.00126381  -0.000237134
4.52475  0.00140063  -0.000222496
4.56701  0.00134666  -0.000205079
4.60926  0.00107748  -0.000194531
4.65149  0.000621528  -0.000191728
4.6937  4.14534e-05  -0.00018773
4.7359  -0.000588436  -0.000168149
4.77807  -0.00119416  -0.000121088
4.82023  -0.00170437  -4.49392e-05
4.86237  -0.00205497  4.79038e-05
4.90448  -0.00220473  0.000133905
4.94658  -0.00215576  0.000187341
4.98867  -0.00196259  0.000191675
5.03073  -0.00171717  0.000147832
5.07277  -0.00151376  7.49149e-05
5.11479  -0.00141228  2.75161e-06
5.1568  -0.00142038  -3.99712e-05
5.19878  -0.00150195  -3.60759e-05
5.24074  -0.00160376  1.57519e-05
5.28269  -0.00168271  0.000103497
5.32461  -0.00171985  0.000208776
5.36651  -0.00171775  0.000314474
5.40839  -0.00168843  0.000409957
5.45025  -0.00164251  0.000492287
5.49209  -0.00158591  0.000563465
5.53391  -0.00152235  0.000625424
5.57571  -0.00145489  0.00067574
5.61749  -0.00138134  0.000706926
5.65924  -0.00128684  0.000710053
5.70097  -0.00114285  0.000680315
5.74268  -0.0009191  0.0006205
5.78437  -0.000604113  0.000539867
5.82604  -0.000219507  0.000449548
5.86768  0.000185333  0.000358199
5.9093  0.000557209  0.000270751
5.9509  0.000864357  0.000189716
5.99247  0.00110206  0.000115916
6.03403  0.00127215  4.63965e-05
6.07556  0.0013523  -2.90666e-05
6.11706  0.00128317  -0.00012848
6.15854  0.000991444  -0.000271547
6.2  0.000440652  -0.000467775
6.24143  -0.000322909  -0.0007045
6.28284  -0.00116392  -0.000942454
6.32423  -0.00190316  -0.00112369
6.36559  -0.00239126  -0.00119068
6.40693  -0.00256824  -0.00110924
6.44824  -0.00247421  -0.000885074
6.48953  -0.00220964  -0.000565761
6.53079  -0.00187552  -0.000226441
6.57203  -0.00153322  5.51809e-05
6.61324  -0.00120417  0.000223962
6.65443  -0.000898196  0.000262504
6.69559  -0.0006404  0.000191585
6.73672  -0.000472747  5.79529e-05
6.77783  -0.000430744  -8.35139e-05
6.81891  -0.000516371  -0.000185763
6.85997  -0.000690813  -0.000219132
6.901  -0.000894025  -0.000174221
6.942  -0.00107716  -6.0495e-05
6.98298  -0.00122446  9.68101e-05
7.02393  -0.00134972  0.000260755
7.06485  -0.00147093  0.000388995
7.10575  -0.00158193  0.000443819
7.14661  -0.00164047  0.000405103
7.18745  -0.00158059  0.000281558
7.22827  -0.0013425  0.000113229
7.26905  -0.000905406  -3.98342e-05
7.30981  -0.000310689  -0.000121057
7.35054  0.00033272  -0.000103027
7.39124  0.000865212  -1.58625e-06
7.43191  0.00111709  0.000130931
7.47255  0.000966286  0.000231098
7.51317  0.000393548  0.000254913
7.55375  -0.000493048  0.000196678
7.59431  -0.00148516  8.68257e-05
7.63484  -0.00234834  -2.79536e-05
7.67533  -0.00291026  -0.00010958
7.7158  -0.00311858  -0.000145334
7.75624  -0.00304046  -0.00015037
7.79665  -0.0028095  -0.000157886
7.83703  -0.00255431  -0.000203049
7.87737  -0.00234702  -0.000306911
7.91769  -0.00219059  -0.000465564
7.95798  -0.00203813  -0.000648908
7.99823  -0.00182341  -0.000811053
8.03846  -0.00148582  -0.000909291
8.07865  -0.000985966  -0.000922948
8.11882  -0.000316456  -0.000862241
8.15895  0.000488874  -0.000762894
8.19905  0.00135018  -0.000671076
8.23912  0.00214747  -0.000628215
8.27916  0.00274043  -0.000662511
8.31916  0.00299965  -0.000786691
8.35914  0.00284235  -0.000996967
8.39908  0.00226269  -0.00127036
8.43899  0.00134561  -0.00156356
8.47886  0.000253944  -0.00181968
8.51871  -0.000813585  -0.00198509
8.55852  -0.0016825  -0.00203059
8.59829  -0.00225637  -0.00196538
8.63804  -0.00253928  -0.00183487
8.67775  -0.00261696  -0.00170229
8.71743  -0.00260953  -0.00162349
8.75707  -0.00262301  -0.00162825
8.79668  -0.00272208  -0.00171671
8.83626  -0.00292846  -0.0018705
8.8758  -0.00323258  -0.00206963
8.91531  -0.00360363  -0.00230399
8.95478  -0.00399335  -0.00257303
8.99422  -0.00434017  -0.00287556
9.03363  -0.00458212  -0.00319799
9.073  -0.00467766  -0.0035107
9.11233  -0.00462393  -0.00377599
9.15163  -0.00446054  -0.00396393
9.1909  -0.00425527  -0.00406676
9.23012  -0.00407903  -0.00410332
9.26932  -0.00398287  -0.00411104
9.30848  -0.00398627  -0.00412985
9.3476  -0.00407894  -0.0041865
9.38668  -0.00423136  -0.00428672
9.42573  -0.00440803  -0.00441745
9.46475  -0.00457819  -0.0045563
9.50372  -0.00472198  -0.00468221
9.54266  -0.00483148  -0.00478244
9.58157  -0.0049081  -0.00485389
9.62043  -0.00495826  -0.00490036
9.65926  -0.00498941  -0.00492839
9.69805  -0.00500781  -0.0049443
9.73681  -0.00501799  -0.0049528
9.77552  -0.00502312  -0.00495703
9.8142  -0.00502545  -0.00495899
9.85285  -0.00502649  -0.00495994
9.89145  -0.00502716  -0.00496058
9.93001  -0.00502781  -0.00496121
9.96854  -0.0050285  -0.00496186
10.007  -0.00502915  -0.00496248
10.0455  -0.00502967  -0.00496298
10.0839  -0.00503004  -0.00496333
10.1223  -0.00503027  -0.00496356
10.1606  -0.00503043  -0.00496371
10.1989  -0.00503057  -0.00496385
10.2371  -0.00503071  -0.00496399
10.2754  -0.00503088  -0.00496414
10.3135  -0.00503103  -0.00496429
10.3517  -0.00503117  -0.00496442
10.3898  -0.00503127  -0.00496452
10.4278  -0.00503133  -0.00496458
10.4658  -0.00503137  -0.00496462
10.5038  -0.00503141  -0.00496466
10.5418  -0.00503146  -0.0049647
10.5796  -0.00503152  -0.00496476
10.6175  -0.00503157  -0.00496481
10.6553  -0.00503162  -0.00496486
10.6931  -0.00503165  -0.00496489
10.7308  -0.00503166  -0.0049649
10.7685  -0.00503166  -0.00496489
10.8062  -0.00503166  -0.00496489
10.8438  -0.00503166  -0.0049649
10.8813  -0.00503167  -0.00496491
10.9188  -0.00503169  -0.00496493
10.9563  -0.00503169  -0.00496493
10.9938  -0.00503168  -0.00496492
11.0312  -0.00503165  -0.00496489
11.0685  -0.00503161  -0.00496485
11.1058  -0.00503157  -0.00496481
11.1431  -0.00503153  -0.00496478
11.1803  -0.00503151  -0.00496475
11.2175  -0.00503148  -0.00496472
11.2546  -0.00503144  -0.00496468
11.2917  -0.00503136  -0.00496461
11.3288  -0.00503125  -0.00496451
11.3658  -0.00503112  -0.00496438
11.4028  -0.00503098  -0.00496425
11.4397  -0.00503086  -0.00496413
11.4765  -0.00503075  -0.00496402
11.5134  -0.00503062  -0.0049639
11.5502  -0.00503043  -0.00496371
11.5869  -0.00503013  -0.00496342
11.6236  -0.00502968  -0.00496299
11.6603  -0.00502911  -0.00496246
11.6969  -0.00502851  -0.00496188
11.7334  -0.00502793  -0.00496132
11.7699  -0.00502735  -0.00496076
11.8064  -0.00502655  -0.00495995
11.8428  -0.00502494  -0.00495823
11.8792  -0.00502123  -0.00495433
11.9156  -0.00501303  -0.00494641
11.9519  -0.00499698  -0.00493251
11.9881  -0.00496984  -0.00491158
12.0243  -0.00493054  -0.00488463
12.0604  -0.00488201  -0.00485522
12.0965  -0.00483082  -0.00482819
12.1326  -0.00478378  -0.00480657
12.1686  -0.00474277  -0.00478769
12.2046  -0.00470121  -0.00476092
12.2405  -0.00464452  -0.00470934
12.2764  -0.00455431  -0.00461597
12.3122  -0.00441335  -0.00447246
12.348  -0.00420919  -0.00428605
12.3837  -0.00393743  -0.00408048
12.4194  -0.00360706  -0.00388894
12.455  -0.00324719  -0.00374159
12.4906  -0.00290925  -0.00365303
12.5261  -0.00265769  -0.00361649
12.5616  -0.00254856  -0.00360836
12.597  -0.00260566  -0.00360138
12.6324  -0.00280861  -0.0035796
12.6678  -0.00310063  -0.00354644
12.7031  -0.00340993  -0.00352043
12.7383  -0.00366935  -0.00352003
12.7735  -0.00382298  -0.00354552
12.8087  -0.00382244  -0.00356888
12.8438  -0.00362784  -0.00353866
12.8788  -0.00322577  -0.00339994
12.9138  -0.00265991  -0.0031206
12.9487  -0.00205146  -0.0027119
12.9836  -0.0015836  -0.00223242
13.0185  -0.00144287  -0.00177238
13.0533  -0.00173966  -0.00142376
13.088  -0.00244967  -0.00124879
13.1227  -0.00341049  -0.0012598
13.1574  -0.00437724  -0.00141835
13.192  -0.00510702  -0.00165291
13.2265  -0.00542905  -0.00188567
13.261  -0.00527292  -0.00205587
13.2954  -0.0046572  -0.00212974
13.3298  -0.00366258  -0.00209572
13.3642  -0.00241108  -0.00195242
13.3985  -0.00105511  -0.00170103
13.4327  0.000235791  -0.00134924
13.4669  0.00130156  -0.000923593
13.501  0.00202779  -0.000477983
13.5351  0.00237488  -8.64367e-05
13.5691  0.00238382  0.00018126
13.6031  0.00215646  0.000288438
13.637  0.00182182  0.000246152
13.6709  0.00150498  0.00010255
13.7047  0.00130762  -8.69191e-05
13.7385  0.00129863  -0.000288787
13.7722  0.0015068  -0.000501334
13.8058  0.0019099  -0.000740511
13.8395  0.0024232  -0.00101508
13.873  0.00289854  -0.00131067
13.9065  0.003147  -0.00159365
13.9399  0.00298916  -0.00182988
13.9733  0.00232035  -0.00200229
14.0067  0.00116346  -0.00211454
14.04  -0.000319841  -0.00217968
14.0732  -0.00187102  -0.00220433
14.1064  -0.00321386  -0.0021806
14.1395  -0.00413434  -0.00209128
14.1726  -0.00452663  -0.00192402
14.2056  -0.00439323  -0.00168481
14.2385  -0.0038147  -0.00140115
14.2714  -0.00291564  -0.00111117
14.3043  -0.00184365  -0.000842332
14.3371  -0.000757628  -0.000591603
14.3698  0.000189301  -0.00032163
14.4025  0.000879816  1.88621e-05
14.4351  0.00126542  0.000456883
14.4677  0.00138042  0.000960523
14.5002  0.0013205  0.00143197
14.5327  0.00119038  0.0017382
14.5651  0.0010468  0.00176623
14.5974  0.000871268  0.00147431
14.6297  0.000593662  0.000913334
14.6619  0.000158199  0.000210912
14.6941  -0.000406529  -0.000470161
14.7262  -0.000961561  -0.000979869
14.7583  -0.00130221  -0.00122016
14.7903  -0.00125583  -0.00116756
14.8222  -0.000776445  -0.000875293
14.8541  2.36077e-05  -0.000452578
14.886  0.000927146  -2.48558e-05
14.9177  0.00171843  0.000311578
14.9495  0.00227814  0.000520029
14.9811  0.00261555  0.000623975
15.0127  0.00283027  0.000679494
15.0443  0.00303747  0.000738053
15.0758  0.00330189  0.000822071
15.1072  0.00360883  0.000924341
15.1386  0.00387447  0.00102537
15.1699  0.00398166  0.00111293
15.2011  0.00382473  0.00119077
15.2323  0.00334966  0.00127359
15.2635  0.00257844  0.00137425
15.2946  0.00160881  0.00149185
15.3256  0.000586993  0.00160682
15.3565  -0.000338257  0.00168525
15.3874  -0.0010632  0.00169079
15.4183  -0.00155873  0.00159878
15.4491  -0.0018698  0.00140605
15.4798  -0.0020846  0.00113161
15.5105  -0.00228648  0.000808762
15.5411  -0.0025083  0.000474156
15.5716  -0.00270922  0.000159825
15.6021  -0.00278607  -0.000110472
15.6325  -0.00261817  -0.000323559
15.6629  -0.00212927  -0.000480442
15.6932  -0.00133817  -0.000598753
15.7234  -0.000369864  -0.000708035
15.7536  0.000584625  -0.000835167
15.7837  0.00134388  -0.000985968
15.8138  0.00180898  -0.00113535
15.8438  0.00199472  -0.00123514
15.8737  0.00200397  -0.00123722
15.9036  0.0019632  -0.00111861
15.9334  0.00195785  -0.000893544
15.9632  0.00200192  -0.00060671
15.9929  0.00205213  -0.000314109
16.0225  0.0020514  -6.39052e-05
16.0521  0.00197245  0.000113421
16.0816  0.00183699  0.000204854
16.111  0.00170162  0.000210111
16.1404  0.00162162  0.000138337
16.1697  0.00161546  8.14723e-06
16.199  0.00165213  -0.000151145
16.2282  0.00166856  -0.000300651
16.2573  0.00160577  -0.000397547
16.2864  0.00144133  -0.000404921
16.3154  0.00120038  -0.000303186
16.3444  0.00094284  -9.86562e-05
16.3733  0.000738591  0.000175394
16.4021  0.000645423  0.000467609
16.4308  0.000696898  0.000724935
16.4595  0.000898233  0.000909086
16.4882  0.00122517  0.00100457
16.5167  0.00162421  0.00101453
16.5452  0.00201659  0.00094885
16.5737  0.00230866  0.000814299
16.602  0.00240826  0.000614445
16.6303  0.00224321  0.000358825
16.6586  0.00177745  7.25423e-05
16.6868  0.00102043  -0.00020378
16.7149  2.72955e-05  -0.000426715
16.743  -0.00111064  -0.000568453
16.7709  -0.00228153  -0.000628529
16.7989  -0.00336894  -0.000629999
16.8267  -0.00426332  -0.000601491
16.8545  -0.00487026  -0.000556732
16.8823  -0.0051219  -0.000486072
16.9099  -0.00499624  -0.000367665
16.9375  -0.00453959  -0.000192829
16.9651  -0.00387637  1.11028e-05
16.9925  -0.00318948  0.000178428
17.0199  -0.00266787  0.000230051
17.0473  -0.00243901  0.000114987
17.0745  -0.00251856  -0.000155247
17.1017  -0.00280472  -0.000501463
17.1289  -0.00312215  -0.000806881
17.156  -0.00329437  -0.000967653
17.183  -0.00321009  -0.000937194
17.2099  -0.00285615  -0.000742178
17.2368  -0.00230978  -0.000465207
17.2636  -0.00170105  -0.000206919
17.2903  -0.00116397  -4.80984e-05
17.317  -0.000792755  -2.74402e-05
17.3436  -0.000615021  -0.000139038
17.3702  -0.000589686  -0.000343893
17.3966  -0.000631153  -0.000586483
17.423  -0.000650579  -0.000809805
17.4494  -0.000594199  -0.00096646
17.4757  -0.000457836  -0.00102612
17.5019  -0.000270738  -0.000980333
17.528  -6.28376e-05  -0.00084478
17.5541  0.000158769  -0.000657662
17.5801  0.000406269  -0.000472391
17.606  0.00068495  -0.000343908
17.6319  0.00096748  -0.000311349
17.6577  0.00119184  -0.000383642
17.6834  0.00128763  -0.000535678
17.7091  0.00121355  -0.000718761
17.7347  0.000980626  -0.000881485
17.7602  0.000646103  -0.00099069
17.7857  0.000283664  -0.00104154
17.8111  -4.99859e-05  -0.00105187
17.8364  -0.000332409  -0.00104499
17.8616  -0.000570214  -0.00103168
17.8868  -0.000779885  -0.00100184
17.9119  -0.000969793  -0.000930628
17.937  -0.0011339  -0.000795407
17.962  -0.00125745  -0.000593542
17.9869  -0.00132711  -0.000350162
18.0117  -0.0013376  -0.000110262
18.0365  -0.00129161  8.13363e-05
18.0612  -0.00119594  0.000201011
18.0858  -0.00105809  0.000256024
18.1104  -0.000886039  0.000277273
18.1349  -0.000690198  0.000299974
18.1593  -0.00048549  0.00034426
18.1836  -0.000292103  0.000406737
18.2079  -0.000134319  0.000466178
18.2321  -3.68976e-05  0.000497745
18.2563  -1.85367e-05  0.000486272
18.2803  -8.36177e-05  0.000431815
18.3043  -0.000216273  0.000346726
18.3283  -0.00038183  0.00024832
18.3521  -0.000537433  0.000152162
18.3759  -0.000647493  6.86654e-05
18.3996  -0.000695486  2.82498e-06
18.4233  -0.000685484  -4.46324e-05
18.4468  -0.000633699  -7.60299e-05
18.4703  -0.000556921  -9.57216e-05
18.4938  -0.000465681  -0.000108886
18.5171  -0.000365146  -0.000119978
18.5404  -0.000260409  -0.000131311
18.5636  -0.000160305  -0.000142517
18.5868  -7.6341e-05  -0.000151275
18.6099  -1.80592e-05  -0.00015495
18.6329  1.11004e-05  -0.000152238
18.6558  1.43375e-05  -0.000143941
18.6786  -1.43524e-06  -0.000132519
18.7014  -2.92882e-05  -0.000120783
18.7241  -6.40407e-05  -0.000110532
18.7468  -0.000101484  -0.000101886
18.7694  -0.000136643  -9.36164e-05
18.7919  -0.000163224  -8.41428e-05
18.8143  -0.00017516  -7.25579e-05
18.8366  -0.000169254  -5.91168e-05
18.8589  -0.000147019  -4.50367e-05
18.8811  -0.000114327  -3.18643e-05
18.9033  -7.90506e-05  -2.0836e-05
18.9253  -4.80763e-05  -1.25337e-05
18.9473  -2.52688e-05  -6.89377e-06
18.9692  -1.11351e-05  -3.43493e-06
18.9911  -3.87653e-06  -1.52832e-06
19.0128  -9.13735e-07  -5.94267e-07
19.0345  -4.99876e-08  -1.95967e-07
19.0562  6.41899e-08  -5.30715e-08
19.0777  2.66162e-08  -1.21158e-08
19.0992  2.11593e-09  -3.30809e-09
19.1206  -2.88809e-09  -1.77158e-09
19.1419  -3.48562e-09  -1.29407e-09
19.1632  -3.73538e-09  -9.934e-10
19.1843  -2.85772e-09  -7.60169e-10
19.2055  -1.34278e-09  -5.39471e-10
19.2265  -3.69138e-10  -3.68894e-10
19.2474  -1.66393e-10  -2.89917e-10
19.2683  -2.49918e-10  -2.72503e-10
19.2891  -2.9226e-10  -2.62549e-10
19.3099  -2.95456e-10  -2.42329e-10
19.3305  -3.03039e-10  -2.22503e-10
19.3511  -2.85999e-10  -2.08648e-10
19.3716  -2.3383e-10  -1.963e-10
19.3921  -1.86265e-10  -1.84041e-10
19.4124  -1.69775e-10  -1.75239e-10
19.4327  -1.70124e-10  -1.70312e-10
19.4529  -1.68149e-10  -1.65747e-10
19.4731  -1.6349e-10  -1.59643e-10
19.4931  -1.60484e-10  -1.53311e-10
19.5131  -1.56009e-10  -1.47936e-10
19.533  -1.47363e-10  -1.43031e-10
19.5529  -1.38421e-10  -1.38121e-10
19.5726  -1.33084e-10  -1.33653e-10
19.5923  -1.30012e-10  -1.29873e-10
19.6119  -1.26561e-10  -1.26266e-10
19.6315  -1.22799e-10  -1.22423e-10
19.6509  -1.19608e-10  -1.1857e-10
19.6703  -1.16371e-10  -1.14999e-10
19.6896  -1.12384e-10  -1.11632e-10
19.7089  -1.08336e-10  -1.08342e-10
19.728  -1.05076e-10  -1.05214e-10
19.7471  -1.02334e-10  -1.02315e-10
19.7661  -9.95116e-11  -9.95137e-11
19.785  -9.66647e-11  -9.66862e-11
19.8039  -9.40505e-11  -9.38881e-11
19.8227  -9.15017e-11  -9.1216e-11
19.8414  -8.88044e-11  -8.86642e-11
19.86  -8.61441e-11  -8.61982e-11
19.8785  -8.37634e-11  -8.38386e-11
19.897  -8.15679e-11  -8.15954e-11
19.9154  -7.93636e-11  -7.94121e-11
19.9337  -7.71744e-11  -7.7237e-11
19.9519  -7.50938e-11  -7.50892e-11
19.9701  -7.30696e-11  -7.30129e-11
19.9882  -7.1033e-11  -7.10195e-11
20.0062  -6.90546e-11  -6.91042e-11
20.0241  -6.7219e-11  -6.72718e-11
20.042  -6.54787e-11  -6.55143e-11
20.0598  -6.37493e-11  -6.37958e-11
20.0774  -6.2036e-11  -6.20875e-11
20.0951  -6.03777e-11  -6.03979e-11
20.1126  -5.87594e-11  -5.87541e-11
20.1301  -5.7162e-11  -5.71726e-11
20.1475  -5.56221e-11  -5.56584e-11
20.1648  -5.41742e-11  -5.42118e-11
20.182  -5.27886e-11  -5.28194e-11
20.1992  -5.1418e-11  -5.14536e-11
20.2162  -5.00587e-11  -5.0094e-11
20.2332  -4.87282e-11  -4.87455e-11
20.2502  -4.74251e-11  -4.74285e-11
20.267  -4.61495e-11  -4.61603e-11
20.2838  -4.49253e-11  -4.49493e-11
20.3005  -4.37684e-11  -4.37945e-11
20.3171  -4.26579e-11  -4.26813e-11
20.3336  -4.15616e-11  -4.15865e-11
20.3501  -4.0472e-11  -4.0494e-11
20.3664  -3.9397e-11  -3.94071e-11
20.3827  -3.83408e-11  -3.83425e-11
20.3989  -3.73109e-11  -3.73171e-11
20.4151  -3.63256e-11  -3.63405e-11
20.4311  -3.53934e-11  -3.5411e-11
20.4471  -3.44978e-11  -3.45146e-11
20.463  -3.36145e-11  -3.36309e-11
20.4788  -3.2734e-11  -3.27465e-11
20.4946  -3.186e-11  -3.18638e-11
20.5103  -3.09989e-11  -3.09973e-11
20.5258  -3.01611e-11  -3.01629e-11
20.5413  -2.93616e-11  -2.93701e-11
20.5568  -2.86056e-11  -2.86172e-11
20.5721  -2.78796e-11  -2.78911e-11
20.5874  -2.71637e-11  -2.71739e-11
20.6026  -2.64479e-11  -2.64538e-11
20.6177  -2.57336e-11  -2.57328e-11
20.6327  -2.5028e-11  -2.50236e-11
20.6477  -2.43425e-11  -2.43411e-11
20.6625  -2.369e-11  -2.36943e-11
20.6773  -2.3074e-11  -2.30815e-11
20.6921  -2.24831e-11  -2.24908e-11
20.7067  -2.19002e-11  -2.19061e-11
20.7212  -2.13155e-11  -2.13171e-11
20.7357  -2.07293e-11  -2.07255e-11
20.7501  -2.01488e-11  -2.01426e-11
20.7644  -1.95854e-11  -1.9582e-11
20.7786  -1.90506e-11  -1.90522e-11
20.7928  -1.85469e-11  -1.85517e-11
20.8069  -1.80644e-11  -1.80695e-11
20.8209  -1.75882e-11  -1.75913e-11
20.8348  -1.7109e-11  -1.71079e-11
20.8486  -1.66264e-11  -1.66208e-11
20.8624  -1.61472e-11  -1.614e-11
20.876  -1.56825e-11  -1.56782e-11
20.8896  -1.52428e-11  -1.52429e-11
20.9031  -1.48299e-11  -1.4833e-11
20.9166  -1.44352e-11  -1.44385e-11
20.9299  -1.40453e-11  -1.40466e-11
20.9432  -1.36516e-11  -1.36489e-11
20.9564  -1.32532e-11  -1.32467e-11
20.9695  -1.28567e-11  -1.28493e-11
20.9825  -1.24726e-11  -1.24679e-11
20.9954  -1.21102e-11  -1.21096e-11
21.0083  -1.17712e-11  -1.17734e-11
21.0211  -1.1448e-11  -1.14503e-11
21.0338  -1.11285e-11  -1.11286e-11
21.0464  -1.08045e-11  -1.0801e-11
21.0589  -1.04752e-11  -1.04685e-11
21.0714  -1.01466e-11  -1.01393e-11
21.0838  -9.82856e-12  -9.82389e-12
21.0961  -9.52954e-12  -9.52872e-12
21.1083  -9.25112e-12  -9.25281e-12
21.1204  -8.98638e-12  -8.98809e-12
21.1325  -8.72455e-12  -8.72406e-12
21.1444  -8.4579e-12  -8.45402e-12
21.1563  -8.18549e-12  -8.17886e-12
21.1681  -7.91293e-12  -7.90607e-12
21.1799  -7.64936e-12  -7.64505e-12
21.1915  -7.40256e-12  -7.40181e-12
21.2031  -7.17398e-12  -7.17549e-12
21.2146  -6.9574e-12  -6.95882e-12
21.226  -6.74306e-12  -6.74229e-12
21.2373  -6.52375e-12  -6.51983e-12
21.2485  -6.29848e-12  -6.2922e-12
21.2597  -6.07239e-12  -6.06613e-12
21.2707  -5.85398e-12  -5.8502e-12
21.2817  -5.6504e-12  -5.64991e-12
21.2926  -5.46302e-12  -5.46457e-12
21.3034  -5.28627e-12  -5.28759e-12
21.3142  -5.11123e-12  -5.1104e-12
21.3249  -4.93119e-12  -4.92744e-12
21.3354  -4.74513e-12  -4.73934e-12
21.3459  -4.55776e-12  -4.55217e-12
21.3563  -4.37693e-12  -4.37376e-12
21.3667  -4.20926e-12  -4.20915e-12
21.3769  -4.05608e-12  -4.05777e-12
21.3871  -3.91238e-12  -3.91373e-12
21.3972  -3.76999e-12  -3.76922e-12
21.4072  -3.62266e-12  -3.61918e-12
21.4171  -3.46934e-12  -3.4641e-12
21.4269  -3.31434e-12  -3.30946e-12
21.4367  -3.16489e-12  -3.16236e-12
21.4464  -3.02717e-12  -3.02747e-12
21.4559  -2.90246e-12  -2.90435e-12
21.4654  -2.78625e-12  -2.78771e-12
21.4749  -2.67108e-12  -2.67046e-12
21.4842  -2.55109e-12  -2.54794e-12
21.4935  -2.42521e-12  -2.42053e-12
21.5026  -2.29734e-12  -2.29315e-12
21.5117  -2.17418e-12  -2.17227e-12
21.5207  -2.06147e-12  -2.0622e-12
21.5297  -1.96052e-12  -1.96264e-12
21.5385  -1.86726e-12  -1.86884e-12
21.5473  -1.77482e-12  -1.77437e-12
21.5559  -1.67775e-12  -1.67493e-12
21.5645  -1.5749e-12  -1.57077e-12
21.5731  -1.46984e-12  -1.4663e-12
21.5815  -1.36874e-12  -1.36741e-12
21.5898  -1.27698e-12  -1.27811e-12
21.5981  -1.19588e-12  -1.19822e-12
21.6063  -1.12179e-12  -1.12351e-12
21.6144  -1.04839e-12  -1.04811e-12
21.6224  -9.7054e-13  -9.68054e-13
21.6303  -8.87083e-13  -8.83462e-13
21.6381  -8.01217e-13  -7.98275e-13
21.6459  -7.18654e-13  -7.17858e-13
21.6536  -6.44442e-13  -6.45937e-13
21.6612  -5.79937e-13  -5.82485e-13
21.6687  -5.21878e-13  -5.23712e-13
21.6761  -4.64424e-13  -4.64298e-13
21.6835  -4.02731e-13  -4.00543e-13
21.6907  -3.35602e-13  -3.32442e-13
21.6979  -2.65904e-13  -2.63499e-13
21.705  -1.98916e-13  -1.98598e-13
21.712  -1.39402e-13  -1.41224e-13
21.7189  -8.87656e-14  -9.14852e-14
21.7258  -4.40994e-14  -4.60254e-14
21.7325  0  0
21.7392  0  0
21.7458  0  0
21.7523  0  0
21.7587  0  0
21.765  0  0
21.7713  0  0
21.7775  0  0
21.7836  0  0
21.7896  0  0
21.7955  0  0
21.8013  0  0
21.8071  0  0
21.8127  0  0
21.8183  0  0
21.8238  0  0
21.8292  0  0
21.8345  0  0
21.8398  0  0
21.845  0  0
21.85  0  0
21.855  0  0
21.8599  0  0
21.8648  0  0
21.8695  0  0
21.8742  0  0
21.8787  0  0
21.8832  0  0
21.8876  0  0
21.8919  0  0
21.8962  0  0
21.9003  0  0
21.9044  0  0
21.9084  0  0
21.9123  0  0
21.9161  0  0
21.9198  0  0
21.9234  0  0
21.927  0  0
21.9305  0  0
21.9339  0  0
21.9372  0  0
21.9404  0  0
21.9435  0  0
21.9466  0  0
21.9495  0  0
21.9524  0  0
21.9552  0  0
21.9579  0  0
21.9606  0  0
21.9631  0  0
21.9656  0  0
21.9679  0  0
21.9702  0  0
21.9724  0  0
21.9745  0  0
21.9766  0  0
21.9785  0  0
21.9804  0  0
21.9822  0  0
21.9839  0  0
21.9855  0  0
21.987  0  0
21.9885  0  0
21.9898  0  0
21.9911  0  0
21.9923  0  0
21.9934  0  0
21.9944  0  0
21.9953  0  0
21.9962  0  0
21.9969  0  0
21.9976  0  0
21.9982  0  0
21.9987  0  0
21.9991  0  0
21.9995  0  0
21.9997  0  0
21.9999  0  0
22  0  0
