-22  -1.50327e-12  -7.02208e-12
-21.9999  -1.46854e-12  -1.07245e-12
-21.9997  -1.46709e-12  -8.91849e-13
-21.9995  -1.46658e-12  -8.46342e-13
-21.9991  -1.46642e-12  -8.30837e-13
-21.9987  -1.46638e-12  -8.25026e-13
-21.9982  -1.4663e-12  -8.21464e-13
-21.9976  -1.46623e-12  -8.19225e-13
-21.9969  -1.46619e-12  -8.18696e-13
-21.9962  -1.46618e-12  -8.18762e-13
-21.9953  -1.46618e-12  -8.18128e-13
-21.9944  -1.46618e-12  -8.16966e-13
-21.9934  -1.4662e-12  -8.16179e-13
-21.9923  -1.46621e-12  -8.16081e-13
-21.9911  -1.4662e-12  -8.16515e-13
-21.9898  -1.46618e-12  -8.17474e-13
-21.9885  -1.46615e-12  -8.18888e-13
-21.987  -1.46614e-12  -8.20253e-13
-21.9855  -1.46613e-12  -8.21069e-13
-21.9839  -1.46614e-12  -8.21449e-13
-21.9822  -1.46616e-12  -8.21954e-13
-21.9804  -1.46617e-12  -8.22998e-13
-21.9785  -1.46616e-12  -8.24693e-13
-21.9766  -1.46614e-12  -8.26996e-13
-21.9745  -1.46612e-12  -8.2967e-13
-21.9724  -1.4661e-12  -8.32247e-13
-21.9702  -1.46609e-12  -8.34372e-13
-21.9679  -1.4661e-12  -8.36163e-13
-21.9656  -1.46611e-12  -8.38099e-13
-21.9631  -1.46612e-12  -8.40621e-13
-21.9606  -1.46611e-12  -8.43905e-13
-21.9579  -1.46608e-12  -8.47879e-13
-21.9552  -1.46606e-12  -8.52224e-13
-21.9524  -1.46603e-12  -8.5648e-13
-21.9495  -1.46602e-12  -8.60345e-13
-21.9466  -1.46602e-12  -8.63951e-13
-21.9435  -1.46603e-12  -8.67775e-13
-21.9404  -1.46603e-12  -8.72271e-13
-21.9372  -1.46602e-12  -8.77642e-13
-21.9339  -1.46599e-12  -8.83784e-13
-21.9305  -1.46596e-12  -8.90329e-13
-21.927  -1.46593e-12  -8.968e-13
-21.9234  -1.46591e-12  -9.02929e-13
-21.9198  -1.46591e-12  -9.08875e-13
-21.9161  -1.46591e-12  -9.15122e-13
-21.9123  -1.46591e-12  -9.22151e-13
-21.9084  -1.46589e-12  -9.30178e-13
-21.9044  -1.46586e-12  -9.39066e-13
-21.9003  -1.46582e-12  -9.48401e-13
-21.8962  -1.46578e-12  -9.5769e-13
-21.8919  -1.46576e-12  -9.66681e-13
-21.8876  -1.46574e-12  -9.7556e-13
-21.8832  -1.46574e-12  -9.84842e-13
-21.8787  -1.46573e-12  -9.95032e-13
-21.8742  -1.4657e-12  -1.00635e-12
-21.8695  -1.46567e-12  -1.01864e-12
-21.8648  -1.46562e-12  -1.03144e-12
-21.8599  -1.46557e-12  -1.04421e-12
-21.855  -1.46554e-12  -1.05674e-12
-21.85  -1.46552e-12  -1.06923e-12
-21.845  -1.4655e-12  -1.08224e-12
-21.8398  -1.46548e-12  -1.0963e-12
-21.8345  -1.46545e-12  -1.11165e-12
-21.8292  -1.4654e-12  -1.12808e-12
-21.8238  -1.46535e-12  -1.14509e-12
-21.8183  -1.46529e-12  -1.16213e-12
-21.8127  -1.46525e-12  -1.17896e-12
-21.8071  -1.46522e-12  -1.19585e-12
-21.8013  -1.46519e-12  -1.21337e-12
-21.7955  -1.46517e-12  -1.23212e-12
-21.7896  -1.46513e-12  -1.25232e-12
-21.7836  -1.46507e-12  -1.27376e-12
-21.7775  -1.465e-12  -1.29586e-12
-21.7713  -1.46493e-12  -1.31804e-12
-21.765  -1.46488e-12  -1.34007e-12
-21.7587  -1.46484e-12  -1.36224e-12
-21.7523  -1.4648e-12  -1.3852e-12
-21.7458  -1.46476e-12  -1.40958e-12
-21.7392  -1.46471e-12  -1.43561e-12
-21.7325  -1.46464e-12  -1.46304e-12
-21.7258  -1.46456e-12  -1.49125e-12
-21.7189  -1.46448e-12  -1.5196e-12
-21.712  -1.46441e-12  -1.54787e-12
-21.705  -1.46436e-12  -1.57638e-12
-21.6979  -1.46432e-12  -1.60584e-12
-21.6907  -1.46426e-12  -1.63695e-12
-21.6835  -1.4642e-12  -1.66995e-12
-21.6761  -1.46412e-12  -1.70455e-12
-21.6687  -1.46402e-12  -1.74005e-12
-21.6612  -1.46393e-12  -1.77577e-12
-21.6536  -1.46385e-12  -1.81149e-12
-21.6459  -1.46378e-12  -1.84758e-12
-21.6381  -1.46372e-12  -1.88481e-12
-21.6303  -1.46366e-12  -1.92395e-12
-21.6224  -1.46358e-12  -1.96525e-12
-21.6144  -1.46348e-12  -2.00839e-12
-21.6063  -1.46337e-12  -2.05259e-12
-21.5981  -1.46326e-12  -2.09712e-12
-21.5898  -1.46316e-12  -2.14173e-12
-21.5815  -1.46308e-12  -2.18685e-12
-21.5731  -1.463e-12  -2.23336e-12
-21.5645  -1.46292e-12  -2.28207e-12
-21.5559  -1.46283e-12  -2.33327e-12
-21.5473  -1.46272e-12  -2.38659e-12
-21.5385  -1.46259e-12  -2.44116e-12
-21.5297  -1.46246e-12  -2.49619e-12
-21.5207  -1.46235e-12  -2.55142e-12
-21.5117  -1.46224e-12  -2.60733e-12
-21.5026  -1.46215e-12  -2.66489e-12
-21.4935  -1.46206e-12  -2.72502e-12
-21.4842  -1.46195e-12  -2.78802e-12
-21.4749  -1.46182e-12  -2.85347e-12
-21.4654  -1.46167e-12  -2.92043e-12
-21.4559  -1.46153e-12  -2.98799e-12
-21.4464  -1.46139e-12  -3.0559e-12
-21.4367  -1.46127e-12  -3.1247e-12
-21.4269  -1.46116e-12  -3.19548e-12
-21.4171  -1.46104e-12  -3.26924e-12
-21.4072  -1.46091e-12  -3.34635e-12
-21.3972  -1.46076e-12  -3.4263e-12
-21.3871  -1.4606e-12  -3.50804e-12
-21.3769  -1.46043e-12  -3.59061e-12
-21.3667  -1.46027e-12  -3.67369e-12
-21.3563  -1.46013e-12  -3.75793e-12
-21.3459  -1.46e-12  -3.84453e-12
-21.3354  -1.45986e-12  -3.93462e-12
-21.3249  -1.45971e-12  -4.0286e-12
-21.3142  -1.45954e-12  -4.12591e-12
-21.3034  -1.45935e-12  -4.22539e-12
-21.2926  -1.45916e-12  -4.32594e-12
-21.2817  -1.45898e-12  -4.42724e-12
-21.2707  -1.45881e-12  -4.53001e-12
-21.2597  -1.45866e-12  -4.63561e-12
-21.2485  -1.4585e-12  -4.7453e-12
-21.2373  -1.45833e-12  -4.85955e-12
-21.226  -1.45813e-12  -4.97773e-12
-21.2146  -1.45792e-12  -5.09852e-12
-21.2031  -1.4577e-12  -5.22071e-12
-21.1915  -1.45749e-12  -5.34395e-12
-21.1799  -1.4573e-12  -5.46904e-12
-21.1681  -1.45713e-12  -5.59753e-12
-21.1563  -1.45694e-12  -5.73086e-12
-21.1444  -1.45675e-12  -5.86954e-12
-21.1325  -1.45652e-12  -6.01288e-12
-21.1204  -1.45628e-12  -6.1594e-12
-21.1083  -1.45604e-12  -6.30773e-12
-21.0961  -1.4558e-12  -6.45749e-12
-21.0838  -1.45559e-12  -6.60959e-12
-21.0714  -1.45538e-12  -6.76579e-12
-21.0589  -1.45517e-12  -6.92774e-12
-21.0464  -1.45494e-12  -7.09601e-12
-21.0338  -1.45469e-12  -7.26983e-12
-21.0211  -1.45442e-12  -7.44754e-12
-21.0083  -1.45415e-12  -7.62759e-12
-20.9954  -1.45388e-12  -7.80957e-12
-20.9825  -1.45363e-12  -7.99451e-12
-20.9695  -1.4534e-12  -8.18442e-12
-20.9564  -1.45316e-12  -8.38117e-12
-20.9432  -1.4529e-12  -8.58546e-12
-20.9299  -1.45262e-12  -8.79641e-12
-20.9166  -1.45232e-12  -9.01214e-12
-20.9031  -1.45201e-12  -9.2309e-12
-20.8896  -1.45171e-12  -9.45222e-12
-20.876  -1.45143e-12  -9.67731e-12
-20.8624  -1.45116e-12  -9.90845e-12
-20.8486  -1.45089e-12  -1.01478e-11
-20.8348  -1.4506e-12  -1.03962e-11
-20.8209  -1.45029e-12  -1.06526e-11
-20.8069  -1.44995e-12  -1.0915e-11
-20.7928  -1.44961e-12  -1.11813e-11
-20.7786  -1.44927e-12  -1.14509e-11
-20.7644  -1.44896e-12  -1.17254e-11
-20.7501  -1.44865e-12  -1.20073e-11
-20.7357  -1.44835e-12  -1.22992e-11
-20.7212  -1.44802e-12  -1.26019e-11
-20.7067  -1.44767e-12  -1.29145e-11
-20.6921  -1.44729e-12  -1.32344e-11
-20.6773  -1.44691e-12  -1.35594e-11
-20.6625  -1.44653e-12  -1.3889e-11
-20.6477  -1.44618e-12  -1.42247e-11
-20.6327  -1.44584e-12  -1.45695e-11
-20.6177  -1.4455e-12  -1.49265e-11
-20.6026  -1.44513e-12  -1.52968e-11
-20.5874  -1.44474e-12  -1.56791e-11
-20.5721  -1.44432e-12  -1.60706e-11
-20.5568  -1.44389e-12  -1.64689e-11
-20.5413  -1.44348e-12  -1.68732e-11
-20.5258  -1.44308e-12  -1.72854e-11
-20.5103  -1.4427e-12  -1.77091e-11
-20.4946  -1.44231e-12  -1.81476e-11
-20.4788  -1.44191e-12  -1.86025e-11
-20.463  -1.44147e-12  -1.90723e-11
-20.4471  -1.44101e-12  -1.95539e-11
-20.4311  -1.44054e-12  -2.00443e-11
-20.4151  -1.44007e-12  -2.05428e-11
-20.3989  -1.43963e-12  -2.10516e-11
-20.3827  -1.4392e-12  -2.15748e-11
-20.3664  -1.43877e-12  -2.21166e-11
-20.3501  -1.43832e-12  -2.26786e-11
-20.3336  -1.43783e-12  -2.32594e-11
-20.3171  -1.43732e-12  -2.38553e-11
-20.3005  -1.4368e-12  -2.4463e-11
-20.2838  -1.43629e-12  -2.50816e-11
-20.267  -1.4358e-12  -2.57137e-11
-20.2502  -1.43532e-12  -2.63643e-11
-20.2332  -1.43484e-12  -2.70383e-11
-20.2162  -1.43434e-12  -2.77378e-11
-20.1992  -1.4338e-12  -2.84611e-11
-20.182  -1.43323e-12  -2.92041e-11
-20.1648  -1.43266e-12  -2.9963e-11
-20.1475  -1.43209e-12  -3.07369e-11
-20.1301  -1.43155e-12  -3.15288e-11
-20.1126  -1.43102e-12  -3.23448e-11
-20.0951  -1.43048e-12  -3.31907e-11
-20.0774  -1.42992e-12  -3.40692e-11
-20.0598  -1.42933e-12  -3.49786e-11
-20.042  -1.42871e-12  -3.5914e-11
-20.0241  -1.42807e-12  -3.68713e-11
-20.0062  -1.42745e-12  -3.78494e-11
-19.9882  -1.42684e-12  -3.88521e-11
-19.9701  -1.42625e-12  -3.98867e-11
-19.9519  -1.42566e-12  -4.09604e-11
-19.9337  -1.42504e-12  -4.20767e-11
-19.9154  -1.42439e-12  -4.32339e-11
-19.897  -1.42371e-12  -4.44264e-11
-19.8785  -1.423e-12  -4.56495e-11
-19.86  -1.42231e-12  -4.69024e-11
-19.8414  -1.42165e-12  -4.81898e-11
-19.8227  -1.421e-12  -4.95204e-11
-19.8039  -1.42034e-12  -5.09038e-11
-19.785  -1.41966e-12  -5.23445e-11
-19.7661  -1.41894e-12  -5.38407e-11
-19.7471  -1.41819e-12  -5.53864e-11
-19.728  -1.41742e-12  -5.69767e-11
-19.7089  -1.41666e-12  -5.8611e-11
-19.6896  -1.41592e-12  -6.02951e-11
-19.6703  -1.4152e-12  -6.20406e-11
-19.6509  -1.41447e-12  -6.38598e-11
-19.6315  -1.41372e-12  -6.57596e-11
-19.6119  -1.41293e-12  -6.77382e-11
-19.5923  -1.4121e-12  -6.97896e-11
-19.5726  -1.41126e-12  -7.19092e-11
-19.5529  -1.41042e-12  -7.40974e-11
-19.533  -1.40961e-12  -7.63618e-11
-19.5131  -1.40881e-12  -7.87181e-11
-19.4931  -1.40802e-12  -8.11847e-11
-19.4731  -1.40719e-12  -8.37726e-11
-19.4529  -1.40632e-12  -8.64809e-11
-19.4327  -1.4054e-12  -8.93045e-11
-19.4124  -1.40448e-12  -9.22425e-11
-19.3921  -1.40356e-12  -9.52978e-11
-19.3716  -1.40266e-12  -9.84801e-11
-19.3511  -1.40179e-12  -1.01814e-10
-19.3305  -1.40091e-12  -1.05335e-10
-19.3099  -1.4e-12  -1.09064e-10
-19.2891  -1.39904e-12  -1.13004e-10
-19.2683  -1.39805e-12  -1.17157e-10
-19.2474  -1.39703e-12  -1.21542e-10
-19.2265  -1.39602e-12  -1.26169e-10
-19.2055  -1.39503e-12  -1.3104e-10
-19.1843  -1.39407e-12  -1.36207e-10
-19.1632  -1.39311e-12  -1.41788e-10
-19.1419  -1.39211e-12  -1.47861e-10
-19.1206  -1.39105e-12  -1.54438e-10
-19.0992  -1.38996e-12  -1.61661e-10
-19.0777  -1.38884e-12  -1.69863e-10
-19.0562  -1.38774e-12  -1.78859e-10
-19.0345  -1.38666e-12  -1.86499e-10
-19.0128  -1.3856e-12  -1.86814e-10
-18.9911  -1.38454e-12  -1.66349e-10
-18.9692  -1.38344e-12  -9.46652e-11
-18.9473  -1.38228e-12  9.37511e-11
-18.9253  -1.38108e-12  5.22357e-10
-18.9033  -1.37986e-12  1.39051e-09
-18.8811  -1.37865e-12  2.97997e-09
-18.8589  -1.37746e-12  5.65347e-09
-18.8366  -1.3763e-12  9.85403e-09
-18.8143  -1.37513e-12  1.61053e-08
-18.7919  -1.37393e-12  2.50026e-08
-18.7694  -1.37266e-12  3.71876e-08
-18.7468  -1.37135e-12  5.33167e-08
-18.7241  -1.37002e-12  7.40433e-08
-18.7014  -1.36869e-12  1.00024e-07
-18.6786  -1.36739e-12  1.31931e-07
-18.6558  -1.36611e-12  1.70455e-07
-18.6329  -1.36483e-12  2.16283e-07
-18.6099  -1.3635e-12  2.70092e-07
-18.5868  -1.36212e-12  3.3255e-07
-18.5636  -1.36068e-12  4.04337e-07
-18.5404  -1.35922e-12  4.8615e-07
-18.5171  -1.35777e-12  5.78687e-07
-18.4938  -1.35634e-12  6.82637e-07
-18.4703  -1.35493e-12  7.98679e-07
-18.4468  -1.35353e-12  9.275e-07
-18.4233  -1.35208e-12  1.0698e-06
-18.3996  -1.35056e-12  1.22629e-06
-18.3759  -1.34899e-12  1.39767e-06
-18.3521  -1.34739e-12  1.58463e-06
-18.3283  -1.3458e-12  1.78785e-06
-18.3043  -1.34423e-12  2.00805e-06
-18.2803  -1.3427e-12  2.24595e-06
-18.2563  -1.34115e-12  2.50224e-06
-18.2321  -1.33956e-12  2.77763e-06
-18.2079  -1.3379e-12  3.07282e-06
-18.1836  -1.33618e-12  3.38851e-06
-18.1593  -1.33443e-12  3.72543e-06
-18.1349  -1.33269e-12  4.08429e-06
-18.1104  -1.33098e-12  4.4658e-06
-18.0858  -1.32929e-12  4.87065e-06
-18.0612  -1.3276e-12  5.29957e-06
-18.0365  -1.32585e-12  5.75327e-06
-18.0117  -1.32404e-12  6.23248e-06
-17.9869  -1.32216e-12  6.7379e-06
-17.962  -1.32024e-12  7.27023e-06
-17.937  -1.31834e-12  7.8302e-06
-17.9119  -1.31646e-12  8.41854e-06
-17.8868  -1.31461e-12  9.03595e-06
-17.8616  -1.31276e-12  9.68315e-06
-17.8364  -1.31085e-12  1.03608e-05
-17.8111  -1.30886e-12  1.10697e-05
-17.7857  -1.3068e-12  1.18106e-05
-17.7602  -1.30471e-12  1.25841e-05
-17.7347  -1.30262e-12  1.33909e-05
-17.7091  -1.30057e-12  1.42318e-05
-17.6834  -1.29854e-12  1.51075e-05
-17.6577  -1.29651e-12  1.60187e-05
-17.6319  -1.29442e-12  1.69662e-05
-17.606  -1.29224e-12  1.79505e-05
-17.5801  -1.28999e-12  1.89724e-05
-17.5541  -1.2877e-12  2.00327e-05
-17.528  -1.28542e-12  2.1132e-05
-17.5019  -1.28317e-12  2.22711e-05
-17.4757  -1.28095e-12  2.34505e-05
-17.4494  -1.27872e-12  2.46712e-05
-17.423  -1.27643e-12  2.59336e-05
-17.3966  -1.27405e-12  2.72386e-05
-17.3702  -1.27158e-12  2.85868e-05
-17.3436  -1.26908e-12  2.99789e-05
-17.317  -1.26658e-12  3.14156e-05
-17.2903  -1.26412e-12  3.28976e-05
-17.2636  -1.26169e-12  3.44255e-05
-17.2368  -1.25924e-12  3.6e-05
-17.2099  -1.25673e-12  3.76219e-05
-17.183  -1.25413e-12  3.92917e-05
-17.156  -1.25143e-12  4.10102e-05
-17.1289  -1.24869e-12  4.27779e-05
-17.1017  -1.24596e-12  4.45956e-05
-17.0745  -1.24326e-12  4.64638e-05
-17.0473  -1.24059e-12  4.83833e-05
-17.0199  -1.23791e-12  5.03547e-05
-16.9925  -1.23516e-12  5.23786e-05
-16.9651  -1.23231e-12  5.44556e-05
-16.9375  -1.22936e-12  5.65864e-05
-16.9099  -1.22636e-12  5.87715e-05
-16.8823  -1.22337e-12  6.10115e-05
-16.8545  -1.22042e-12  6.33072e-05
-16.8267  -1.21749e-12  6.5659e-05
-16.7989  -1.21455e-12  6.80675e-05
-16.7709  -1.21154e-12  7.05333e-05
-16.743  -1.20842e-12  7.30571e-05
-16.7149  -1.20519e-12  7.56392e-05
-16.6868  -1.20191e-12  7.82803e-05
-16.6586  -1.19863e-12  8.09809e-05
-16.6303  -1.19539e-12  8.37416e-05
-16.602  -1.19219e-12  8.65628e-05
-16.5737  -1.18896e-12  8.9445e-05
-16.5452  -1.18566e-12  9.23888e-05
-16.5167  -1.18224e-12  9.53946e-05
-16.4882  -1.1787e-12  9.84629e-05
-16.4595  -1.17511e-12  0.000101594
-16.4308  -1.17152e-12  0.000104789
-16.4021  -1.16797e-12  0.000108047
-16.3733  -1.16446e-12  0.00011137
-16.3444  -1.16092e-12  0.000114757
-16.3154  -1.1573e-12  0.000118209
-16.2864  -1.15355e-12  0.000121726
-16.2573  -1.14968e-12  0.000125309
-16.2282  -1.14574e-12  0.000128958
-16.199  -1.14181e-12  0.000132673
-16.1697  -1.13792e-12  0.000136455
-16.1404  -1.13406e-12  0.000140304
-16.111  -1.13018e-12  0.000144219
-16.0816  -1.1262e-12  0.000148202
-16.0521  -1.12209e-12  0.000152252
-16.0225  -1.11785e-12  0.00015637
-15.9929  -1.11354e-12  0.000160556
-15.9632  -1.10922e-12  0.000164809
-15.9334  -1.10496e-12  0.00016913
-15.9036  -1.10072e-12  0.000173519
-15.8737  -1.09646e-12  0.000177976
-15.8438  -1.0921e-12  0.000182501
-15.8138  -1.08759e-12  0.000187094
-15.7837  -1.08294e-12  0.000191754
-15.7536  -1.07821e-12  0.000196483
-15.7234  -1.07348e-12  0.000201278
-15.6932  -1.06879e-12  0.000206141
-15.6629  -1.06414e-12  0.000211071
-15.6325  -1.05946e-12  0.000216068
-15.6021  -1.05467e-12  0.000221131
-15.5716  -1.04972e-12  0.00022626
-15.5411  -1.04462e-12  0.000231455
-15.5105  -1.03943e-12  0.000236714
-15.4798  -1.03423e-12  0.000242038
-15.4491  -1.02909e-12  0.000247427
-15.4183  -1.02398e-12  0.000252878
-15.3874  -1.01884e-12  0.000258392
-15.3565  -1.01358e-12  0.000263967
-15.3256  -1.00814e-12  0.000269603
-15.2946  -1.00253e-12  0.0002753
-15.2635  -9.96835e-13  0.000281055
-15.2323  -9.91132e-13  0.000286868
-15.2011  -9.8548e-13  0.000292737
-15.1699  -9.79863e-13  0.000298662
-15.1386  -9.74208e-13  0.000304641
-15.1072  -9.68421e-13  0.000310672
-15.0758  -9.62443e-13  0.000316754
-15.0443  -9.56284e-13  0.000322886
-15.0127  -9.50026e-13  0.000329065
-14.9811  -9.43756e-13  0.00033529
-14.9495  -9.37542e-13  0.000341559
-14.9177  -9.31363e-13  0.00034787
-14.886  -9.25139e-13  0.000354219
-14.8541  -9.18773e-13  0.000360606
-14.8222  -9.12198e-13  0.000367027
-14.7903  -9.05429e-13  0.00037348
-14.7583  -8.98546e-13  0.000379962
-14.7262  -8.91649e-13  0.00038647
-14.6941  -8.8481e-13  0.000393001
-14.6619  -8.78007e-13  0.000399551
-14.6297  -8.71155e-13  0.000406117
-14.5974  -8.64146e-13  0.000412696
-14.5651  -8.56909e-13  0.000419283
-14.5327  -8.49457e-13  0.000425874
-14.5002  -8.41883e-13  0.000432465
-14.4677  -8.34292e-13  0.000439053
-14.4351  -8.2676e-13  0.000445632
-14.4025  -8.19266e-13  0.000452197
-14.3698  -8.11713e-13  0.000458743
-14.3371  -8.03986e-13  0.000465264
-14.3043  -7.96013e-13  0.000471756
-14.2714  -7.87808e-13  0.000478213
-14.2385  -7.79464e-13  0.00048463
-14.2056  -7.71103e-13  0.000491001
-14.1726  -7.628e-13  0.000497321
-14.1395  -7.54533e-13  0.000503584
-14.1064  -7.46206e-13  0.000509784
-14.0732  -7.37685e-13  0.000515913
-14.04  -7.28893e-13  0.00052197
-14.0067  -7.19845e-13  0.00052795
-13.9733  -7.10648e-13  0.000533857
-13.9399  -7.01426e-13  0.000539692
-13.9065  -6.92266e-13  0.000545459
-13.873  -6.83142e-13  0.000551161
-13.8395  -6.73948e-13  0.000556801
-13.8058  -6.64539e-13  0.000562397
-13.7722  -6.54835e-13  0.000568003
-13.7385  -6.44853e-13  0.00057375
-13.7047  -6.34701e-13  0.000579864
-13.6709  -6.24526e-13  0.000586659
-13.637  -6.14409e-13  0.000594442
-13.6031  -6.0433e-13  0.000603353
-13.5691  -5.94164e-13  0.000613175
-13.5351  -5.8377e-13  0.000623208
-13.501  -5.73049e-13  0.000632295
-13.4669  -5.6202e-13  0.000639025
-13.4327  -5.5081e-13  0.000642044
-13.3985  -5.39562e-13  0.00064037
-13.3642  -5.2838e-13  0.000633561
-13.3298  -5.17233e-13  0.0006217
-13.2954  -5.05988e-13  0.000605232
-13.261  -4.94487e-13  0.000584737
-13.2265  -4.82632e-13  0.000560755
-13.192  -4.70437e-13  0.000533694
-13.1574  -4.58037e-13  0.000503819
-13.1227  -4.45596e-13  0.000471291
-13.088  -4.3322e-13  0.000436204
-13.0533  -4.20876e-13  0.000398622
-13.0185  -4.08428e-13  0.000358594
-12.9836  -3.95691e-13  0.00031616
-12.9487  -3.82559e-13  0.00027135
-12.9138  -3.6906e-13  0.000224183
-12.8788  -3.55331e-13  0.000174666
-12.8438  -3.41554e-13  0.000122791
-12.8087  -3.27843e-13  6.85409e-05
-12.7735  -3.14159e-13  1.18874e-05
-12.7383  -3.00354e-13  -4.72068e-05
-12.7031  -2.86234e-13  -0.000108787
-12.6678  -2.71679e-13  -0.000172908
-12.6324  -2.56712e-13  -0.000239633
-12.597  -2.41495e-13  -0.000309038
-12.5616  -2.26223e-13  -0.000381209
-12.5261  -2.11009e-13  -0.000456248
-12.4906  -1.95827e-13  -0.000534267
-12.455  -1.80502e-13  -0.000615394
-12.4194  -1.64824e-13  -0.000699772
-12.3837  -1.4867e-13  -0.000787558
-12.348  -1.32058e-13  -0.000878927
-12.3122  -1.15169e-13  -0.000974078
-12.2764  -9.82104e-14  -0.00107323
-12.2405  -8.13142e-14  -0.00117664
-12.2046  -6.44458e-14  -0.00128459
-12.1686  -4.74108e-14  -0.0013974
-12.1326  -2.99872e-14  -0.0015154
-12.0965  -1.20294e-14  -0.001639
-12.0604  6.42811e-15  -0.00176861
-12.0243  2.52013e-14  -0.00190471
-11.9881  4.40508e-14  -0.00204786
-11.9519  6.28448e-14  -0.00219873
-11.9156  8.16145e-14  -0.00235808
-11.8792  1.00572e-13  -0.00252679
-11.8428  1.19966e-13  -0.00270575
-11.8064  1.39953e-13  -0.00289574
-11.7699  1.60492e-13  -0.00309709
-11.7334  1.81385e-13  -0.00330933
-11.6969  2.02372e-13  -0.00353052
-11.6603  2.233e-13  -0.00375673
-11.6236  2.44217e-13  -0.00398192
-11.5869  2.65346e-13  -0.00419853
-11.5502  2.86964e-13  -0.00439889
-11.5134  3.09238e-13  -0.00457691
-11.4765  3.32129e-13  -0.00472913
-11.4397  3.55416e-13  -0.00485485
-11.4028  3.78811e-13  -0.00495527
-11.3658  4.02153e-13  -0.00503261
-11.3288  4.25492e-13  -0.00508964
-11.2917  4.49077e-13  -0.00512958
-11.2546  4.73207e-13  -0.00515595
-11.2175  4.98073e-13  -0.00517222
-11.1803  5.23626e-13  -0.00518147
-11.1431  5.49619e-13  -0.0051862
-11.1058  5.7574e-13  -0.00518832
-11.0685  6.01816e-13  -0.00518927
-11.0312  6.279e-13  -0.00518991
-10.9938  6.54264e-13  -0.00519061
-10.9563  6.81242e-13  -0.00519135
-10.9188  7.0904e-13  -0.00519202
-10.8813  7.37607e-13  -0.00519253
-10.8438  7.66667e-13  -0.00519285
-10.8062  7.95883e-13  -0.00519295
-10.7685  8.25058e-13  -0.00519279
-10.7308  8.54253e-13  -0.00519238
-10.6931  8.83771e-13  -0.00519176
-10.6553  9.13987e-13  -0.00519095
-10.6175  9.45115e-13  -0.00519008
-10.5796  9.77103e-13  -0.00518926
-10.5418  1.00965e-12  -0.00518851
-10.5038  1.04238e-12  -0.00518744
-10.4658  1.07507e-12  -0.0051851
-10.4278  1.10781e-12  -0.00517997
-10.3898  1.14092e-12  -0.00516992
-10.3517  1.17481e-12  -0.00515227
-10.3135  1.20973e-12  -0.00512372
-10.2754  1.24561e-12  -0.00508061
-10.2371  1.28212e-12  -0.00501933
-10.1989  1.31885e-12  -0.00493662
-10.1606  1.35555e-12  -0.00482971
-10.1223  1.39232e-12  -0.00469655
-10.0839  1.42952e-12  -0.0045363
-10.0455  1.46761e-12  -0.00435027
-10.007  1.50685e-12  -0.00414245
-9.96854  1.54717e-12  -0.00391934
-9.93001  1.5882e-12  -0.00368874
-9.89145  1.62949e-12  -0.00345818
-9.85285  1.67078e-12  -0.00323357
-9.8142  1.71215e-12  -0.00301868
-9.77552  1.75403e-12  -0.00281531
-9.73681  1.79691e-12  -0.00262386
-9.69805  1.84108e-12  -0.0024439
-9.65926  1.88648e-12  -0.0022746
-9.62043  1.93269e-12  -0.00211502
-9.58157  1.9792e-12  -0.00196425
-9.54266  2.02572e-12  -0.0018215
-9.50372  2.07237e-12  -0.00168609
-9.46475  2.1196e-12  -0.00155744
-9.42573  2.16796e-12  -0.00143505
-9.38668  2.21779e-12  -0.00131848
-9.3476  2.26901e-12  -0.00120735
-9.30848  2.32115e-12  -0.00110129
-9.26932  2.37364e-12  -0.000999987
-9.23012  2.42617e-12  -0.000903149
-9.1909  2.47886e-12  -0.000810522
-9.15163  2.53223e-12  -0.000721883
-9.11233  2.5869e-12  -0.000637033
-9.073  2.64324e-12  -0.000555798
-9.03363  2.70113e-12  -0.000478023
-8.99422  2.76007e-12  -0.000403572
-8.95478  2.81944e-12  -0.000332324
-8.91531  2.87888e-12  -0.000264172
-8.8758  2.93853e-12  -0.000199024
-8.83626  2.99897e-12  -0.000136803
-8.79668  3.0609e-12  -7.74428e-05
-8.75707  3.12471e-12  -2.0894e-05
-8.71743  3.1903e-12  3.28781e-05
-8.67775  3.25708e-12  8.3893e-05
-8.63804  3.32437e-12  0.000132156
-8.59829  3.39178e-12  0.00017766
-8.55852  3.45945e-12  0.000220391
-8.51871  3.52805e-12  0.000260322
-8.47886  3.59835e-12  0.000297406
-8.43899  3.6708e-12  0.000331554
-8.39908  3.74527e-12  0.000362584
-8.35914  3.82111e-12  0.000390183
-8.31916  3.89756e-12  0.000413883
-8.27916  3.97416e-12  0.000433109
-8.23912  4.05112e-12  0.000447317
-8.19905  4.12916e-12  0.000456205
-8.15895  4.20914e-12  0.000459923
-8.11882  4.29159e-12  0.000459165
-8.07865  4.37634e-12  0.000455096
-8.03846  4.46268e-12  0.000449097
-7.99823  4.54973e-12  0.000442445
-7.95798  4.63701e-12  0.000436045
-7.91769  4.72473e-12  0.00043033
-7.87737  4.81371e-12  0.000425318
-7.83703  4.90495e-12  0.000420783
-7.79665  4.999e-12  0.000416438
-7.75624  5.0957e-12  0.000412051
-7.7158  5.19422e-12  0.000407491
-7.67533  5.2936e-12  0.000402711
-7.63484  5.39328e-12  0.000397714
-7.59431  5.49352e-12  0.000392519
-7.55375  5.59525e-12  0.000387146
-7.51317  5.69959e-12  0.000381611
-7.47255  5.80715e-12  0.000375923
-7.43191  5.91776e-12  0.000370093
-7.39124  6.03048e-12  0.000364133
-7.35054  6.14422e-12  0.000358056
-7.30981  6.25837e-12  0.000351874
-7.26905  6.37322e-12  0.000345603
-7.22827  6.48984e-12  0.000339255
-7.18745  6.60946e-12  0.000332843
-7.14661  6.73281e-12  0.000326377
-7.10575  6.85968e-12  0.000319868
-7.06485  6.989e-12  0.000313326
-7.02393  7.11954e-12  0.000306759
-6.98298  7.25062e-12  0.000300178
-6.942  7.38257e-12  0.000293589
-6.901  7.51661e-12  0.000287002
-6.85997  7.65415e-12  0.000280425
-6.81891  7.79602e-12  0.000273863
-6.77783  7.94193e-12  0.000267325
-6.73672  8.09072e-12  0.000260815
-6.69559  8.24097e-12  0.000254339
-6.65443  8.39192e-12  0.000247903
-6.61324  8.54397e-12  0.000241512
-6.57203  8.69849e-12  0.000235172
-6.53079  8.85711e-12  0.000228885
-6.48953  9.02073e-12  0.000222657
-6.44824  9.18907e-12  0.000216491
-6.40693  9.36077e-12  0.000210391
-6.36559  9.53423e-12  0.000204361
-6.32423  9.70859e-12  0.000198403
-6.28284  9.88433e-12  0.000192519
-6.24143  1.0063e-11  0.000186714
-6.2  1.02465e-11  0.00018099
-6.15854  1.04358e-11  0.000175348
-6.11706  1.06306e-11  0.00016979
-6.07556  1.08294e-11  0.00016432
-6.03403  1.10303e-11  0.000158938
-5.99247  1.12323e-11  0.000153646
-5.9509  1.14361e-11  0.000148445
-5.9093  1.16434e-11  0.000143337
-5.86768  1.18563e-11  0.000138323
-5.82604  1.20761e-11  0.000133404
-5.78437  1.23023e-11  0.000128581
-5.74268  1.25331e-11  0.000123854
-5.70097  1.27666e-11  0.000119225
-5.65924  1.30015e-11  0.000114694
-5.61749  1.32386e-11  0.000110261
-5.57571  1.34799e-11  0.000105926
-5.53391  1.37278e-11  0.000101691
-5.49209  1.39838e-11  9.75541e-05
-5.45025  1.42474e-11  9.35168e-05
-5.40839  1.45165e-11  8.95785e-05
-5.36651  1.47887e-11  8.57393e-05
-5.32461  1.50628e-11  8.1999e-05
-5.28269  1.53396e-11  7.83573e-05
-5.24074  1.56215e-11  7.48138e-05
-5.19878  1.59113e-11  7.13683e-05
-5.1568  1.62106e-11  6.80203e-05
-5.11479  1.65188e-11  6.47691e-05
-5.07277  1.68336e-11  6.16143e-05
-5.03073  1.71522e-11  5.85552e-05
-4.98867  1.74733e-11  5.5591e-05
-4.94658  1.77977e-11  5.27211e-05
-4.90448  1.81283e-11  4.99446e-05
-4.86237  1.84683e-11  4.72606e-05
-4.82023  1.88195e-11  4.46682e-05
-4.77807  1.91814e-11  4.21664e-05
-4.7359  1.95511e-11  3.97542e-05
-4.6937  1.99255e-11  3.74306e-05
-4.65149  2.0303e-11  3.51944e-05
-4.60926  2.06848e-11  3.30445e-05
-4.56701  2.1074e-11  3.09797e-05
-4.52475  2.14746e-11  2.89986e-05
-4.48247  2.18885e-11  2.71001e-05
-4.44017  2.2315e-11  2.52829e-05
-4.39785  2.2751e-11  2.35454e-05
-4.35552  2.31928e-11  2.18865e-05
-4.31317  2.36386e-11  2.03045e-05
-4.2708  2.40897e-11  1.87981e-05
-4.22842  2.455e-11  1.73658e-05
-4.18602  2.50239e-11  1.60059e-05
-4.1436  2.55138e-11  1.4717e-05
-4.10117  2.60188e-11  1.34974e-05
-4.05872  2.65352e-11  1.23454e-05
-4.01626  2.70589e-11  1.12595e-05
-3.97378  2.75877e-11  1.02379e-05
-3.93129  2.81233e-11  9.27895e-06
-3.88878  2.86701e-11  8.38079e-06
-3.84625  2.92333e-11  7.54168e-06
-3.80372  2.98158e-11  6.75981e-06
-3.76116  3.04165e-11  6.03334e-06
-3.71859  3.10311e-11  5.3604e-06
-3.67601  3.16548e-11  4.7391e-06
-3.63341  3.2285e-11  4.16752e-06
-3.5908  3.29238e-11  3.64372e-06
-3.54818  3.35765e-11  3.16574e-06
-3.50554  3.42492e-11  2.73158e-06
-3.46289  3.49453e-11  2.33922e-06
-3.42022  3.56634e-11  1.98663e-06
-3.37755  3.63985e-11  1.67175e-06
-3.33485  3.7145e-11  1.39249e-06
-3.29215  3.79001e-11  1.14675e-06
-3.24943  3.8666e-11  9.324e-07
-3.2067  3.94492e-11  7.47291e-07
-3.16396  4.02569e-11  5.89255e-07
-3.12121  4.1093e-11  4.561e-07
-3.07844  4.1956e-11  3.45617e-07
-3.03566  4.28401e-11  2.55574e-07
-2.99288  4.37385e-11  1.83722e-07
-2.95007  4.4648e-11  1.27798e-07
-2.90726  4.55714e-11  8.55384e-08
-2.86444  4.65165e-11  5.47006e-08
-2.8216  4.74918e-11  3.31066e-08
-2.77876  4.85019e-11  1.87023e-08
-2.7359  4.95451e-11  9.62842e-09
-2.69303  5.06145e-11  4.28779e-09
-2.65016  5.1702e-11  1.39234e-09
-2.60727  5.28041e-11  -2.2862e-11
-2.56437  5.39241e-11  -6.21794e-10
-2.52147  5.50714e-11  -8.18613e-10
-2.47855  5.62562e-11  -8.43634e-10
-2.43562  5.74841e-11  -8.08584e-10
-2.39269  5.87529e-11  -7.59299e-10
-2.34974  6.00545e-11  -7.1087e-10
-2.30679  6.13794e-11  -6.66747e-10
-2.26382  6.27234e-11  -6.26972e-10
-2.22085  6.40908e-11  -5.90908e-10
-2.17787  6.54928e-11  -5.57925e-10
-2.13488  6.69417e-11  -5.27546e-10
-2.09188  6.84442e-11  -4.9944e-10
-2.04888  6.99979e-11  -4.73367e-10
-2.00587  7.1593e-11  -4.49134e-10
-1.96285  7.32182e-11  -4.26562e-10
-1.91982  7.48687e-11  -4.05466e-10
-1.87678  7.65499e-11  -3.85643e-10
-1.83374  7.82754e-11  -3.66903e-10
-1.79069  8.00602e-11  -3.49106e-10
-1.74763  8.19123e-11  -3.32183e-10
-1.70457  8.3829e-11  -3.16112e-10
-1.6615  8.57983e-11  -3.00882e-10
-1.61842  8.78071e-11  -2.8646e-10
-1.57534  8.98496e-11  -2.72768e-10
-1.53225  9.19327e-11  -2.59701e-10
-1.48915  9.40732e-11  -2.47154e-10
-1.44605  9.62892e-11  -2.35054e-10
-1.40295  9.85907e-11  -2.2338e-10
-1.35983  1.00974e-10  -2.12147e-10
-1.31672  1.03426e-10  -2.01377e-10
-1.2736  1.05929e-10  -1.91067e-10
-1.23047  1.08479e-10  -1.81178e-10
-1.18734  1.11082e-10  -1.71638e-10
-1.1442  1.13761e-10  -1.62373e-10
-1.10106  1.16536e-10  -1.53336e-10
-1.05792  1.19422e-10  -1.44518e-10
-1.01477  1.22413e-10  -1.35941e-10
-0.971614  1.25493e-10  -1.27633e-10
-0.928458  1.28643e-10  -1.19603e-10
-0.885297  1.31855e-10  -1.11827e-10
-0.842134  1.3514e-10  -1.04251e-10
-0.798967  1.38524e-10  -9.68191e-11
-0.755797  1.42036e-10  -8.94916e-11
-0.712624  1.4569e-10  -8.22626e-11
-0.669449  1.49482e-10  -7.51541e-11
-0.62627  1.53392e-10  -6.81956e-11
-0.58309  1.57396e-10  -6.14011e-11
-0.539907  1.61486e-10  -5.4755e-11
-0.496722  1.65677e-10  -4.82154e-11
-0.453535  1.70002e-10  -4.17324e-11
-0.410347  1.74495e-10  -3.52704e-11
-0.367157  1.79176e-10  -2.88226e-11
-0.323965  1.84039e-10  -2.24087e-11
-0.280772  1.89061e-10  -1.60586e-11
-0.237578  1.94213e-10  -9.78955e-12
-0.194384  1.99487e-10  -3.59179e-12
-0.151188  2.04901e-10  2.57086e-12
-0.107992  2.10498e-10  8.74556e-12
-0.0647953  2.16322e-10  1.49687e-11
-0.0215984  2.22398e-10  2.12502e-11
0.0215984  2.2872e-10  2.75724e-11
0.0647953  2.3526e-10  3.39054e-11
0.107992  2.41984e-10  4.02287e-11
0.151188  2.48882e-10  4.65482e-11
0.194384  2.5598e-10  5.28981e-11
0.237578  2.63335e-10  5.93267e-11
0.280772  2.71001e-10  6.58749e-11
0.323965  2.79013e-10  7.25573e-11
0.367157  2.87366e-10  7.93588e-11
0.410347  2.96024e-10  8.62485e-11
0.453535  3.04949e-10  9.3203e-11
0.496722  3.14131e-10  1.00226e-10
0.539907  3.23607e-10  1.07353e-10
0.58309  3.33451e-10  1.14638e-10
0.62627  3.43736e-10  1.2213e-10
0.669449  3.54507e-10  1.29851e-10
0.712624  3.65763e-10  1.37788e-10
0.755797  3.77463e-10  1.45911e-10
0.798967  3.89563e-10  1.54193e-10
0.842134  4.02056e-10  1.62638e-10
0.885297  4.14997e-10  1.71287e-10
0.928458  4.28485e-10  1.80204e-10
0.971614  4.42622e-10  1.89454e-10
1.01477  4.57469e-10  1.99069e-10
1.05792  4.73033e-10  2.09044e-10
1.10106  4.89273e-10  2.19345e-10
1.1442  5.06141e-10  2.29948e-10
1.18734  5.23641e-10  2.40861e-10
1.23047  5.41859e-10  2.52137e-10
1.2736  5.6094e-10  2.63861e-10
1.31672  5.81024e-10  2.76122e-10
1.35983  6.02204e-10  2.88973e-10
1.40295  6.24511e-10  3.02421e-10
1.44605  6.4792e-10  3.1644e-10
1.48915  6.72392e-10  3.31015e-10
1.53225  6.97959e-10  3.46171e-10
1.57534  7.24781e-10  3.61989e-10
1.61842  7.53088e-10  3.78593e-10
1.6615  7.83092e-10  3.96121e-10
1.70457  8.14946e-10  4.14674e-10
1.74763  8.48764e-10  4.34296e-10
1.79069  8.84607e-10  4.55e-10
1.83374  9.22499e-10  4.76823e-10
1.87678  9.62576e-10  4.99855e-10
1.91982  1.00522e-09  5.24251e-10
1.96285  1.05094e-09  5.50229e-10
2.00587  1.10009e-09  5.78062e-10
2.04888  1.15299e-09  6.08029e-10
2.09188  1.21016e-09  6.40368e-10
2.13488  1.27229e-09  6.75333e-10
2.17787  1.33986e-09  7.13319e-10
2.22085  1.41356e-09  7.54844e-10
2.26382  1.49544e-09  8.00374e-10
2.30679  1.58903e-09  8.50389e-10
2.34974  1.69764e-09  9.06177e-10
2.39269  1.82627e-09  9.71775e-10
2.43562  1.99657e-09  1.05866e-09
2.47855  2.28194e-09  1.19787e-09
2.52147  2.86647e-09  1.46733e-09
2.56437  4.13481e-09  2.04097e-09
2.60727  6.80699e-09  3.25993e-09
2.65016  1.21224e-08  5.7171e-09
2.69303  2.2044e-08  1.034e-08
2.7359  3.94188e-08  1.84546e-08
2.77876  6.80363e-08  3.18156e-08
2.8216  1.12565e-07  5.2594e-08
2.86444  1.78407e-07  8.33222e-08
2.90726  2.71517e-07  1.2681e-07
2.95007  3.98225e-07  1.86056e-07
2.99288  5.65091e-07  2.64165e-07
3.03566  7.7877e-07  3.64301e-07
3.07844  1.04593e-06  4.8965e-07
3.12121  1.37322e-06  6.4341e-07
3.16396  1.76724e-06  8.28778e-07
3.2067  2.23455e-06  1.04895e-06
3.24943  2.78165e-06  1.30712e-06
3.29215  3.41503e-06  1.60649e-06
3.33485  4.14111e-06  1.95025e-06
3.37755  4.96626e-06  2.34159e-06
3.42022  5.89681e-06  2.78371e-06
3.46289  6.93905e-06  3.2798e-06
3.50554  8.0992e-06  3.83307e-06
3.54818  9.38347e-06  4.4467e-06
3.5908  1.0798e-05  5.12392e-06
3.63341  1.23488e-05  5.86792e-06
3.67601  1.4042e-05  6.68192e-06
3.71859  1.58836e-05  7.56914e-06
3.76116  1.78795e-05  8.5328e-06
3.80372  2.00356e-05  9.57614e-06
3.84625  2.23578e-05  1.07024e-05
3.88878  2.48517e-05  1.19148e-05
3.93129  2.75233e-05  1.32167e-05
3.97378  3.03781e-05  1.46113e-05
4.01626  3.34217e-05  1.61018e-05
4.05872  3.66599e-05  1.76917e-05
4.10117  4.0098e-05  1.93842e-05
4.1436  4.37416e-05  2.11827e-05
4.18602  4.7596e-05  2.30904e-05
4.22842  5.16667e-05  2.51109e-05
4.2708  5.59589e-05  2.72474e-05
4.31317  6.04779e-05  2.95034e-05
4.35552  6.52288e-05  3.18824e-05
4.39785  7.02169e-05  3.43879e-05
4.44017  7.54472e-05  3.70232e-05
4.48247  8.09246e-05  3.97921e-05
4.52475  8.66542e-05  4.26981e-05
4.56701  9.26409e-05  4.57447e-05
4.60926  9.88894e-05  4.89356e-05
4.65149  0.000105405  5.22746e-05
4.6937  0.000112191  5.57653e-05
4.7359  0.000119254  5.94117e-05
4.77807  0.000126597  6.32174e-05
4.82023  0.000134225  6.71865e-05
4.86237  0.000142143  7.13229e-05
4.90448  0.000150355  7.56306e-05
4.94658  0.000158865  8.01137e-05
4.98867  0.000167678  8.47764e-05
5.03073  0.000176797  8.9623e-05
5.07277  0.000186228  9.46578e-05
5.11479  0.000195973  9.98852e-05
5.1568  0.000206037  0.00010531
5.19878  0.000216424  0.000110936
5.24074  0.000227138  0.000116769
5.28269  0.000238182  0.000122813
5.32461  0.000249559  0.000129074
5.36651  0.000261275  0.000135555
5.40839  0.000273332  0.000142264
5.45025  0.000285734  0.000149205
5.49209  0.000298483  0.000156383
5.53391  0.000311584  0.000163805
5.57571  0.00032504  0.000171476
5.61749  0.000338853  0.000179403
5.65924  0.000353028  0.000187591
5.70097  0.000367565  0.000196047
5.74268  0.00038247  0.000204779
5.78437  0.000397744  0.000213792
5.82604  0.000413391  0.000223095
5.86768  0.000429412  0.000232695
5.9093  0.000445811  0.0002426
5.9509  0.000462589  0.000252818
5.99247  0.00047975  0.000263357
6.03403  0.000497296  0.000274228
6.07556  0.000515229  0.000285438
6.11706  0.000533551  0.000296999
6.15854  0.000552263  0.00030892
6.2  0.00057137  0.000321212
6.24143  0.000590871  0.000333886
6.28284  0.000610769  0.000346955
6.32423  0.000631066  0.000360431
6.36559  0.000651763  0.000374328
6.40693  0.000672863  0.000388659
6.44824  0.000694366  0.00040344
6.48953  0.000716276  0.000418686
6.53079  0.000738592  0.000434414
6.57203  0.000761317  0.000450642
6.61324  0.000784452  0.000467389
6.65443  0.000807998  0.000484675
6.69559  0.000831959  0.000502522
6.73672  0.000856335  0.000520952
6.77783  0.000881129  0.000539991
6.81891  0.000906342  0.000559665
6.85997  0.000931977  0.000580003
6.901  0.000958036  0.000601035
6.942  0.000984522  0.000622794
6.98298  0.00101144  0.000645316
7.02393  0.00103879  0.000668641
7.06485  0.00106658  0.000692811
7.10575  0.00109482  0.000717872
7.14661  0.00112351  0.000743876
7.18745  0.00115267  0.000770876
7.22827  0.00118229  0.000798934
7.26905  0.00121239  0.000828117
7.30981  0.00124299  0.0008585
7.35054  0.00127411  0.000890169
7.39124  0.00130577  0.00092322
7.43191  0.00133801  0.00095776
7.47255  0.00137086  0.00099391
7.51317  0.00140435  0.0010318
7.55375  0.00143855  0.0010716
7.59431  0.00147352  0.00111349
7.63484  0.00150937  0.0011577
7.67533  0.00154627  0.00120452
7.7158  0.00158446  0.00125434
7.75624  0.00162425  0.00130762
7.79665  0.00166605  0.00136501
7.83703  0.00171031  0.00142725
7.87737  0.00175749  0.00149525
7.91769  0.00180786  0.00156985
7.95798  0.00186133  0.00165164
7.99823  0.00191719  0.00174062
8.03846  0.00197401  0.00183592
8.07865  0.00202962  0.00193571
8.11882  0.0020814  0.00203744
8.15895  0.00212664  0.00213821
8.19905  0.00216303  0.00223544
8.23912  0.00218899  0.00232723
8.27916  0.00220379  0.00241265
8.31916  0.00220747  0.00249165
8.35914  0.0022006  0.00256479
8.39908  0.00218404  0.00263291
8.43899  0.00215871  0.00269693
8.47886  0.00212547  0.00275768
8.51871  0.00208506  0.00281583
8.55852  0.00203809  0.00287196
8.59829  0.00198506  0.00292653
8.63804  0.00192633  0.00297992
8.67775  0.00186219  0.00303246
8.71743  0.00179286  0.00308445
8.75707  0.00171851  0.00313613
8.79668  0.00163926  0.00318777
8.83626  0.00155524  0.00323961
8.8758  0.00146651  0.00329188
8.91531  0.00137316  0.00334482
8.95478  0.00127522  0.00339869
8.99422  0.00117272  0.00345373
9.03363  0.00106566  0.00351019
9.073  0.000954016  0.00356833
9.11233  0.000837745  0.00362843
9.15163  0.00071678  0.00369078
9.1909  0.00059103  0.00375568
9.23012  0.000460382  0.00382345
9.26932  0.0003247  0.00389445
9.30848  0.000183827  0.00396907
9.3476  3.75792e-05  0.00404774
9.38668  -0.000114265  0.0041309
9.42573  -0.000271975  0.00421906
9.46475  -0.000435882  0.00431275
9.50372  -0.000606377  0.00441257
9.54266  -0.000783925  0.00451917
9.58157  -0.000969054  0.0046333
9.62043  -0.00116233  0.00475585
9.65926  -0.00136432  0.00488783
9.69805  -0.00157571  0.00503038
9.73681  -0.00179725  0.00518467
9.77552  -0.00202837  0.00535158
9.8142  -0.00226217  0.00553102
9.85285  -0.00247506  0.00572079
9.89145  -0.00261333  0.00591511
9.93001  -0.00258459  0.00610371
9.96854  -0.0022657  0.00627249
10.007  -0.00153441  0.00640659
10.0455  -0.000318657  0.00649523
10.0839  0.00135693  0.00653622
10.1223  0.0033539  0.00653757
10.1606  0.00544771  0.00651483
10.1989  0.00739274  0.00648529
10.2371  0.0089961  0.00646212
10.2754  0.0101665  0.00645123
10.3135  0.0109189  0.00645181
10.3517  0.0113417  0.00645931
10.3898  0.0115471  0.00646873
10.4278  0.0116322  0.00647661
10.4658  0.0116621  0.0064817
10.5038  0.0116711  0.00648435
10.5418  0.011674  0.00648565
10.5796  0.0116757  0.00648659
10.6175  0.0116775  0.00648761
10.6553  0.0116795  0.0064887
10.6931  0.0116813  0.0064897
10.7308  0.0116828  0.00649048
10.7685  0.0116837  0.00649099
10.8062  0.0116841  0.00649118
10.8438  0.0116839  0.00649107
10.8813  0.0116831  0.00649067
10.9188  0.0116819  0.00649003
10.9563  0.0116804  0.0064892
10.9938  0.0116787  0.00648828
11.0312  0.0116772  0.00648741
11.0685  0.0116757  0.0064866
11.1058  0.0116732  0.00648545
11.1431  0.0116648  0.00648305
11.1803  0.0116364  0.00647843
11.2175  0.0115543  0.00647141
11.2546  0.0113533  0.00646354
11.2917  0.0109346  0.00645863
11.3288  0.0101808  0.00646217
11.3658  0.00899639  0.00647934
11.4028  0.00735764  0.00651159
11.4397  0.00535048  0.00655348
11.4765  0.00316867  0.00659175
11.5134  0.00106622  0.00660827
11.5502  -0.000718601  0.00658603
11.5869  -0.00203287  0.00651542
11.6236  -0.00284146  0.0063974
11.6603  -0.00321259  0.00624227
11.6969  -0.00327102  0.00606501
11.7334  -0.003146  0.00588021
11.7699  -0.00293648  0.00569869
11.8064  -0.00270113  0.00552669
11.8428  -0.00246628  0.00536671
11.8792  -0.00223999  0.00521899
11.9156  -0.00202316  0.00508276
11.9519  -0.00181512  0.00495691
11.9881  -0.00161522  0.00484036
12.0243  -0.0014229  0.00473212
12.0604  -0.00123761  0.00463135
12.0965  -0.00105882  0.00453732
12.1326  -0.000886087  0.00444942
12.1686  -0.000719013  0.00436708
12.2046  -0.000557267  0.00428978
12.2405  -0.000400578  0.00421705
12.2764  -0.000248719  0.00414846
12.3122  -0.000101493  0.0040836
12.348  4.12704e-05  0.0040221
12.3837  0.000179722  0.00396364
12.4194  0.000313995  0.00390792
12.455  0.000444204  0.00385464
12.4906  0.000570442  0.00380356
12.5261  0.000692778  0.00375441
12.5616  0.000811265  0.00370696
12.597  0.00092594  0.003661
12.6324  0.00103683  0.0036163
12.6678  0.00114394  0.00357267
12.7031  0.00124726  0.00352991
12.7383  0.0013468  0.00348784
12.7735  0.00144251  0.00344626
12.8087  0.00153434  0.00340499
12.8438  0.00162224  0.00336385
12.8788  0.00170611  0.00332265
12.9138  0.00178587  0.00328119
12.9487  0.00186139  0.00323928
12.9836  0.00193253  0.00319672
13.0185  0.00199914  0.00315328
13.0533  0.00206103  0.00310874
13.088  0.00211795  0.00306283
13.1227  0.00216958  0.00301522
13.1574  0.00221551  0.00296554
13.192  0.00225525  0.00291333
13.2265  0.00228815  0.002858
13.261  0.00231346  0.00279884
13.2954  0.00233033  0.00273503
13.3298  0.00233788  0.00266566
13.3642  0.00233538  0.00258998
13.3985  0.00232244  0.00250769
13.4327  0.00229931  0.00241917
13.4669  0.00226704  0.00232576
13.501  0.00222746  0.00222966
13.5351  0.00218296  0.00213359
13.5691  0.00213607  0.00204031
13.6031  0.00208908  0.00195204
13.637  0.00204368  0.00187015
13.6709  0.00200083  0.00179508
13.7047  0.00196087  0.00172653
13.7385  0.00192363  0.00166378
13.7722  0.00188873  0.00160598
13.8058  0.00185573  0.00155233
13.8395  0.0018242  0.00150216
13.873  0.00179383  0.00145497
13.9065  0.00176434  0.00141035
13.9399  0.00173556  0.00136801
13.9733  0.00170736  0.0013277
14.0067  0.00167967  0.00128922
14.04  0.00165241  0.00125242
14.0732  0.00162556  0.00121716
14.1064  0.00159908  0.00118333
14.1395  0.00157294  0.00115081
14.1726  0.00154711  0.00111952
14.2056  0.00152158  0.00108938
14.2385  0.00149632  0.00106029
14.2714  0.00147133  0.00103222
14.3043  0.00144659  0.00100508
14.3371  0.00142211  0.000978828
14.3698  0.00139787  0.000953418
14.4025  0.00137388  0.000928802
14.4351  0.00135012  0.00090494
14.4677  0.0013266  0.000881794
14.5002  0.00130331  0.000859327
14.5327  0.00128025  0.000837509
14.5651  0.00125742  0.000816309
14.5974  0.00123482  0.0007957
14.6297  0.00121245  0.000775656
14.6619  0.00119031  0.000756154
14.6941  0.0011684  0.000737171
14.7262  0.00114672  0.000718687
14.7583  0.00112527  0.000700681
14.7903  0.00110405  0.000683135
14.8222  0.00108306  0.000666033
14.8541  0.0010623  0.000649358
14.886  0.00104177  0.000633095
14.9177  0.00102147  0.00061723
14.9495  0.0010014  0.000601749
14.9811  0.000981565  0.000586639
15.0127  0.000961962  0.000571889
15.0443  0.000942592  0.000557487
15.0758  0.000923453  0.000543422
15.1072  0.000904548  0.000529684
15.1386  0.000885875  0.000516263
15.1699  0.000867435  0.000503149
15.2011  0.000849228  0.000490335
15.2323  0.000831253  0.000477812
15.2635  0.000813511  0.000465571
15.2946  0.000796001  0.000453605
15.3256  0.000778723  0.000441906
15.3565  0.000761676  0.000430468
15.3874  0.000744861  0.000419285
15.4183  0.000728277  0.000408348
15.4491  0.000711924  0.000397653
15.4798  0.0006958  0.000387194
15.5105  0.000679906  0.000376965
15.5411  0.00066424  0.00036696
15.5716  0.000648803  0.000357174
15.6021  0.000633592  0.000347603
15.6325  0.000618609  0.000338241
15.6629  0.00060385  0.000329084
15.6932  0.000589317  0.000320127
15.7234  0.000575008  0.000311366
15.7536  0.000560921  0.000302797
15.7837  0.000547057  0.000294416
15.8138  0.000533413  0.000286218
15.8438  0.000519989  0.000278201
15.8737  0.000506784  0.00027036
15.9036  0.000493796  0.000262692
15.9334  0.000481024  0.000255193
15.9632  0.000468468  0.00024786
15.9929  0.000456125  0.000240691
16.0225  0.000443995  0.000233681
16.0521  0.000432076  0.000226827
16.0816  0.000420367  0.000220128
16.111  0.000408866  0.000213579
16.1404  0.000397572  0.000207179
16.1697  0.000386483  0.000200923
16.199  0.000375599  0.00019481
16.2282  0.000364916  0.000188838
16.2573  0.000354435  0.000183002
16.2864  0.000344153  0.000177302
16.3154  0.00033407  0.000171734
16.3444  0.000324182  0.000166297
16.3733  0.000314489  0.000160987
16.4021  0.000304988  0.000155804
16.4308  0.000295679  0.000150743
16.4595  0.00028656  0.000145804
16.4882  0.000277628  0.000140984
16.5167  0.000268882  0.000136281
16.5452  0.000260321  0.000131693
16.5737  0.000251943  0.000127218
16.602  0.000243745  0.000122854
16.6303  0.000235726  0.000118599
16.6586  0.000227884  0.000114451
16.6868  0.000220218  0.000110409
16.7149  0.000212725  0.00010647
16.743  0.000205404  0.000102633
16.7709  0.000198253  9.8896e-05
16.7989  0.000191269  9.52571e-05
16.8267  0.000184452  9.17147e-05
16.8545  0.000177799  8.8267e-05
16.8823  0.000171308  8.49126e-05
16.9099  0.000164977  8.16496e-05
16.9375  0.000158804  7.84765e-05
16.9651  0.000152788  7.53916e-05
16.9925  0.000146927  7.23935e-05
17.0199  0.000141218  6.94805e-05
17.0473  0.000135659  6.66512e-05
17.0745  0.000130249  6.39039e-05
17.1017  0.000124986  6.12373e-05
17.1289  0.000119867  5.86498e-05
17.156  0.000114891  5.614e-05
17.183  0.000110055  5.37064e-05
17.2099  0.000105358  5.13477e-05
17.2368  0.000100797  4.90623e-05
17.2636  9.63714e-05  4.6849e-05
17.2903  9.20779e-05  4.47063e-05
17.317  8.79148e-05  4.26329e-05
17.3436  8.38802e-05  4.06275e-05
17.3702  7.99724e-05  3.86886e-05
17.3966  7.61889e-05  3.68149e-05
17.423  7.25276e-05  3.50053e-05
17.4494  6.89865e-05  3.32584e-05
17.4757  6.55638e-05  3.15729e-05
17.5019  6.22576e-05  2.99474e-05
17.528  5.90656e-05  2.83808e-05
17.5541  5.59855e-05  2.68719e-05
17.5801  5.30154e-05  2.54194e-05
17.606  5.01535e-05  2.4022e-05
17.6319  4.73978e-05  2.26785e-05
17.6577  4.47461e-05  2.13878e-05
17.6834  4.21961e-05  2.01487e-05
17.7091  3.97458e-05  1.89599e-05
17.7347  3.73935e-05  1.78203e-05
17.7602  3.51372e-05  1.67287e-05
17.7857  3.29746e-05  1.5684e-05
17.8111  3.09034e-05  1.4685e-05
17.8364  2.89217e-05  1.37307e-05
17.8616  2.70278e-05  1.28198e-05
17.8868  2.52198e-05  1.19512e-05
17.9119  2.34952e-05  1.11239e-05
17.937  2.18518e-05  1.03367e-05
17.962  2.02877e-05  9.58861e-06
17.9869  1.88012e-05  8.87842e-06
18.0117  1.73904e-05  8.20507e-06
18.0365  1.6053e-05  7.56754e-06
18.0612  1.47866e-05  6.96479e-06
18.0858  1.35893e-05  6.39576e-06
18.1104  1.24595e-05  5.85934e-06
18.1349  1.13954e-05  5.35446e-06
18.1593  1.03945e-05  4.88016e-06
18.1836  9.45464e-06  4.43544e-06
18.2079  8.57382e-06  4.01928e-06
18.2321  7.75048e-06  3.6306e-06
18.2563  6.98278e-06  3.26836e-06
18.2803  6.26842e-06  2.93163e-06
18.3043  5.60508e-06  2.61945e-06
18.3283  4.99083e-06  2.33083e-06
18.3521  4.4241e-06  2.06474e-06
18.3759  3.90314e-06  1.82016e-06
18.3996  3.42571e-06  1.59618e-06
18.4233  2.98946e-06  1.39188e-06
18.4468  2.59244e-06  1.20632e-06
18.4703  2.2331e-06  1.03849e-06
18.4938  1.90977e-06  8.8739e-07
18.5171  1.6203e-06  7.5213e-07
18.5404  1.36234e-06  6.31842e-07
18.5636  1.13388e-06  5.25611e-07
18.5868  9.33371e-07  4.32459e-07
18.6099  7.59243e-07  3.5142e-07
18.6329  6.0945e-07  2.81607e-07
18.6558  4.81652e-07  2.22187e-07
18.6786  3.73779e-07  1.7229e-07
18.7014  2.8425e-07  1.30974e-07
18.7241  2.11586e-07  9.72888e-08
18.7468  1.53891e-07  7.0358e-08
18.7694  1.08869e-07  4.93786e-08
18.7919  7.43451e-08  3.35424e-08
18.8143  4.8668e-08  2.19834e-08
18.8366  3.05469e-08  1.38222e-08
18.8589  1.85947e-08  8.26571e-09
18.8811  1.11534e-08  4.66488e-09
18.9033  6.59845e-09  2.49478e-09
18.9253  3.75859e-09  1.30745e-09
18.9473  2.01843e-09  7.21473e-10
18.9692  1.07851e-09  4.50264e-10
18.9911  6.85204e-10  3.21599e-10
19.0128  5.66174e-10  2.56894e-10
19.0345  5.17921e-10  2.26157e-10
19.0562  4.63574e-10  2.13457e-10
19.0777  4.09937e-10  2.06633e-10
19.0992  3.73554e-10  1.99335e-10
19.1206  3.515e-10  1.91003e-10
19.1419  3.34211e-10  1.82912e-10
19.1632  3.18685e-10  1.7544e-10
19.1843  3.05829e-10  1.68337e-10
19.2055  2.9477e-10  1.61628e-10
19.2265  2.8367e-10  1.55491e-10
19.2474  2.72389e-10  1.49847e-10
19.2683  2.61835e-10  1.44479e-10
19.2891  2.52189e-10  1.39323e-10
19.3099  2.43055e-10  1.34433e-10
19.3305  2.34404e-10  1.29809e-10
19.3511  2.26445e-10  1.25401e-10
19.3716  2.19042e-10  1.21199e-10
19.3921  2.11867e-10  1.17215e-10
19.4124  2.04853e-10  1.13419e-10
19.4327  1.98133e-10  1.09764e-10
19.4529  1.91727e-10  1.06241e-10
19.4731  1.85565e-10  1.02866e-10
19.4931  1.79671e-10  9.96425e-11
19.5131  1.7411e-10  9.65579e-11
19.533  1.68836e-10  9.36033e-11
19.5529  1.63736e-10  9.07713e-11
19.5726  1.58771e-10  8.80427e-11
19.5923  1.53972e-10  8.53979e-11
19.6119  1.49341e-10  8.28353e-11
19.6315  1.44864e-10  8.0366e-11
19.6509  1.40562e-10  7.79957e-11
19.6703  1.36465e-10  7.57212e-11
19.6896  1.32547e-10  7.35359e-11
19.7089  1.28755e-10  7.14303e-11
19.728  1.25061e-10  6.93899e-11
19.7471  1.21472e-10  6.74036e-11
19.7661  1.17987e-10  6.54719e-11
19.785  1.14609e-10  6.36034e-11
19.8039  1.11355e-10  6.18045e-11
19.8227  1.0824e-10  6.00751e-11
19.8414  1.0525e-10  5.84101e-11
19.86  1.02352e-10  5.68007e-11
19.8785  9.95246e-11  5.52357e-11
19.897  9.67671e-11  5.37073e-11
19.9154  9.40807e-11  5.22168e-11
19.9337  9.14708e-11  5.07713e-11
19.9519  8.8952e-11  4.93768e-11
19.9701  8.65349e-11  4.80344e-11
19.9882  8.4209e-11  4.67403e-11
20.0062  8.19513e-11  4.54868e-11
20.0241  7.97459e-11  4.42646e-11
20.042  7.75891e-11  4.30683e-11
20.0598  7.54824e-11  4.1899e-11
20.0774  7.34324e-11  4.07627e-11
20.0951  7.14516e-11  3.96651e-11
20.1126  6.95475e-11  3.86075e-11
20.1301  6.77124e-11  3.75871e-11
20.1475  6.59293e-11  3.6597e-11
20.1648  6.41852e-11  3.56299e-11
20.182  6.24758e-11  3.46813e-11
20.1992  6.08027e-11  3.37525e-11
20.2162  5.91726e-11  3.28486e-11
20.2332  5.7596e-11  3.19745e-11
20.2502  5.60789e-11  3.11319e-11
20.267  5.46153e-11  3.03182e-11
20.2838  5.3192e-11  2.9528e-11
20.3005  5.17981e-11  2.87548e-11
20.3171  5.04296e-11  2.79952e-11
20.3336  4.90878e-11  2.72503e-11
20.3501  4.77792e-11  2.65244e-11
20.3664  4.65127e-11  2.5822e-11
20.3827  4.52932e-11  2.51447e-11
20.3989  4.4116e-11  2.44904e-11
20.4151  4.29703e-11  2.38543e-11
20.4311  4.18472e-11  2.32312e-11
20.4471  4.07428e-11  2.26181e-11
20.463  3.96585e-11  2.20161e-11
20.4788  3.86e-11  2.14289e-11
20.4946  3.75752e-11  2.08604e-11
20.5103  3.65879e-11  2.0312e-11
20.5258  3.56346e-11  1.97823e-11
20.5413  3.47065e-11  1.92669e-11
20.5568  3.37956e-11  1.87615e-11
20.5721  3.28987e-11  1.82636e-11
20.5874  3.20171e-11  1.77741e-11
20.6026  3.11558e-11  1.72963e-11
20.6177  3.03217e-11  1.68335e-11
20.6327  2.95181e-11  1.63871e-11
20.6477  2.8742e-11  1.59559e-11
20.6625  2.7986e-11  1.55362e-11
20.6773  2.72436e-11  1.51242e-11
20.6921  2.65116e-11  1.47178e-11
20.7067  2.57913e-11  1.43179e-11
20.7212  2.50872e-11  1.39272e-11
20.7357  2.44052e-11  1.35488e-11
20.7501  2.37482e-11  1.31839e-11
20.7644  2.31138e-11  1.28314e-11
20.7786  2.24957e-11  1.24882e-11
20.7928  2.18881e-11  1.2151e-11
20.8069  2.12884e-11  1.18181e-11
20.8209  2.06977e-11  1.14901e-11
20.8348  2.012e-11  1.11696e-11
20.8486  1.95604e-11  1.08591e-11
20.8624  1.90216e-11  1.05598e-11
20.876  1.85014e-11  1.02708e-11
20.8896  1.79945e-11  9.98935e-12
20.9031  1.74958e-11  9.71265e-12
20.9166  1.70032e-11  9.43913e-12
20.9299  1.65174e-11  9.16942e-12
20.9432  1.60422e-11  8.9057e-12
20.9564  1.55819e-11  8.65032e-12
20.9695  1.5139e-11  8.40431e-12
20.9825  1.47116e-11  8.16683e-12
20.9954  1.4295e-11  7.9356e-12
21.0083  1.3885e-11  7.70809e-12
21.0211  1.34796e-11  7.48297e-12
21.0338  1.30794e-11  7.26078e-12
21.0464  1.26878e-11  7.04347e-12
21.0589  1.23086e-11  6.83311e-12
21.0714  1.19441e-11  6.63062e-12
21.0838  1.15925e-11  6.43529e-12
21.0961  1.12499e-11  6.24511e-12
21.1083  1.09125e-11  6.05787e-12
21.1204  1.05784e-11  5.87241e-12
21.1325  1.02485e-11  5.68921e-12
21.1444  9.92551e-12  5.51001e-12
21.1563  9.61306e-12  5.33663e-12
21.1681  9.31291e-12  5.16991e-12
21.1799  9.02368e-12  5.00924e-12
21.1915  8.7419e-12  4.85283e-12
21.2031  8.46421e-12  4.69874e-12
21.2146  8.18902e-12  4.54596e-12
21.226  7.917e-12  4.39492e-12
21.2373  7.65071e-12  4.24717e-12
21.2485  7.3933e-12  4.10434e-12
21.2597  7.14635e-12  3.96717e-12
21.2707  6.90867e-12  3.83512e-12
21.2817  6.67715e-12  3.70663e-12
21.2926  6.44887e-12  3.57996e-12
21.3034  6.22241e-12  3.45423e-12
21.3142  5.99838e-12  3.32985e-12
21.3249  5.77908e-12  3.20818e-12
21.3354  5.56733e-12  3.09068e-12
21.3459  5.36453e-12  2.97803e-12
21.3563  5.16961e-12  2.86974e-12
21.3667  4.97982e-12  2.7644e-12
21.3769  4.79257e-12  2.66051e-12
21.3871  4.60661e-12  2.55727e-12
21.3972  4.4225e-12  2.45505e-12
21.4072  4.24232e-12  2.35509e-12
21.4171  4.06859e-12  2.25868e-12
21.4269  3.90255e-12  2.16645e-12
21.4367  3.74324e-12  2.07794e-12
21.4464  3.58821e-12  1.99191e-12
21.4559  3.43515e-12  1.90699e-12
21.4654  3.28297e-12  1.82249e-12
21.4749  3.13218e-12  1.73877e-12
21.4842  2.98466e-12  1.65694e-12
21.4935  2.84268e-12  1.57816e-12
21.5026  2.70736e-12  1.50298e-12
21.5117  2.5778e-12  1.43099e-12
21.5207  2.45179e-12  1.36107e-12
21.5297  2.3273e-12  1.29201e-12
21.5385  2.20336e-12  1.22319e-12
21.5473  2.08045e-12  1.15495e-12
21.5559  1.96027e-12  1.08828e-12
21.5645  1.84488e-12  1.02426e-12
21.5731  1.73527e-12  9.63354e-13
21.5815  1.63061e-12  9.05195e-13
21.5898  1.5289e-12  8.48763e-13
21.5981  1.42832e-12  7.9297e-13
21.6063  1.32804e-12  7.37284e-13
21.6144  1.22849e-12  6.8201e-13
21.6224  1.13123e-12  6.28069e-13
21.6303  1.03814e-12  5.76417e-13
21.6381  9.501e-13  5.27483e-13
21.6459  8.66309e-13  4.80914e-13
21.6536  7.84961e-13  4.35782e-13
21.6612  7.04421e-13  3.91109e-13
21.6687  6.23969e-13  3.46429e-13
21.6761  5.44018e-13  3.02034e-13
21.6835  4.66001e-13  2.58767e-13
21.6907  3.91626e-13  2.17499e-13
21.6979  3.21673e-13  1.78605e-13
21.705  2.55384e-13  1.41752e-13
21.712  1.91094e-13  1.06088e-13
21.7189  1.27343e-13  7.07315e-14
21.7258  6.35142e-14  3.52747e-14
21.7325  0  0
21.7392  0  0
21.7458  0  0
21.7523  0  0
21.7587  0  0
21.765  0  0
21.7713  0  0
21.7775  0  0
21.7836  0  0
21.7896  0  0
21.7955  0  0
21.8013  0  0
21.8071  0  0
21.8127  0  0
21.8183  0  0
21.8238  0  0
21.8292  0  0
21.8345  0  0
21.8398  0  0
21.845  0  0
21.85  0  0
21.855  0  0
21.8599  0  0
21.8648  0  0
21.8695  0  0
21.8742  0  0
21.8787  0  0
21.8832  0  0
21.8876  0  0
21.8919  0  0
21.8962  0  0
21.9003  0  0
21.9044  0  0
21.9084  0  0
21.9123  0  0
21.9161  0  0
21.9198  0  0
21.9234  0  0
21.927  0  0
21.9305  0  0
21.9339  0  0
21.9372  0  0
21.9404  0  0
21.9435  0  0
21.9466  0  0
21.9495  0  0
21.9524  0  0
21.9552  0  0
21.9579  0  0
21.9606  0  0
21.9631  0  0
21.9656  0  0
21.9679  0  0
21.9702  0  0
21.9724  0  0
21.9745  0  0
21.9766  0  0
21.9785  0  0
21.9804  0  0
21.9822  0  0
21.9839  0  0
21.9855  0  0
21.987  0  0
21.9885  0  0
21.9898  0  0
21.9911  0  0
21.9923  0  0
21.9934  0  0
21.9944  0  0
21.9953  0  0
21.9962  0  0
21.9969  0  0
21.9976  0  0
21.9982  0  0
21.9987  0  0
21.9991  0  0
21.9995  0  0
21.9997  0  0
21.9999  0  0
22  0  0
