        0         0         0         0  0.259808         0         0         0  0.259808         0         0         0         0         0         0         0
        0         0         0         0         0 -0.259808         0         0         0 -0.259808         0         0         0         0         0         0
        0         0         0         0         0         0 -0.259808         0         0         0 -0.259808         0         0         0         0         0
        0         0         0         0         0         0         0  0.259808         0         0         0  0.259808         0         0         0         0
-0.259808         0         0         0         0         0         0         0  0.259808         0         0         0  0.259808         0         0         0
        0  0.259808         0         0         0         0         0         0         0 -0.259808         0         0         0 -0.259808         0         0
        0         0  0.259808         0         0         0         0         0         0         0 -0.259808         0         0         0 -0.259808         0
        0         0         0 -0.259808         0         0         0         0         0         0         0  0.259808         0         0         0  0.259808
-0.259808         0         0         0 -0.259808         0         0         0         0         0         0         0  0.259808         0         0         0
        0  0.259808         0         0         0  0.259808         0         0         0         0         0         0         0 -0.259808         0         0
        0         0  0.259808         0         0         0  0.259808         0         0         0         0         0         0         0 -0.259808         0
        0         0         0 -0.259808         0         0         0 -0.259808         0         0         0         0         0         0         0  0.259808
        0         0         0         0 -0.259808         0         0         0 -0.259808         0         0         0         0         0         0         0
        0         0         0         0         0  0.259808         0         0         0  0.259808         0         0         0         0         0         0
        0         0         0         0         0         0  0.259808         0         0         0  0.259808         0         0         0         0         0
        0         0         0         0         0         0         0 -0.259808         0         0         0 -0.259808         0         0         0         0