        0  0.834346         0         0         0         0         0         0         0  0.834346         0         0         0         0         0         0         0         0         0         0         0         0         0         0         0         0         0         0         0         0
-0.834346         0  -2.18435         0         0         0         0         0         0         0         0         0         0         0         0         0         0         0         0         0         0         0         0         0         0         0         0         0         0         0
        0   2.18435         0       2.7         0         0         0         0         0         0         0         0         0         0         0         0         0         0         0         0         0         0         0         0         0         0         0         0         0         0
        0         0      -2.7         0  -2.18435         0         0         0         0         0         0         0         0         0         0         0         0         0         0         0         0         0         0         0         0         0         0         0         0         0
        0         0         0   2.18435         0  0.834346         0         0         0         0         0         0         0         0         0         0         0         0         0         0         0         0         0         0         0         0         0         0         0         0
        0         0         0         0 -0.834346         0  0.834346         0         0         0         0         0         0         0         0         0         0         0         0         0         0         0         0         0         0         0         0         0         0         0
        0         0         0         0         0 -0.834346         0  -2.18435         0         0         0         0         0         0         0         0         0         0         0         0         0         0         0         0         0         0         0         0         0         0
        0         0         0         0         0         0   2.18435         0       2.7         0         0         0         0         0         0         0         0         0         0         0         0         0         0         0         0         0         0         0         0         0
        0         0         0         0         0         0         0      -2.7         0  -2.18435         0         0         0         0         0         0         0         0         0         0         0         0         0         0         0         0         0         0         0         0
-0.834346         0         0         0         0         0         0         0   2.18435         0         0         0         0         0         0         0         0         0         0         0         0         0         0         0         0         0         0         0         0         0
        0         0         0         0         0         0         0         0         0         0         0  0.834346         0         0         0         0         0         0         0  0.834346         0         0         0         0         0         0         0         0         0         0
        0         0         0         0         0         0         0         0         0         0 -0.834346         0  -2.18435         0         0         0         0         0         0         0         0         0         0         0         0         0         0         0         0         0
        0         0         0         0         0         0         0         0         0         0         0   2.18435         0       2.7         0         0         0         0         0         0         0         0         0         0         0         0         0         0         0         0
        0         0         0         0         0         0         0         0         0         0         0         0      -2.7         0  -2.18435         0         0         0         0         0         0         0         0         0         0         0         0         0         0         0
        0         0         0         0         0         0         0         0         0         0         0         0         0   2.18435         0  0.834346         0         0         0         0         0         0         0         0         0         0         0         0         0         0
        0         0         0         0         0         0         0         0         0         0         0         0         0         0 -0.834346         0  0.834346         0         0         0         0         0         0         0         0         0         0         0         0         0
        0         0         0         0         0         0         0         0         0         0         0         0         0         0         0 -0.834346         0  -2.18435         0         0         0         0         0         0         0         0         0         0         0         0
        0         0         0         0         0         0         0         0         0         0         0         0         0         0         0         0   2.18435         0       2.7         0         0         0         0         0         0         0         0         0         0         0
        0         0         0         0         0         0         0         0         0         0         0         0         0         0         0         0         0      -2.7         0  -2.18435         0         0         0         0         0         0         0         0         0         0
        0         0         0         0         0         0         0         0         0         0 -0.834346         0         0         0         0         0         0         0   2.18435         0         0         0         0         0         0         0         0         0         0         0
        0         0         0         0         0         0         0         0         0         0         0         0         0         0         0         0         0         0         0         0         0  0.834346         0         0         0         0         0         0         0  0.834346
        0         0         0         0         0         0         0         0         0         0         0         0         0         0         0         0         0         0         0         0 -0.834346         0  -2.18435         0         0         0         0         0         0         0
        0         0         0         0         0         0         0         0         0         0         0         0         0         0         0         0         0         0         0         0         0   2.18435         0       2.7         0         0         0         0         0         0
        0         0         0         0         0         0         0         0         0         0         0         0         0         0         0         0         0         0         0         0         0         0      -2.7         0  -2.18435         0         0         0         0         0
        0         0         0         0         0         0         0         0         0         0         0         0         0         0         0         0         0         0         0         0         0         0         0   2.18435         0  0.834346         0         0         0         0
        0         0         0         0         0         0         0         0         0         0         0         0         0         0         0         0         0         0         0         0         0         0         0         0 -0.834346         0  0.834346         0         0         0
        0         0         0         0         0         0         0         0         0         0         0         0         0         0         0         0         0         0         0         0         0         0         0         0         0 -0.834346         0  -2.18435         0         0
        0         0         0         0         0         0         0         0         0         0         0         0         0         0         0         0         0         0         0         0         0         0         0         0         0         0   2.18435         0       2.7         0
        0         0         0         0         0         0         0         0         0         0         0         0         0         0         0         0         0         0         0         0         0         0         0         0         0         0         0      -2.7         0  -2.18435
        0         0         0         0         0         0         0         0         0         0         0         0         0         0         0         0         0         0         0         0 -0.834346         0         0         0         0         0         0         0   2.18435         0