      0       0 -0.3834       0       0       0 -0.1917       0       0       0 -0.1917       0       0       0       0       0
      0       0       0 -0.3834       0       0       0 -0.1917       0       0       0 -0.1917       0       0       0       0
 0.3834       0       0       0  0.1917       0       0       0  0.1917       0       0       0       0       0       0       0
      0  0.3834       0       0       0  0.1917       0       0       0  0.1917       0       0       0       0       0       0
      0       0 -0.1917       0       0       0 -0.3834       0       0       0       0       0       0       0 -0.1917       0
      0       0       0 -0.1917       0       0       0 -0.3834       0       0       0       0       0       0       0 -0.1917
 0.1917       0       0       0  0.3834       0       0       0       0       0       0       0  0.1917       0       0       0
      0  0.1917       0       0       0  0.3834       0       0       0       0       0       0       0  0.1917       0       0
      0       0 -0.1917       0       0       0       0       0       0       0 -0.3834       0       0       0 -0.1917       0
      0       0       0 -0.1917       0       0       0       0       0       0       0 -0.3834       0       0       0 -0.1917
 0.1917       0       0       0       0       0       0       0  0.3834       0       0       0  0.1917       0       0       0
      0  0.1917       0       0       0       0       0       0       0  0.3834       0       0       0  0.1917       0       0
      0       0       0       0       0       0 -0.1917       0       0       0 -0.1917       0       0       0 -0.3834       0
      0       0       0       0       0       0       0 -0.1917       0       0       0 -0.1917       0       0       0 -0.3834
      0       0       0       0  0.1917       0       0       0  0.1917       0       0       0  0.3834       0       0       0
      0       0       0       0       0  0.1917       0       0       0  0.1917       0       0       0  0.3834       0       0