-0.465919  -3.1586e-11
-0.465621  -5.24524e-12
-0.465323  4.64426e-11
-0.465025  9.37878e-11
-0.464727  1.39688e-10
-0.464429  1.87692e-10
-0.464131  2.41605e-10
-0.463833  3.05116e-10
-0.463535  3.81465e-10
-0.463236  4.73184e-10
-0.462938  5.8194e-10
-0.46264  7.08477e-10
-0.462342  8.52677e-10
-0.462044  1.01369e-09
-0.461746  1.19013e-09
-0.461448  1.38025e-09
-0.46115  1.5821e-09
-0.460852  1.79351e-09
-0.460554  2.01205e-09
-0.460256  2.2348e-09
-0.459957  2.45806e-09
-0.459659  2.67712e-09
-0.459361  2.88602e-09
-0.459063  3.07761e-09
-0.458765  3.24374e-09
-0.458467  3.3758e-09
-0.458169  3.46546e-09
-0.457871  3.50558e-09
-0.457573  3.49106e-09
-0.457274  3.41966e-09
-0.456976  3.2925e-09
-0.456678  3.11411e-09
-0.45638  2.89221e-09
-0.456082  2.637e-09
-0.455784  2.36017e-09
-0.455486  2.07385e-09
-0.455188  1.78951e-09
-0.45489  1.51706e-09
-0.454592  1.26426e-09
-0.454293  1.0364e-09
-0.453995  8.36383e-10
-0.453697  6.64993e-10
-0.453399  5.21329e-10
-0.453101  4.03304e-10
-0.452803  3.08094e-10
-0.452505  2.32487e-10
-0.452207  1.73107e-10
-0.451909  1.26504e-10
-0.45161  8.91534e-11
-0.451312  5.73747e-11
-0.451014  2.72203e-11
-0.450716  -5.63247e-12
-0.450418  -4.59353e-11
-0.45012  -9.88074e-11
-0.449822  -1.69492e-10
-0.449524  -2.62861e-10
-0.449225  -3.82646e-10
-0.448927  -5.30403e-10
-0.448629  -7.04346e-10
-0.448331  -8.98259e-10
-0.448033  -1.1008e-09
-0.447735  -1.29556e-09
-0.447437  -1.46216e-09
-0.447139  -1.57873e-09
-0.446841  -1.62562e-09
-0.446542  -1.5903e-09
-0.446244  -1.47293e-09
-0.445946  -1.2919e-09
-0.445648  -1.08877e-09
-0.44535  -9.31751e-10
-0.445052  -9.17231e-10
-0.444754  -1.16904e-09
-0.444456  -1.83516e-09
-0.444157  -3.08171e-09
-0.443859  -5.08414e-09
-0.443561  -8.01465e-09
-0.443263  -1.20251e-08
-0.442965  -1.72232e-08
-0.442667  -2.36404e-08
-0.442369  -3.1188e-08
-0.442071  -3.96005e-08
-0.441772  -4.83634e-08
-0.441474  -5.66277e-08
-0.441176  -6.31122e-08
-0.440878  -6.60019e-08
-0.44058  -6.28509e-08
-0.440282  -5.05055e-08
-0.439984  -2.50651e-08
-0.439685  1.80994e-08
-0.439387  8.42476e-08
-0.439089  1.79075e-07
-0.438791  3.08407e-07
-0.438493  4.77792e-07
-0.438195  6.9199e-07
-0.437897  9.54417e-07
-0.437599  1.26658e-06
-0.4373  1.62762e-06
-0.437002  2.03397e-06
-0.436704  2.47939e-06
-0.436406  2.95525e-06
-0.436108  3.45136e-06
-0.43581  3.95716e-06
-0.435512  4.46344e-06
-0.435213  4.96429e-06
-0.434915  5.45928e-06
-0.434617  5.95563e-06
-0.434319  6.4701e-06
-0.434021  7.03043e-06
-0.433723  7.6762e-06
-0.433425  8.45894e-06
-0.433126  9.44157e-06
-0.432828  1.06973e-05
-0.43253  1.23082e-05
-0.432232  1.43636e-05
-0.431934  1.69583e-05
-0.431636  2.01917e-05
-0.431338  2.41669e-05
-0.431039  2.89892e-05
-0.430741  3.47659e-05
-0.430443  4.16045e-05
-0.430145  4.96101e-05
-0.429847  5.88819e-05
-0.429549  6.9507e-05
-0.429251  8.15532e-05
-0.428952  9.50591e-05
-0.428654  0.000110023
-0.428356  0.000126387
-0.428058  0.000144027
-0.42776  0.000162733
-0.427462  0.000182194
-0.427164  0.000201982
-0.426865  0.000221536
-0.426567  0.00024015
-0.426269  0.00025697
-0.425971  0.000270988
-0.425673  0.000281066
-0.425375  0.000285965
-0.425077  0.0002844
-0.424778  0.000275126
-0.42448  0.000257041
-0.424182  0.000229324
-0.423884  0.000191577
-0.423586  0.000143985
-0.423288  8.74533e-05
-0.422989  2.37154e-05
-0.422691  -4.46139e-05
-0.422393  -0.000114062
-0.422095  -0.000180414
-0.421797  -0.000238935
-0.421499  -0.000284687
-0.421201  -0.000312941
-0.420902  -0.000319653
-0.420604  -0.000301967
-0.420306  -0.000258707
-0.420008  -0.000190806
-0.41971  -0.000101616
-0.419412  2.92334e-06
-0.419113  0.000114322
-0.418815  0.000221772
-0.418517  0.000312609
-0.418219  0.000372966
-0.417921  0.000388605
-0.417623  0.000345882
-0.417324  0.000232779
-0.417026  3.99396e-05
-0.416728  -0.000238354
-0.41643  -0.000603349
-0.416132  -0.0010512
-0.415834  -0.00157258
-0.415535  -0.00215266
-0.415237  -0.00277134
-0.414939  -0.00340388
-0.414641  -0.00402182
-0.414343  -0.00459415
-0.414045  -0.00508873
-0.413746  -0.00547381
-0.413448  -0.00571964
-0.41315  -0.00579998
-0.412852  -0.00569356
-0.412554  -0.00538528
-0.412256  -0.00486717
-0.411957  -0.00413907
-0.411659  -0.0032089
-0.411361  -0.00209262
-0.411063  -0.000813703
-0.410765  0.000597707
-0.410467  0.00210614
-0.410168  0.00367249
-0.40987  0.00525602
-0.409572  0.00681668
-0.409274  0.00831745
-0.408976  0.00972659
-0.408678  0.0110196
-0.408379  0.0121805
-0.408081  0.0132023
-0.407783  0.0140862
-0.407485  0.0148399
-0.407187  0.0154742
-0.406888  0.0159989
-0.40659  0.0164177
-0.406292  0.0167227
-0.405994  0.0168897
-0.405696  0.0168736
-0.405398  0.0166071
-0.405099  0.0159997
-0.404801  0.0149416
-0.404503  0.0133089
-0.404205  0.0109731
-0.403907  0.00781221
-0.403608  0.00372385
-0.40331  -0.0013604
-0.403012  -0.00746152
-0.402714  -0.0145408
-0.402416  -0.0224905
-0.402118  -0.031128
-0.401819  -0.040195
-0.401521  -0.0493609
-0.401223  -0.0582317
-0.400925  -0.0663633
-0.400627  -0.0732794
-0.400328  -0.0784914
-0.40003  -0.0815218
-0.399732  -0.0819271
-0.399434  -0.0793216
-0.399136  -0.0733982
-0.398838  -0.0639483
-0.398539  -0.0508765
-0.398241  -0.0342127
-0.397943  -0.0141178
-0.397645  0.00911464
-0.397347  0.0350628
-0.397048  0.0631863
-0.39675  0.0928416
-0.396452  0.123302
-0.396154  0.153782
-0.395856  0.183464
-0.395557  0.211533
-0.395259  0.237201
-0.394961  0.25974
-0.394663  0.278511
-0.394365  0.292984
-0.394066  0.302758
-0.393768  0.307568
-0.39347  0.307294
-0.393172  0.301953
-0.392874  0.291694
-0.392575  0.276781
-0.392277  0.257579
-0.391979  0.23454
-0.391681  0.208187
-0.391383  0.179104
-0.391084  0.147933
-0.390786  0.115372
-0.390488  0.0821794
-0.39019  0.049175
-0.389892  0.0172449
-0.389594  -0.0126651
-0.389295  -0.0395638
-0.388997  -0.0624437
-0.388699  -0.0803253
-0.388401  -0.0923181
-0.388102  -0.0976957
-0.387804  -0.095981
-0.387506  -0.0870348
-0.387208  -0.0711392
-0.38691  -0.0490653
-0.386611  -0.0221161
-0.386313  0.00786654
-0.386015  0.0385362
-0.385717  0.067124
-0.385419  0.0905663
-0.38512  0.105676
-0.384822  0.109345
-0.384524  0.0987686
-0.384226  0.0716698
-0.383928  0.0265064
-0.383629  -0.0373587
-0.383331  -0.119542
-0.383033  -0.218598
-0.382735  -0.332048
-0.382437  -0.456505
-0.382138  -0.587861
-0.38184  -0.721547
-0.381542  -0.852828
-0.381244  -0.977127
-0.380946  -1.09033
-0.380647  -1.18904
-0.380349  -1.27083
-0.380051  -1.3343
-0.379753  -1.37916
-0.379454  -1.40616
-0.379156  -1.41691
-0.378858  -1.41373
-0.37856  -1.39931
-0.378262  -1.3765
-0.377963  -1.34803
-0.377665  -1.31628
-0.377367  -1.28312
-0.377069  -1.24983
-0.376771  -1.21703
-0.376472  -1.18474
-0.376174  -1.15243
-0.375876  -1.11917
-0.375578  -1.08366
-0.375279  -1.04439
-0.374981  -0.99968
-0.374683  -0.947763
-0.374385  -0.886779
-0.374087  -0.814814
-0.373788  -0.729911
-0.37349  -0.630112
-0.373192  -0.513526
-0.372894  -0.378437
-0.372595  -0.223446
-0.372297  -0.0476473
-0.371999  0.149195
-0.371701  0.366477
-0.371403  0.602633
-0.371104  0.855081
-0.370806  1.12025
-0.370508  1.39372
-0.37021  1.6704
-0.369911  1.94488
-0.369613  2.21171
-0.369315  2.46578
-0.369017  2.70262
-0.368719  2.91863
-0.36842  3.11121
-0.368122  3.27878
-0.367824  3.42067
-0.367526  3.53686
-0.367227  3.62772
-0.366929  3.69367
-0.366631  3.73486
-0.366333  3.75095
-0.366035  3.74098
-0.365736  3.70339
-0.365438  3.63617
-0.36514  3.53717
-0.364842  3.40446
-0.364543  3.23683
-0.364245  3.03418
-0.363947  2.79791
-0.363649  2.53117
-0.36335  2.23899
-0.363052  1.92823
-0.362754  1.60731
-0.362456  1.28594
-0.362157  0.974548
-0.361859  0.683843
-0.361561  0.42422
-0.361263  0.205254
-0.360965  0.035238
-0.360666  -0.0792051
-0.360368  -0.133426
-0.36007  -0.124969
-0.359772  -0.0537075
-0.359473  0.078085
-0.359175  0.265743
-0.358877  0.502289
-0.358579  0.778608
-0.35828  1.08371
-0.357982  1.40515
-0.357684  1.72949
-0.357386  2.04299
-0.357087  2.33236
-0.356789  2.5855
-0.356491  2.79243
-0.356193  2.94597
-0.355894  3.04242
-0.355596  3.08199
-0.355298  3.06891
-0.355  3.0113
-0.354702  2.92064
-0.354403  2.81094
-0.354105  2.69763
-0.353807  2.5963
-0.353509  2.52129
-0.35321  2.48435
-0.352912  2.49353
-0.352614  2.55228
-0.352316  2.65897
-0.352017  2.80691
-0.351719  2.98474
-0.351421  3.17741
-0.351123  3.36744
-0.350824  3.5365
-0.350526  3.66708
-0.350228  3.74416
-0.34993  3.75667
-0.349631  3.69856
-0.349333  3.56947
-0.349035  3.37485
-0.348737  3.12551
-0.348438  2.83671
-0.34814  2.52685
-0.347842  2.21589
-0.347544  1.92364
-0.347245  1.66818
-0.346947  1.4645
-0.346649  1.3234
-0.346351  1.25094
-0.346052  1.24831
-0.345754  1.31212
-0.345456  1.43513
-0.345158  1.6072
-0.344859  1.81647
-0.344561  2.05056
-0.344263  2.29765
-0.343965  2.54747
-0.343666  2.79191
-0.343368  3.02548
-0.34307  3.24533
-0.342772  3.45102
-0.342473  3.64408
-0.342175  3.82729
-0.341877  4.00387
-0.341578  4.17665
-0.34128  4.34721
-0.340982  4.51522
-0.340684  4.67793
-0.340385  4.8299
-0.340087  4.96313
-0.339789  5.0674
-0.339491  5.13096
-0.339192  5.14152
-0.338894  5.08732
-0.338596  4.95841
-0.338298  4.74774
-0.337999  4.45218
-0.337701  4.07321
-0.337403  3.61722
-0.337105  3.09537
-0.336806  2.52307
-0.336508  1.91892
-0.33621  1.30349
-0.335912  0.697782
-0.335613  0.121732
-0.335315  -0.407232
-0.335017  -0.875354
-0.334718  -1.27338
-0.33442  -1.59692
-0.334122  -1.84641
-0.333824  -2.02663
-0.333525  -2.1458
-0.333227  -2.21455
-0.332929  -2.24465
-0.332631  -2.24778
-0.332332  -2.23441
-0.332034  -2.2129
-0.331736  -2.18887
-0.331438  -2.16488
-0.331139  -2.14049
-0.330841  -2.11256
-0.330543  -2.07582
-0.330244  -2.02366
-0.329946  -1.9489
-0.329648  -1.84468
-0.32935  -1.70525
-0.329051  -1.52653
-0.328753  -1.30659
-0.328455  -1.04579
-0.328157  -0.746766
-0.327858  -0.41414
-0.32756  -0.054059
-0.327262  0.326381
-0.326963  0.71977
-0.326665  1.119
-0.326367  1.51781
-0.326069  1.9111
-0.32577  2.29524
-0.325472  2.66795
-0.325174  3.02825
-0.324876  3.37605
-0.324577  3.71177
-0.324279  4.03592
-0.323981  4.34868
-0.323682  4.64955
-0.323384  4.93716
-0.323086  5.20919
-0.322788  5.46244
-0.322489  5.69302
-0.322191  5.89661
-0.321893  6.0688
-0.321594  6.20537
-0.321296  6.30266
-0.320998  6.35779
-0.3207  6.36884
-0.320401  6.33494
-0.320103  6.25635
-0.319805  6.13439
-0.319506  5.9713
-0.319208  5.77016
-0.31891  5.53461
-0.318612  5.26865
-0.318313  4.9764
-0.318015  4.66186
-0.317717  4.32866
-0.317418  3.97992
-0.31712  3.61817
-0.316822  3.24534
-0.316524  2.86292
-0.316225  2.47213
-0.315927  2.07432
-0.315629  1.67128
-0.31533  1.26566
-0.315032  0.861219
-0.314734  0.463069
-0.314436  0.0776059
-0.314137  -0.287706
-0.313839  -0.624826
-0.313541  -0.925834
-0.313242  -1.1838
-0.312944  -1.39373
-0.312646  -1.55348
-0.312348  -1.66448
-0.312049  -1.73231
-0.311751  -1.7668
-0.311453  -1.78177
-0.311154  -1.79436
-0.310856  -1.82397
-0.310558  -1.89088
-0.31026  -2.01464
-0.309961  -2.2125
-0.309663  -2.49783
-0.309365  -2.87889
-0.309066  -3.35792
-0.308768  -3.93062
-0.30847  -4.58623
-0.308172  -5.308
-0.307873  -6.07415
-0.307575  -6.85913
-0.307277  -7.63515
-0.306978  -8.37378
-0.30668  -9.04757
-0.306382  -9.63151
-0.306083  -10.1043
-0.305785  -10.4494
-0.305487  -10.6554
-0.305189  -10.7169
-0.30489  -10.6341
-0.304592  -10.4128
-0.304294  -10.0638
-0.303995  -9.60221
-0.303697  -9.04702
-0.303399  -8.41973
-0.3031  -7.74358
-0.302802  -7.04245
-0.302504  -6.33976
-0.302206  -5.65742
-0.301907  -5.01473
-0.301609  -4.42743
-0.301311  -3.90684
-0.301012  -3.4592
-0.300714  -3.08525
-0.300416  -2.7802
-0.300117  -2.53392
-0.299819  -2.33163
-0.299521  -2.15494
-0.299223  -1.98319
-0.298924  -1.79509
-0.298626  -1.57048
-0.298328  -1.2921
-0.298029  -0.947231
-0.297731  -0.528957
-0.297433  -0.0370948
-0.297134  0.5215
-0.296836  1.13318
-0.296538  1.77838
-0.296239  2.43292
-0.295941  3.0699
-0.295643  3.66162
-0.295345  4.18178
-0.295046  4.60742
-0.294748  4.92067
-0.29445  5.10997
-0.294151  5.17088
-0.293853  5.10621
-0.293555  4.92572
-0.293256  4.64524
-0.292958  4.28542
-0.29266  3.87027
-0.292361  3.42553
-0.292063  2.97708
-0.291765  2.54943
-0.291467  2.16447
-0.291168  1.84047
-0.29087  1.59144
-0.290572  1.42671
-0.290273  1.35095
-0.289975  1.36437
-0.289677  1.46323
-0.289378  1.64044
-0.28908  1.88639
-0.288782  2.1898
-0.288483  2.53852
-0.288185  2.92035
-0.287887  3.32369
-0.287588  3.73799
-0.28729  4.15406
-0.286992  4.56411
-0.286694  4.9616
-0.286395  5.34095
-0.286097  5.6971
-0.285799  6.02503
-0.2855  6.31938
-0.285202  6.57415
-0.284904  6.78265
-0.284605  6.93766
-0.284307  7.03185
-0.284009  7.05844
-0.28371  7.01203
-0.283412  6.8895
-0.283114  6.69088
-0.282815  6.42007
-0.282517  6.08531
-0.282219  5.69932
-0.28192  5.279
-0.281622  4.84479
-0.281324  4.41965
-0.281026  4.02765
-0.280727  3.69253
-0.280429  3.43601
-0.280131  3.27626
-0.279832  3.22654
-0.279534  3.29412
-0.279236  3.47952
-0.278937  3.77632
-0.278639  4.17127
-0.278341  4.64493
-0.278042  5.17267
-0.277744  5.72605
-0.277446  6.27436
-0.277147  6.78639
-0.276849  7.23221
-0.276551  7.58485
-0.276252  7.82184
-0.275954  7.92646
-0.275656  7.88869
-0.275357  7.70559
-0.275059  7.38145
-0.274761  6.92726
-0.274462  6.35993
-0.274164  5.70098
-0.273866  4.97511
-0.273567  4.20844
-0.273269  3.42685
-0.272971  2.65433
-0.272672  1.91161
-0.272374  1.21507
-0.272076  0.576145
-0.271777  0.00103036
-0.271479  -0.509049
-0.271181  -0.957282
-0.270882  -1.35039
-0.270584  -1.69756
-0.270286  -2.00935
-0.269987  -2.29659
-0.269689  -2.56944
-0.269391  -2.83668
-0.269092  -3.1052
-0.268794  -3.37972
-0.268496  -3.66267
-0.268197  -3.95427
-0.267899  -4.25262
-0.267601  -4.55385
-0.267302  -4.85217
-0.267004  -5.13999
-0.266706  -5.40791
-0.266407  -5.6448
-0.266109  -5.83789
-0.265811  -5.973
-0.265512  -6.03501
-0.265214  -6.00844
-0.264916  -5.87836
-0.264617  -5.63143
-0.264319  -5.2571
-0.264021  -4.74883
-0.263722  -4.10522
-0.263424  -3.33094
-0.263126  -2.43731
-0.262827  -1.44246
-0.262529  -0.370995
-0.262231  0.746854
-0.261932  1.87656
-0.261634  2.98104
-0.261336  4.02262
-0.261037  4.96518
-0.260739  5.77623
-0.260441  6.42872
-0.260142  6.90254
-0.259844  7.18548
-0.259546  7.27362
-0.259247  7.17112
-0.258949  6.88949
-0.258651  6.44628
-0.258352  5.86357
-0.258054  5.16612
-0.257756  4.37967
-0.257457  3.52928
-0.257159  2.63807
-0.256861  1.72636
-0.256562  0.811278
-0.256264  -0.0931639
-0.255966  -0.975575
-0.255667  -1.82642
-0.255369  -2.63712
-0.255071  -3.39916
-0.254772  -4.10339
-0.254474  -4.73964
-0.254176  -5.2967
-0.253877  -5.76268
-0.253579  -6.12575
-0.253281  -6.37511
-0.252982  -6.50207
-0.252684  -6.50106
-0.252385  -6.37049
-0.252087  -6.11321
-0.251789  -5.73661
-0.25149  -5.25225
-0.251192  -4.6751
-0.250894  -4.0225
-0.250595  -3.31293
-0.250297  -2.56478
-0.249999  -1.79527
-0.2497  -1.01963
-0.249402  -0.250616
-0.249104  0.501477
-0.248805  1.22857
-0.248507  1.92413
-0.248209  2.58245
-0.24791  3.19774
-0.247612  3.76342
-0.247314  4.27163
-0.247015  4.71297
-0.246717  5.07668
-0.246419  5.35113
-0.24612  5.52462
-0.245822  5.58642
-0.245523  5.52789
-0.245225  5.34357
-0.244927  5.03213
-0.244628  4.5971
-0.24433  4.04716
-0.244032  3.39613
-0.243733  2.66251
-0.243435  1.86867
-0.243137  1.03965
-0.242838  0.201835
-0.24254  -0.618571
-0.242242  -1.39705
-0.241943  -2.11216
-0.241645  -2.74669
-0.241347  -3.2885
-0.241048  -3.73098
-0.24075  -4.07314
-0.240451  -4.31919
-0.240153  -4.47785
-0.239855  -4.56133
-0.239556  -4.5841
-0.239258  -4.56156
-0.23896  -4.50879
-0.238661  -4.4394
-0.238363  -4.36462
-0.238065  -4.29268
-0.237766  -4.22854
-0.237468  -4.17394
-0.23717  -4.12771
-0.236871  -4.08638
-0.236573  -4.04486
-0.236274  -3.99726
-0.235976  -3.93761
-0.235678  -3.86055
-0.235379  -3.76176
-0.235081  -3.63835
-0.234783  -3.48887
-0.234484  -3.31325
-0.234186  -3.1126
-0.233888  -2.88879
-0.233589  -2.64417
-0.233291  -2.38112
-0.232992  -2.10184
-0.232694  -1.80816
-0.232396  -1.50147
-0.232097  -1.18287
-0.231799  -0.853341
-0.231501  -0.514067
-0.231202  -0.166748
-0.230904  0.186089
-0.230606  0.540875
-0.230307  0.892903
-0.230009  1.2364
-0.22971  1.56479
-0.229412  1.87107
-0.229114  2.1484
-0.228815  2.39068
-0.228517  2.59322
-0.228219  2.75322
-0.22792  2.87025
-0.227622  2.94642
-0.227324  2.98636
-0.227025  2.99695
-0.226727  2.98688
-0.226428  2.96601
-0.22613  2.94469
-0.225832  2.93309
-0.225533  2.94057
-0.225235  2.97529
-0.224937  3.04396
-0.224638  3.15185
-0.22434  3.3029
-0.224042  3.5001
-0.223743  3.74576
-0.223445  4.0419
-0.223146  4.39036
-0.222848  4.79291
-0.22255  5.25098
-0.222251  5.76526
-0.221953  6.33508
-0.221655  6.9577
-0.221356  7.62754
-0.221058  8.33554
-0.220759  9.06869
-0.220461  9.8099
-0.220163  10.5382
-0.219864  11.2294
-0.219566  11.8569
-0.219268  12.3934
-0.218969  12.8122
-0.218671  13.0891
-0.218373  13.204
-0.218074  13.1425
-0.217776  12.8972
-0.217477  12.4685
-0.217179  11.8648
-0.216881  11.1021
-0.216582  10.2035
-0.216284  9.1975
-0.215986  8.11616
-0.215687  6.99335
-0.215389  5.86242
-0.21509  4.75425
-0.214792  3.69546
-0.214494  2.70722
-0.214195  1.80441
-0.213897  0.995559
-0.213599  0.28327
-0.2133  -0.334815
-0.213002  -0.864654
-0.212703  -1.31426
-0.212405  -1.69214
-0.212107  -2.00589
-0.211808  -2.2612
-0.21151  -2.46119
-0.211212  -2.60647
-0.210913  -2.69548
-0.210615  -2.72543
-0.210316  -2.69344
-0.210018  -2.59788
-0.20972  -2.4396
-0.209421  -2.22293
-0.209123  -1.95636
-0.208824  -1.65264
-0.208526  -1.32851
-0.208228  -1.00375
-0.207929  -0.70004
-0.207631  -0.439334
-0.207333  -0.242256
-0.207034  -0.126465
-0.206736  -0.105257
-0.206437  -0.186499
-0.206139  -0.372
-0.205841  -0.65737
-0.205542  -1.03236
-0.205244  -1.48167
-0.204946  -1.98604
-0.204647  -2.52367
-0.204349  -3.07169
-0.20405  -3.60762
-0.203752  -4.1107
-0.203454  -4.56297
-0.203155  -4.95001
-0.202857  -5.26138
-0.202558  -5.49067
-0.20226  -5.63523
-0.201962  -5.69571
-0.201663  -5.67533
-0.201365  -5.57915
-0.201067  -5.41334
-0.200768  -5.18453
-0.20047  -4.89937
-0.200171  -4.56428
-0.199873  -4.18539
-0.199575  -3.76873
-0.199276  -3.3205
-0.198978  -2.84748
-0.198679  -2.35737
-0.198381  -1.85901
-0.198083  -1.36251
-0.197784  -0.879071
-0.197486  -0.420549
-0.197188  0.00116184
-0.196889  0.375017
-0.196591  0.691793
-0.196292  0.94509
-0.195994  1.13223
-0.195696  1.25493
-0.195397  1.31967
-0.195099  1.33762
-0.1948  1.32417
-0.194502  1.29797
-0.194204  1.27958
-0.193905  1.28993
-0.193607  1.34844
-0.193308  1.47139
-0.19301  1.67027
-0.192712  1.9506
-0.192413  2.31126
-0.192115  2.7443
-0.191817  3.23545
-0.191518  3.76524
-0.19122  4.31051
-0.190921  4.84639
-0.190623  5.34836
-0.190325  5.79428
-0.190026  6.16617
-0.189728  6.45158
-0.189429  6.64432
-0.189131  6.7446
-0.188833  6.75852
-0.188534  6.69702
-0.188236  6.57433
-0.187937  6.40624
-0.187639  6.20829
-0.187341  5.99415
-0.187042  5.77436
-0.186744  5.55549
-0.186445  5.33994
-0.186147  5.12624
-0.185849  4.90994
-0.18555  4.68475
-0.185252  4.44403
-0.184954  4.18226
-0.184655  3.8963
-0.184357  3.58642
-0.184058  3.25685
-0.18376  2.91586
-0.183462  2.57526
-0.183163  2.24952
-0.182865  1.95451
-0.182566  1.70604
-0.182268  1.51828
-0.18197  1.40245
-0.181671  1.36553
-0.181373  1.40955
-0.181074  1.53113
-0.180776  1.7216
-0.180478  1.96745
-0.180179  2.25115
-0.179881  2.55232
-0.179582  2.84896
-0.179284  3.11878
-0.178986  3.34051
-0.178687  3.49503
-0.178389  3.56637
-0.17809  3.54243
-0.177792  3.41555
-0.177494  3.18277
-0.177195  2.84595
-0.176897  2.41168
-0.176598  1.89101
-0.1763  1.29908
-0.176002  0.65457
-0.175703  -0.020954
-0.175405  -0.703859
-0.175106  -1.36934
-0.174808  -1.99246
-0.17451  -2.54919
-0.174211  -3.01759
-0.173913  -3.37883
-0.173614  -3.61823
-0.173316  -3.72599
-0.173018  -3.69781
-0.172719  -3.53509
-0.172421  -3.24489
-0.172122  -2.83944
-0.171824  -2.33541
-0.171526  -1.75286
-0.171227  -1.11403
-0.170929  -0.442007
-0.17063  0.240586
-0.170332  0.912741
-0.170034  1.55604
-0.169735  2.1553
-0.169437  2.69896
-0.169138  3.17902
-0.16884  3.59084
-0.168542  3.93255
-0.168243  4.20442
-0.167945  4.40818
-0.167646  4.54631
-0.167348  4.62161
-0.16705  4.63681
-0.166751  4.5946
-0.166453  4.49774
-0.166154  4.34946
-0.165856  4.15391
-0.165557  3.9167
-0.165259  3.64533
-0.164961  3.34944
-0.164662  3.04082
-0.164364  2.73315
-0.164065  2.44131
-0.163767  2.18057
-0.163469  1.96542
-0.16317  1.8084
-0.162872  1.71888
-0.162573  1.70205
-0.162275  1.75813
-0.161977  1.88205
-0.161678  2.06345
-0.16138  2.28725
-0.161081  2.53459
-0.160783  2.78416
-0.160485  3.01366
-0.160186  3.20155
-0.159888  3.32856
-0.159589  3.37913
-0.159291  3.34247
-0.158993  3.2133
-0.158694  2.99209
-0.158396  2.68485
-0.158097  2.30252
-0.157799  1.86008
-0.1575  1.37532
-0.157202  0.86752
-0.156904  0.356159
-0.156605  -0.140349
-0.156307  -0.605697
-0.156008  -1.02649
-0.15571  -1.39276
-0.155412  -1.69815
-0.155113  -1.93985
-0.154815  -2.11826
-0.154516  -2.23644
-0.154218  -2.29944
-0.15392  -2.31359
-0.153621  -2.28581
-0.153323  -2.2229
-0.153024  -2.1311
-0.152726  -2.01571
-0.152427  -1.88085
-0.152129  -1.72948
-0.151831  -1.56352
-0.151532  -1.38402
-0.151234  -1.19153
-0.150935  -0.986418
-0.150637  -0.769195
-0.150339  -0.540845
-0.15004  -0.303072
-0.149742  -0.0584851
-0.149443  0.18929
-0.149145  0.435572
-0.148846  0.67467
-0.148548  0.899985
-0.14825  1.10419
-0.147951  1.27951
-0.147653  1.41798
-0.147354  1.51192
-0.147056  1.55433
-0.146758  1.53944
-0.146459  1.46319
-0.146161  1.3238
-0.145862  1.12222
-0.145564  0.862473
-0.145266  0.551873
-0.144967  0.201031
-0.144669  -0.176362
-0.14437  -0.563998
-0.144072  -0.943629
-0.143773  -1.29595
-0.143475  -1.60162
-0.143177  -1.84231
-0.142878  -2.00185
-0.14258  -2.06711
-0.142281  -2.02889
-0.141983  -1.88245
-0.141685  -1.62788
-0.141386  -1.27008
-0.141088  -0.818536
-0.140789  -0.286848
-0.140491  0.308019
-0.140192  0.946598
-0.139894  1.6079
-0.139596  2.27048
-0.139297  2.91343
-0.138999  3.51746
-0.1387  4.06576
-0.138402  4.54483
-0.138103  4.94516
-0.137805  5.26168
-0.137507  5.49407
-0.137208  5.64682
-0.13691  5.72901
-0.136611  5.75387
-0.136313  5.73807
-0.136015  5.70077
-0.135716  5.66243
-0.135418  5.64351
-0.135119  5.66306
-0.134821  5.73732
-0.134522  5.87848
-0.134224  6.09356
-0.133926  6.38371
-0.133627  6.74378
-0.133329  7.1624
-0.13303  7.62247
-0.132732  8.10206
-0.132433  8.57573
-0.132135  9.01603
-0.131837  9.39527
-0.131538  9.68728
-0.13124  9.86905
-0.130941  9.92218
-0.130643  9.83405
-0.130345  9.59849
-0.130046  9.21616
-0.129748  8.69435
-0.129449  8.04648
-0.129151  7.29121
-0.128852  6.45122
-0.128554  5.55194
-0.128256  4.62012
-0.127957  3.68242
-0.127659  2.76419
-0.12736  1.88833
-0.127062  1.07444
-0.126763  0.338197
-0.126465  -0.308977
-0.126167  -0.860078
-0.125868  -1.3124
-0.12557  -1.66726
-0.125271  -1.92958
-0.124973  -2.1074
-0.124674  -2.21126
-0.124376  -2.25359
-0.124078  -2.24811
-0.123779  -2.20917
-0.123481  -2.1512
-0.123182  -2.08812
-0.122884  -2.03282
-0.122585  -1.99674
-0.122287  -1.98943
-0.121989  -2.01825
-0.12169  -2.08816
-0.121392  -2.2015
-0.121093  -2.35804
-0.120795  -2.55494
-0.120496  -2.78692
-0.120198  -3.04648
-0.1199  -3.32427
-0.119601  -3.60939
-0.119303  -3.88995
-0.119004  -4.15355
-0.118706  -4.38788
-0.118407  -4.5813
-0.118109  -4.72348
-0.117811  -4.80595
-0.117512  -4.82265
-0.117214  -4.77035
-0.116915  -4.64893
-0.116617  -4.46147
-0.116318  -4.21417
-0.11602  -3.91605
-0.115722  -3.5784
-0.115423  -3.21413
-0.115125  -2.83691
-0.114826  -2.46031
-0.114528  -2.09698
-0.114229  -1.75784
-0.113931  -1.45158
-0.113633  -1.18427
-0.113334  -0.959314
-0.113036  -0.777621
-0.112737  -0.638039
-0.112439  -0.53792
-0.11214  -0.4738
-0.111842  -0.442055
-0.111544  -0.439482
-0.111245  -0.463706
-0.110947  -0.51339
-0.110648  -0.588214
-0.11035  -0.68865
-0.110051  -0.815582
-0.109753  -0.96983
-0.109455  -1.15166
-0.109156  -1.36039
-0.108858  -1.59404
-0.108559  -1.84928
-0.108261  -2.12144
-0.107962  -2.40474
-0.107664  -2.69268
-0.107366  -2.97841
-0.107067  -3.25519
-0.106769  -3.51674
-0.10647  -3.75748
-0.106172  -3.97269
-0.105873  -4.15842
-0.105575  -4.31144
-0.105277  -4.42898
-0.104978  -4.50849
-0.10468  -4.54749
-0.104381  -4.54341
-0.104083  -4.49361
-0.103784  -4.39553
-0.103486  -4.24689
-0.103188  -4.0461
-0.102889  -3.7926
-0.102591  -3.48725
-0.102292  -3.13269
-0.101994  -2.73347
-0.101695  -2.2962
-0.101397  -1.82939
-0.101098  -1.34321
-0.1008  -0.849086
-0.100502  -0.359155
-0.100203  0.114299
-0.0999047  0.559486
-0.0996063  0.965699
-0.0993079  1.32386
-0.0990094  1.62695
-0.098711  1.87034
-0.0984126  2.05197
-0.0981141  2.17235
-0.0978157  2.23445
-0.0975173  2.24344
-0.0972188  2.20629
-0.0969204  2.13131
-0.0966219  2.02755
-0.0963235  1.90429
-0.0960251  1.77043
-0.0957266  1.63406
-0.0954282  1.50202
-0.0951298  1.37966
-0.0948313  1.27074
-0.0945329  1.17745
-0.0942345  1.1006
-0.093936  1.0399
-0.0936376  0.99431
-0.0933391  0.962385
-0.0930407  0.942603
-0.0927423  0.9336
-0.0924438  0.934293
-0.0921454  0.943873
-0.091847  0.961674
-0.0915485  0.986957
-0.0912501  1.01864
-0.0909516  1.05503
-0.0906532  1.09361
-0.0903548  1.13096
-0.0900563  1.16282
-0.0897579  1.18427
-0.0894595  1.19013
-0.089161  1.17544
-0.0888626  1.136
-0.0885641  1.06891
-0.0882657  0.973024
-0.0879673  0.849291
-0.0876688  0.700823
-0.0873704  0.532788
-0.0870719  0.352046
-0.0867735  0.166573
-0.0864751  -0.0152539
-0.0861766  -0.185461
-0.0858782  -0.337254
-0.0855798  -0.465702
-0.0852813  -0.568223
-0.0849829  -0.644839
-0.0846844  -0.698137
-0.084386  -0.732962
-0.0840876  -0.755862
-0.0837891  -0.774353
-0.0834907  -0.79607
-0.0831922  -0.827925
-0.0828938  -0.87534
-0.0825954  -0.941654
-0.0822969  -1.02775
-0.0819985  -1.13195
-0.0817  -1.25018
-0.0814016  -1.37636
-0.0811032  -1.50296
-0.0808047  -1.62175
-0.0805063  -1.72449
-0.0802078  -1.80361
-0.0799094  -1.85286
-0.079611  -1.86765
-0.0793125  -1.84539
-0.0790141  -1.78548
-0.0787156  -1.68922
-0.0784172  -1.55955
-0.0781187  -1.40073
-0.0778203  -1.2179
-0.0775219  -1.0167
-0.0772234  -0.802893
-0.076925  -0.582031
-0.0766265  -0.359239
-0.0763281  -0.139031
-0.0760297  0.0747771
-0.0757312  0.279104
-0.0754328  0.471589
-0.0751343  0.650544
-0.0748359  0.814882
-0.0745374  0.964029
-0.074239  1.09783
-0.0739406  1.21642
-0.0736421  1.32016
-0.0733437  1.40947
-0.0730452  1.48473
-0.0727468  1.54616
-0.0724484  1.59377
-0.0721499  1.62723
-0.0718515  1.64587
-0.071553  1.64866
-0.0712546  1.63431
-0.0709561  1.60128
-0.0706577  1.54798
-0.0703593  1.47288
-0.0700608  1.37469
-0.0697624  1.25251
-0.0694639  1.10596
-0.0691655  0.935333
-0.068867  0.741603
-0.0685686  0.526494
-0.0682701  0.292427
-0.0679717  0.0424659
-0.0676733  -0.219796
-0.0673748  -0.49036
-0.0670764  -0.764961
-0.0667779  -1.03921
-0.0664795  -1.30874
-0.066181  -1.56929
-0.0658826  -1.81683
-0.0655842  -2.04763
-0.0652857  -2.25826
-0.0649873  -2.44567
-0.0646888  -2.60712
-0.0643904  -2.74025
-0.0640919  -2.84298
-0.0637935  -2.91351
-0.063495  -2.95034
-0.0631966  -2.95216
-0.0628982  -2.91795
-0.0625997  -2.8469
-0.0623013  -2.73851
-0.0620028  -2.59258
-0.0617044  -2.40931
-0.0614059  -2.18936
-0.0611075  -1.93396
-0.060809  -1.64499
-0.0605106  -1.32511
-0.0602121  -0.977795
-0.0599137  -0.60744
-0.0596153  -0.219369
-0.0593168  0.180168
-0.0590184  0.584061
-0.0587199  0.984443
-0.0584215  1.37286
-0.058123  1.7405
-0.0578246  2.07839
-0.0575261  2.37777
-0.0572277  2.63032
-0.0569292  2.82851
-0.0566308  2.96594
-0.0563324  3.03757
-0.0560339  3.04006
-0.0557355  2.97194
-0.055437  2.83382
-0.0551386  2.6285
-0.0548401  2.36103
-0.0545417  2.03862
-0.0542432  1.67053
-0.0539448  1.26779
-0.0536463  0.842847
-0.0533479  0.409111
-0.0530494  -0.019633
-0.052751  -0.429823
-0.0524525  -0.808771
-0.0521541  -1.14529
-0.0518557  -1.43025
-0.0515572  -1.65703
-0.0512588  -1.82178
-0.0509603  -1.92356
-0.0506619  -1.9642
-0.0503634  -1.94806
-0.050065  -1.88158
-0.0497665  -1.77266
-0.0494681  -1.63009
-0.0491696  -1.46291
-0.0488712  -1.27979
-0.0485727  -1.08859
-0.0482743  -0.896072
-0.0479758  -0.707655
-0.0476774  -0.527485
-0.0473789  -0.358546
-0.0470805  -0.202909
-0.0467821  -0.0620411
-0.0464836  0.0628775
-0.0461852  0.170666
-0.0458867  0.259931
-0.0455883  0.328948
-0.0452898  0.375659
-0.0449914  0.397773
-0.0446929  0.392961
-0.0443945  0.359123
-0.044096  0.294684
-0.0437976  0.198887
-0.0434991  0.0720602
-0.0432007  -0.0842007
-0.0429022  -0.266931
-0.0426038  -0.471811
-0.0423053  -0.693295
-0.0420069  -0.924844
-0.0417084  -1.15926
-0.04141  -1.38905
-0.0411115  -1.60691
-0.0408131  -1.80608
-0.0405146  -1.98073
-0.0402162  -2.12632
-0.0399177  -2.23968
-0.0396193  -2.3192
-0.0393208  -2.36471
-0.0390224  -2.37734
-0.0387239  -2.35926
-0.0384255  -2.3134
-0.0381271  -2.24307
-0.0378286  -2.15169
-0.0375302  -2.04247
-0.0372317  -1.91822
-0.0369333  -1.78125
-0.0366348  -1.63326
-0.0363364  -1.47542
-0.0360379  -1.30842
-0.0357395  -1.13263
-0.035441  -0.94815
-0.0351426  -0.755021
-0.0348441  -0.553269
-0.0345457  -0.343014
-0.0342472  -0.124536
-0.0339488  0.101669
-0.0336503  0.334839
-0.0333519  0.573884
-0.0330534  0.817323
-0.032755  1.06322
-0.0324565  1.30911
-0.0321581  1.55201
-0.0318596  1.78836
-0.0315612  2.01415
-0.0312627  2.22505
-0.0309643  2.41662
-0.0306658  2.58458
-0.0303674  2.72517
-0.0300689  2.83543
-0.0297705  2.91359
-0.029472  2.95924
-0.0291736  2.97352
-0.0288751  2.95911
-0.0285767  2.92015
-0.0282782  2.86193
-0.0279798  2.79057
-0.0276813  2.71254
-0.0273829  2.63415
-0.0270844  2.56113
-0.026786  2.49815
-0.0264875  2.44852
-0.0261891  2.41402
-0.0258906  2.39476
-0.0255922  2.38932
-0.0252937  2.39492
-0.0249953  2.40765
-0.0246968  2.42284
-0.0243984  2.4354
-0.0240999  2.44014
-0.0238015  2.43209
-0.023503  2.40676
-0.0232046  2.36035
-0.0229061  2.28988
-0.0226077  2.19337
-0.0223092  2.06986
-0.0220108  1.91951
-0.0217123  1.7436
-0.0214139  1.54458
-0.0211154  1.32599
-0.020817  1.09237
-0.0205185  0.849168
-0.0202201  0.602471
-0.0199216  0.358751
-0.0196232  0.124518
-0.0193247  -0.0940485
-0.0190263  -0.291484
-0.0187278  -0.463385
-0.0184294  -0.606687
-0.0181309  -0.719848
-0.0178325  -0.802893
-0.017534  -0.857333
-0.0172356  -0.885947
-0.0169371  -0.89245
-0.0166387  -0.881092
-0.0163402  -0.856223
-0.0160417  -0.82188
-0.0157433  -0.78143
-0.0154448  -0.737316
-0.0151464  -0.690928
-0.0148479  -0.64259
-0.0145495  -0.591675
-0.014251  -0.536809
-0.0139526  -0.476128
-0.0136541  -0.407572
-0.0133557  -0.329158
-0.0130572  -0.239213
-0.0127588  -0.136557
-0.0124603  -0.0206127
-0.0121619  0.108539
-0.0118634  0.250156
-0.011565  0.402871
-0.0112665  0.564736
-0.0109681  0.733283
-0.0106696  0.905578
-0.0103712  1.07828
-0.0100727  1.2477
-0.00977428  1.40987
-0.00947583  1.56068
-0.00917738  1.69592
-0.00887892  1.81156
-0.00858047  1.90383
-0.00828202  1.96949
-0.00798357  2.00601
-0.00768512  2.01178
-0.00738667  1.98624
-0.00708822  1.92998
-0.00678977  1.84476
-0.00649132  1.73351
-0.00619286  1.60014
-0.00589441  1.44945
-0.00559596  1.28681
-0.00529751  1.11798
-0.00499906  0.948744
-0.00470061  0.784642
-0.00440216  0.630682
-0.00410371  0.491053
-0.00380525  0.368895
-0.0035068  0.266109
-0.00320835  0.183232
-0.0029099  0.119391
-0.00261145  0.072351
-0.002313  0.0386598
-0.00201455  0.0139
-0.00171609  -0.00696354
-0.00141764  -0.0291555
-0.00111919  -0.0576107
-0.000820741  -0.096482
-0.00052229  -0.148682
-0.000223838  -0.25078
0.000373064  -0.381203
0.000671515  -0.480874
0.000969967  -0.581887
0.00126842  -0.677298
0.00156687  -0.75969
0.00186532  -0.821861
0.00216377  -0.857507
0.00246222  -0.861852
0.00276067  -0.832156
0.00305913  -0.768033
0.00335758  -0.67157
0.00365603  -0.547204
0.00395448  -0.401402
0.00425293  -0.242147
0.00455138  -0.0782968
0.00484983  0.0811152
0.00514828  0.227587
0.00544674  0.353781
0.00574519  0.454041
0.00604364  0.524737
0.00634209  0.564433
0.00664054  0.573855
0.00693899  0.555687
0.00723744  0.51422
0.00753589  0.454889
0.00783435  0.383756
0.0081328  0.306984
0.00843125  0.230347
0.0087297  0.158818
0.00902815  0.096279
0.0093266  0.0453435
0.00962505  0.00732885
0.0099235  -0.0176489
0.010222  -0.0304689
0.0105204  -0.0327188
0.0108189  -0.0263619
0.0111173  -0.0133991
0.0114158  0.00443628
0.0117142  0.0259173
0.0120127  0.0504685
0.0123111  0.078203
0.0126096  0.10985
0.012908  0.146583
0.0132065  0.189773
0.0135049  0.240705
0.0138034  0.300284
0.0141018  0.36879
0.0144003  0.445698
0.0146987  0.529614
0.0149972  0.618315
0.0152956  0.708912
0.0155941  0.798114
0.0158925  0.882563
0.016191  0.95919
0.0164894  1.02556
0.0167879  1.08017
0.0170863  1.12258
0.0173848  1.15355
0.0176832  1.17484
0.0179817  1.18911
0.0182801  1.1995
0.0185786  1.20928
0.018877  1.22144
0.0191755  1.23828
0.0194739  1.26114
0.0197724  1.29017
0.0200708  1.32429
0.0203693  1.36127
0.0206677  1.39796
0.0209662  1.43053
0.0212646  1.45486
0.0215631  1.4669
0.0218615  1.46294
0.02216  1.4399
0.0224584  1.39546
0.0227569  1.32812
0.0230553  1.23712
0.0233538  1.1224
0.0236522  0.984417
0.0239507  0.824028
0.0242491  0.642419
0.0245476  0.44105
0.024846  0.22169
0.0251445  -0.0135023
0.0254429  -0.261867
0.0257414  -0.520138
0.0260398  -0.784379
0.0263383  -1.05
0.0266367  -1.31186
0.0269352  -1.5645
0.0272336  -1.80245
0.0275321  -2.0206
0.0278305  -2.21463
0.028129  -2.38135
0.0284274  -2.51895
0.0287259  -2.62719
0.0290243  -2.70733
0.0293228  -2.76192
0.0296212  -2.79443
0.0299197  -2.80875
0.0302181  -2.80863
0.0305166  -2.79713
0.030815  -2.77612
0.0311135  -2.74598
0.0314119  -2.70545
0.0317104  -2.65171
0.0320088  -2.58066
0.0323073  -2.48743
0.0326057  -2.36697
0.0329042  -2.21474
0.0332026  -2.02737
0.0335011  -1.80321
0.0337995  -1.54274
0.034098  -1.24879
0.0343964  -0.926467
0.0346949  -0.582909
0.0349933  -0.22683
0.0352918  0.132106
0.0355902  0.483984
0.0358887  0.819343
0.0361871  1.12983
0.0364856  1.40872
0.036784  1.65124
0.0370825  1.85476
0.0373809  2.01861
0.0376794  2.14392
0.0379778  2.23309
0.0382763  2.28926
0.0385747  2.31579
0.0388732  2.31565
0.0391716  2.29099
0.0394701  2.2429
0.0397685  2.17127
0.040067  2.07496
0.0403654  1.95207
0.0406639  1.80046
0.0409623  1.61827
0.0412608  1.4045
0.0415592  1.15956
0.0418577  0.88558
0.0421561  0.586583
0.0424546  0.2684
0.042753  -0.0616849
0.0430515  -0.395503
0.0433499  -0.724738
0.0436483  -1.04174
0.0439468  -1.34031
0.0442452  -1.61637
0.0445437  -1.86842
0.0448421  -2.09766
0.0451406  -2.30786
0.045439  -2.50484
0.0457375  -2.69573
0.0460359  -2.88801
0.0463344  -3.08849
0.0466328  -3.30231
0.0469313  -3.5321
0.0472297  -3.77744
0.0475282  -4.03458
0.0478266  -4.29663
0.0481251  -4.55398
0.0484235  -4.79514
0.048722  -5.00776
0.0490204  -5.17972
0.0493189  -5.30029
0.0496173  -5.36111
0.0499158  -5.35695
0.0502142  -5.28619
0.0505126  -5.15092
0.0508111  -4.95676
0.0511095  -4.71231
0.051408  -4.42836
0.0517064  -4.11701
0.0520049  -3.79064
0.0523033  -3.46095
0.0526018  -3.13818
0.0529002  -2.83048
0.0531987  -2.54356
0.0534971  -2.28057
0.0537956  -2.04234
0.054094  -1.82777
0.0543925  -1.6344
0.0546909  -1.45914
0.0549893  -1.29892
0.0552878  -1.15137
0.0555862  -1.01527
0.0558847  -0.890896
0.0561831  -0.780033
0.0564816  -0.685843
0.05678  -0.61246
0.0570785  -0.564426
0.0573769  -0.54602
0.0576754  -0.560553
0.0579738  -0.609717
0.0582723  -0.693072
0.0585707  -0.807727
0.0588691  -0.948275
0.0591676  -1.10699
0.059466  -1.27432
0.0597645  -1.4395
0.0600629  -1.59148
0.0603614  -1.71978
0.0606598  -1.81544
0.0609583  -1.87172
0.0612567  -1.88478
0.0615552  -1.8539
0.0618536  -1.78152
0.062152  -1.67292
0.0624505  -1.5356
0.0627489  -1.37845
0.0630474  -1.21074
0.0633458  -1.04112
0.0636443  -0.876633
0.0639427  -0.721966
0.0642412  -0.578901
0.0645396  -0.446142
0.064838  -0.319488
0.0651365  -0.192345
0.0654349  -0.0565466
0.0657334  0.0966149
0.0660318  0.275255
0.0663303  0.485775
0.0666287  0.73189
0.0669272  1.01391
0.0672256  1.32836
0.067524  1.668
0.0678225  2.02224
0.0681209  2.37793
0.0684194  2.72046
0.0687178  3.03499
0.0690163  3.30782
0.0693147  3.5276
0.0696131  3.68642
0.0699116  3.78049
0.07021  3.8105
0.0705085  3.78154
0.0708069  3.70256
0.0711054  3.58553
0.0714038  3.44426
0.0717022  3.29309
0.0720007  3.14552
0.0722991  3.01292
0.0725976  2.90352
0.072896  2.8216
0.0731945  2.76712
0.0734929  2.73573
0.0737913  2.71922
0.0740898  2.70624
0.0743882  2.68339
0.0746867  2.63644
0.0749851  2.55167
0.0752836  2.41716
0.075582  2.22395
0.0758804  1.96696
0.0761789  1.64558
0.0764773  1.26396
0.0767758  0.830858
0.0770742  0.359176
0.0773726  -0.134881
0.0776711  -0.632864
0.0779695  -1.11532
0.078268  -1.56312
0.0785664  -1.95873
0.0788649  -2.28735
0.0791633  -2.53784
0.0794617  -2.70335
0.0797602  -2.78163
0.0800586  -2.77496
0.0803571  -2.68983
0.0806555  -2.53627
0.0809539  -2.32699
0.0812524  -2.07646
0.0815508  -1.79981
0.0818493  -1.51191
0.0821477  -1.22649
0.0824461  -0.955399
0.0827446  -0.708132
0.083043  -0.491536
0.0833415  -0.309726
0.0836399  -0.164191
0.0839383  -0.0540523
0.0842368  0.0235542
0.0845352  0.0730369
0.0848337  0.0998667
0.0851321  0.110101
0.0854305  0.109943
0.085729  0.105356
0.0860274  0.101757
0.0863259  0.103794
0.0866243  0.115225
0.0869227  0.138881
0.0872212  0.176737
0.0875196  0.23005
0.087818  0.299573
0.0881165  0.385803
0.0884149  0.489242
0.0887134  0.610645
0.0890118  0.751202
0.0893102  0.912649
0.0896087  1.09726
0.0899071  1.30775
0.0902056  1.54698
0.090504  1.81768
0.0908024  2.122
0.0911009  2.46106
0.0913993  2.83452
0.0916977  3.24018
0.0919962  3.67378
0.0922946  4.12882
0.0925931  4.59664
0.0928915  5.06666
0.0931899  5.52674
0.0934884  5.96373
0.0937868  6.36406
0.0940852  6.71442
0.0943837  7.00238
0.0946821  7.21702
0.0949805  7.34931
0.095279  7.39254
0.0955774  7.34243
0.0958759  7.19715
0.0961743  6.95721
0.0964727  6.62517
0.0967712  6.20535
0.0970696  5.70342
0.097368  5.12605
0.0976665  4.48056
0.0979649  3.77471
0.0982633  3.01652
0.0985618  2.21424
0.0988602  1.37639
0.0991586  0.511887
0.0994571  -0.369774
0.0997555  -1.25837
0.100054  -2.14283
0.100352  -3.01118
0.100651  -3.85066
0.100949  -4.64788
0.101248  -5.38923
0.101546  -6.06135
0.101845  -6.65165
0.102143  -7.14901
0.102441  -7.54432
0.10274  -7.83111
0.103038  -8.00594
0.103337  -8.06874
0.103635  -8.02289
0.103934  -7.87516
0.104232  -7.6354
0.10453  -7.31612
0.104829  -6.93186
0.105127  -6.49848
0.105426  -6.03244
0.105724  -5.54999
0.106023  -5.06645
0.106321  -4.59555
0.106619  -4.1489
0.106918  -3.73557
0.107216  -3.3618
0.107515  -3.03093
0.107813  -2.74342
0.108112  -2.49704
0.10841  -2.28718
0.108709  -2.10726
0.109007  -1.94924
0.109305  -1.80416
0.109604  -1.66269
0.109902  -1.51568
0.110201  -1.3547
0.110499  -1.17246
0.110798  -0.963175
0.111096  -0.722845
0.111394  -0.44936
0.111693  -0.142554
0.111991  0.195898
0.11229  0.562674
0.112588  0.953098
0.112887  1.36149
0.113185  1.78158
0.113483  2.20689
0.113782  2.63113
0.11408  3.04851
0.114379  3.45398
0.114677  3.84335
0.114976  4.2133
0.115274  4.5613
0.115572  4.8854
0.115871  5.18403
0.116169  5.45573
0.116468  5.69898
0.116766  5.91206
0.117065  6.09303
0.117363  6.23988
0.117661  6.35072
0.11796  6.42415
0.118258  6.45955
0.118557  6.45744
0.118855  6.41967
0.119154  6.3495
0.119452  6.25148
0.11975  6.13106
0.120049  5.9941
0.120347  5.84621
0.120646  5.69204
0.120944  5.53462
0.121243  5.37492
0.121541  5.21156
0.121839  5.04094
0.122138  4.85762
0.122436  4.65509
0.122735  4.42671
0.123033  4.1669
0.123332  3.87217
0.12363  3.54217
0.123928  3.18036
0.124227  2.79432
0.124525  2.39561
0.124824  1.99921
0.125122  1.62248
0.125421  1.28386
0.125719  1.0014
0.126017  0.791214
0.126316  0.666152
0.126614  0.634688
0.126913  0.700224
0.127211  0.860832
0.127509  1.10943
0.127808  1.43438
0.128106  1.82035
0.128405  2.24944
0.128703  2.70227
0.129002  3.15911
0.1293  3.6008
0.129598  4.00942
0.129897  4.36876
0.130195  4.66454
0.130494  4.88447
0.130792  5.01816
0.131091  5.05703
0.131389  4.9943
0.131687  4.82504
0.131986  4.54639
0.132284  4.1579
0.132583  3.66192
0.132881  3.06405
0.13318  2.3735
0.133478  1.60323
0.133776  0.769976
0.134075  -0.106152
0.134373  -1.00229
0.134672  -1.89377
0.13497  -2.75527
0.135268  -3.56214
0.135567  -4.29169
0.135865  -4.92446
0.136164  -5.44525
0.136462  -5.84379
0.136761  -6.1152
0.137059  -6.25991
0.137357  -6.28328
0.137656  -6.19497
0.137954  -6.00791
0.138253  -5.73727
0.138551  -5.39934
0.13885  -5.01044
0.139148  -4.58601
0.139446  -4.13991
0.139745  -3.68394
0.140043  -3.22763
0.140342  -2.77821
0.14064  -2.34085
0.140938  -1.91898
0.141237  -1.51468
0.141535  -1.1291
0.141834  -0.762805
0.142132  -0.41607
0.142431  -0.0890299
0.142729  0.218274
0.143027  0.505942
0.143326  0.774342
0.143624  1.02425
0.143923  1.25699
0.144221  1.47447
0.144519  1.67916
0.144818  1.87395
0.145116  2.06186
0.145415  2.24573
0.145713  2.42775
0.146012  2.60914
0.14631  2.78977
0.146608  2.96796
0.146907  3.14051
0.147205  3.30276
0.147504  3.44901
0.147802  3.57303
0.1481  3.66863
0.148399  3.73031
0.148697  3.75392
0.148996  3.73702
0.149294  3.67925
0.149593  3.58229
0.149891  3.44966
0.150189  3.28633
0.150488  3.09807
0.150786  2.89079
0.151085  2.66984
0.151383  2.43944
0.151681  2.20228
0.15198  1.95928
0.152278  1.70972
0.152577  1.45152
0.152875  1.18178
0.153173  0.89738
0.153472  0.595759
0.15377  0.275541
0.154069  -0.0628891
0.154367  -0.416991
0.154666  -0.781902
0.154964  -1.15049
0.155262  -1.51363
0.155561  -1.86068
0.155859  -2.18003
0.156158  -2.45984
0.156456  -2.6887
0.156754  -2.85632
0.157053  -2.95409
0.157351  -2.97558
0.15765  -2.91687
0.157948  -2.77675
0.158246  -2.55676
0.158545  -2.2611
0.158843  -1.89642
0.159142  -1.47146
0.15944  -0.996685
0.159739  -0.483773
0.160037  0.0548341
0.160335  0.60642
0.160634  1.15841
0.160932  1.69873
0.161231  2.21606
0.161529  2.70002
0.161827  3.14122
0.162126  3.53124
0.162424  3.86268
0.162723  4.12901
0.163021  4.32467
0.163319  4.44511
0.163618  4.48701
0.163916  4.44854
0.164215  4.32985
0.164513  4.13344
0.164811  3.86469
0.16511  3.53224
0.165408  3.14825
0.165707  2.72844
0.166005  2.29184
0.166303  1.86022
0.166602  1.45723
0.1669  1.10719
0.167199  0.833665
0.167497  0.657931
0.167796  0.59735
0.168094  0.663902
0.168392  0.862933
0.168691  1.19228
0.168989  1.64185
0.169288  2.19376
0.169586  2.82302
0.169884  3.49876
0.170183  4.18598
0.170481  4.84762
0.17078  5.44686
0.171078  5.94954
0.171376  6.32639
0.171675  6.55496
0.171973  6.62112
0.172272  6.52
0.17257  6.25625
0.172868  5.8436
0.173167  5.30388
0.173465  4.66539
0.173764  3.96095
0.174062  3.22562
0.17436  2.49444
0.174659  1.8002
0.174957  1.17157
0.175256  0.631565
0.175554  0.196597
0.175852  -0.123985
0.176151  -0.32778
0.176449  -0.418729
0.176748  -0.406095
0.177046  -0.303161
0.177344  -0.125748
0.177643  0.109275
0.177941  0.385405
0.17824  0.687694
0.178538  1.00367
0.178836  1.32392
0.179135  1.6423
0.179433  1.95585
0.179732  2.26439
0.18003  2.56982
0.180328  2.87537
0.180627  3.18467
0.180925  3.50086
0.181224  3.82578
0.181522  4.15925
0.18182  4.4986
0.182119  4.83841
0.182417  5.17045
0.182716  5.48393
0.183014  5.76598
0.183312  6.00231
0.183611  6.17812
0.183909  6.27908
0.184208  6.29245
0.184506  6.20814
0.184804  6.01979
0.185103  5.72555
0.185401  5.32881
0.185699  4.83842
0.185998  4.2687
0.186296  3.63896
0.186595  2.97261
0.186893  2.2959
0.187191  1.63639
0.18749  1.02117
0.187788  0.475018
0.188087  0.0186739
0.188385  -0.332671
0.188683  -0.570501
0.188982  -0.693599
0.18928  -0.70812
0.189579  -0.627066
0.189877  -0.469226
0.190175  -0.25765
0.190474  -0.0177936
0.190772  0.224507
0.191071  0.445053
0.191369  0.623129
0.191667  0.743023
0.191966  0.795106
0.192264  0.776399
0.192563  0.690595
0.192861  0.547566
0.193159  0.362398
0.193458  0.154059
0.193756  -0.0561828
0.194054  -0.246486
0.194353  -0.39615
0.194651  -0.487224
0.19495  -0.505879
0.195248  -0.443476
0.195546  -0.297239
0.195845  -0.0705175
0.196143  0.227399
0.196442  0.58189
0.19674  0.973997
0.197038  1.38175
0.197337  1.7817
0.197635  2.1506
0.197934  2.46709
0.198232  2.71318
0.19853  2.87559
0.198829  2.94665
0.199127  2.92479
0.199425  2.81456
0.199724  2.62612
0.200022  2.37434
0.200321  2.07747
0.200619  1.75564
0.200917  1.42915
0.201216  1.11688
0.201514  0.834821
0.201813  0.594981
0.202111  0.404618
0.202409  0.265976
0.202708  0.176472
0.203006  0.129289
0.203304  0.114314
0.203603  0.119285
0.203901  0.131034
0.2042  0.136682
0.204498  0.124663
0.204796  0.0854942
0.205095  0.0122318
0.205393  -0.0993974
0.205691  -0.251159
0.20599  -0.442699
0.206288  -0.672067
0.206587  -0.936268
0.206885  -1.23175
0.207183  -1.55472
0.207482  -1.90132
0.20778  -2.26754
0.208079  -2.64896
0.208377  -3.04044
0.208675  -3.4357
0.208974  -3.82706
0.209272  -4.20526
0.20957  -4.5596
0.209869  -4.87828
0.210167  -5.14907
0.210466  -5.36014
0.210764  -5.50109
0.211062  -5.56401
0.211361  -5.54438
0.211659  -5.44189
0.211957  -5.26085
0.212256  -5.01033
0.212554  -4.70384
0.212853  -4.35866
0.213151  -3.99482
0.213449  -3.63388
0.213748  -3.29745
0.214046  -3.00576
0.214344  -2.77627
0.214643  -2.62239
0.214941  -2.55251
0.21524  -2.56932
0.215538  -2.66945
0.215836  -2.84358
0.216135  -3.07679
0.216433  -3.34946
0.216731  -3.63835
0.21703  -3.91803
0.217328  -4.16254
0.217627  -4.34709
0.217925  -4.44985
0.218223  -4.45353
0.218522  -4.34683
0.21882  -4.12539
0.219118  -3.79242
0.219417  -3.35866
0.219715  -2.84187
0.220014  -2.26562
0.220312  -1.65774
0.22061  -1.04821
0.220909  -0.466929
0.221207  0.0586676
0.221505  0.505761
0.221804  0.858023
0.222102  1.10695
0.222401  1.25255
0.222699  1.30332
0.222997  1.27547
0.223296  1.1915
0.223594  1.07819
0.223892  0.964261
0.224191  0.877831
0.224489  0.844
0.224787  0.882691
0.225086  1.007
0.225384  1.2222
0.225683  1.52543
0.225981  1.90614
0.226279  2.34723
0.226578  2.82664
0.226876  3.31943
0.227174  3.79989
0.227473  4.24368
0.227771  4.62971
0.228069  4.94158
0.228368  5.16854
0.228666  5.30588
0.228965  5.35479
0.229263  5.32171
0.229561  5.21733
0.22986  5.05542
0.230158  4.85142
0.230456  4.62125
0.230755  4.38008
0.231053  4.14143
0.231351  3.91647
0.23165  3.71355
0.231948  3.538
0.232247  3.39209
0.232545  3.27515
0.232843  3.18384
0.233142  3.11248
0.23344  3.05349
0.233738  2.99796
0.234037  2.93622
0.234335  2.8586
0.234633  2.75617
0.234932  2.62152
0.23523  2.44959
0.235529  2.23827
0.235827  1.98896
0.236125  1.7067
0.236424  1.40015
0.236722  1.08109
0.23702  0.763656
0.237319  0.463261
0.237617  0.195303
0.237915  -0.0261661
0.238214  -0.189713
0.238512  -0.287579
0.23881  -0.316398
0.239109  -0.277495
0.239407  -0.176728
0.239706  -0.0239044
0.240004  0.168165
0.240302  0.384845
0.240601  0.610951
0.240899  0.831954
0.241197  1.035
0.241496  1.20959
0.241794  1.34797
0.242092  1.44507
0.242391  1.49814
0.242689  1.50621
0.242987  1.46936
0.243286  1.38808
0.243584  1.26263
0.243883  1.09282
0.244181  0.87784
0.244479  0.61658
0.244778  0.308032
0.245076  -0.0480403
0.245374  -0.450408
0.245673  -0.895715
0.245971  -1.37798
0.246269  -1.88831
0.246568  -2.41499
0.246866  -2.94379
0.247164  -3.45864
0.247463  -3.94254
0.247761  -4.3786
0.248059  -4.75121
0.248358  -5.04703
0.248656  -5.25602
0.248954  -5.3721
0.249253  -5.39359
0.249551  -5.32341
0.24985  -5.16885
0.250148  -4.94124
0.250446  -4.65533
0.250745  -4.32849
0.251043  -3.97988
0.251341  -3.62956
0.25164  -3.29763
0.251938  -3.00335
0.252236  -2.76437
0.252535  -2.596
0.252833  -2.51051
0.253131  -2.51656
0.25343  -2.61867
0.253728  -2.81677
0.254026  -3.10599
0.254325  -3.47655
0.254623  -3.91393
0.254921  -4.39931
0.25522  -4.91031
0.255518  -5.42198
0.255816  -5.9081
0.256115  -6.34256
0.256413  -6.70091
0.256711  -6.96184
0.25701  -7.10842
0.257308  -7.12919
0.257607  -7.01879
0.257905  -6.77827
0.258203  -6.41493
0.258502  -5.94177
0.2588  -5.37674
0.259098  -4.74159
0.259397  -4.06082
0.259695  -3.36035
0.259993  -2.66649
0.260292  -2.0048
0.26059  -1.39917
0.260888  -0.871042
0.261187  -0.438664
0.261485  -0.116544
0.261783  0.0850364
0.262082  0.160374
0.26238  0.108534
0.262678  -0.0666421
0.262977  -0.356771
0.263275  -0.749423
0.263573  -1.22888
0.263872  -1.77716
0.26417  -2.37514
0.264468  -3.00385
0.264767  -3.6456
0.265065  -4.28499
0.265363  -4.90958
0.265662  -5.51011
0.26596  -6.08039
0.266258  -6.6167
0.266557  -7.11691
0.266855  -7.57949
0.267153  -8.00243
0.267452  -8.38248
0.26775  -8.71462
0.268048  -8.99205
0.268347  -9.20673
0.268645  -9.35021
0.268943  -9.41499
0.269242  -9.39585
0.26954  -9.29123
0.269838  -9.10428
0.270137  -8.84339
0.270435  -8.5222
0.270733  -8.15884
0.271032  -7.77457
0.27133  -7.39197
0.271628  -7.0328
0.271927  -6.71582
0.272225  -6.4549
0.272523  -6.25758
0.272822  -6.12436
0.27312  -6.04879
0.273418  -6.01841
0.273717  -6.01634
0.274015  -6.02354
0.274313  -6.02123
0.274612  -5.99337
0.27491  -5.92876
0.275208  -5.8226
0.275507  -5.67715
0.275805  -5.50159
0.276103  -5.31092
0.276402  -5.12415
0.2767  -4.96185
0.276998  -4.84356
0.277296  -4.7852
0.277595  -4.79685
0.277893  -4.88128
0.278191  -5.03318
0.27849  -5.23948
0.278788  -5.48047
0.279086  -5.73172
0.279385  -5.9665
0.279683  -6.15848
0.279981  -6.28433
0.28028  -6.32599
0.280578  -6.27231
0.280876  -6.1199
0.281175  -5.87326
0.281473  -5.54396
0.281771  -5.14929
0.28207  -4.71042
0.282368  -4.25026
0.282666  -3.79144
0.282965  -3.35444
0.283263  -2.95621
0.283561  -2.60924
0.28386  -2.32123
0.284158  -2.09526
0.284456  -1.93038
0.284754  -1.82253
0.285053  -1.76552
0.285351  -1.75203
0.285649  -1.77454
0.285948  -1.8259
0.286246  -1.8997
0.286544  -1.99041
0.286843  -2.09314
0.287141  -2.20339
0.287439  -2.31664
0.287738  -2.42788
0.288036  -2.53141
0.288334  -2.62057
0.288633  -2.6878
0.288931  -2.72487
0.289229  -2.72321
0.289528  -2.67454
0.289826  -2.57143
0.290124  -2.40805
0.290422  -2.18079
0.290721  -1.88892
0.291019  -1.53499
0.291317  -1.12514
0.291616  -0.669172
0.291914  -0.180339
0.292212  0.325071
0.292511  0.828452
0.292809  1.30982
0.293107  1.74893
0.293406  2.12659
0.293704  2.42593
0.294002  2.63374
0.294301  2.7416
0.294599  2.74675
0.294897  2.65263
0.295195  2.46902
0.295494  2.21166
0.295792  1.90142
0.29609  1.56307
0.296389  1.22363
0.296687  0.910588
0.296985  0.649903
0.297284  0.464223
0.297582  0.371253
0.29788  0.38252
0.298178  0.502626
0.298477  0.729023
0.298775  1.05235
0.299073  1.45729
0.299372  1.92379
0.29967  2.42872
0.299968  2.94752
0.300267  3.45601
0.300565  3.93197
0.300863  4.35651
0.301162  4.7151
0.30146  4.99812
0.301758  5.20109
0.302056  5.3244
0.302355  5.37274
0.302653  5.35422
0.302951  5.27934
0.30325  5.15984
0.303548  5.00765
0.303846  4.83386
0.304145  4.64795
0.304443  4.45722
0.304741  4.26651
0.305039  4.07815
0.305338  3.89216
0.305636  3.70667
0.305934  3.51842
0.306233  3.32336
0.306531  3.11726
0.306829  2.89622
0.307127  2.65715
0.307426  2.39811
0.307724  2.11842
0.308022  1.81881
0.308321  1.50133
0.308619  1.16928
0.308917  0.827
0.309216  0.479777
0.309514  0.133673
0.309812  -0.204568
0.31011  -0.527587
0.310409  -0.827457
0.310707  -1.09572
0.311005  -1.32347
0.311304  -1.50143
0.311602  -1.62019
0.3119  -1.67044
0.312198  -1.6434
0.312497  -1.53121
0.312795  -1.32752
0.313093  -1.02803
0.313392  -0.630988
0.31369  -0.137744
0.313988  0.446919
0.314286  1.11454
0.314585  1.85292
0.314883  2.64629
0.315181  3.47567
0.31548  4.31943
0.315778  5.15407
0.316076  5.95511
0.316374  6.6981
0.316673  7.35969
0.316971  7.91867
0.317269  8.35697
0.317568  8.66053
0.317866  8.81996
0.318164  8.83101
0.318462  8.6948
0.318761  8.4178
0.319059  8.01148
0.319357  7.49179
0.319656  6.8784
0.319954  6.19374
0.320252  5.462
0.32055  4.70795
0.320849  3.9559
0.321147  3.22863
0.321445  2.5465
0.321744  1.92667
0.322042  1.38263
0.32234  0.923839
0.322638  0.555659
0.322937  0.279521
0.323235  0.0932434
0.323533  -0.0084568
0.323832  -0.0333528
0.32413  0.00897752
0.324428  0.107855
0.324726  0.252182
0.325025  0.431062
0.325323  0.634346
0.325621  0.853063
0.325919  1.07977
0.326218  1.30876
0.326516  1.53623
0.326814  1.76029
0.327113  1.98095
0.327411  2.19998
0.327709  2.42071
0.328007  2.64772
0.328306  2.88645
0.328604  3.14271
0.328902  3.42213
0.3292  3.72949
0.329499  4.06809
0.329797  4.43907
0.330095  4.84092
0.330394  5.26899
0.330692  5.71536
0.33099  6.16885
0.331288  6.61536
0.331587  7.03849
0.331885  7.42036
0.332183  7.74268
0.332481  7.98783
0.33278  8.14003
0.333078  8.18628
0.333376  8.11725
0.333675  7.92779
0.333973  7.61718
0.334271  7.18912
0.334569  6.65142
0.334868  6.01552
0.335166  5.29582
0.335464  4.50909
0.335762  3.67376
0.336061  2.80936
0.336359  1.93602
0.336657  1.07405
0.336955  0.243495
0.337254  -0.536208
0.337552  -1.24672
0.33785  -1.87131
0.338148  -2.39554
0.338447  -2.80791
0.338745  -3.10062
0.339043  -3.27021
0.339342  -3.31806
0.33964  -3.25064
0.339938  -3.07941
0.340236  -2.82033
0.340535  -2.49297
0.340833  -2.1193
0.341131  -1.72218
0.341429  -1.32368
0.341728  -0.943527
0.342026  -0.597585
0.342324  -0.296787
0.342622  -0.0464455
0.342921  0.153897
0.343219  0.310077
0.343517  0.432429
0.343815  0.534493
0.344114  0.631468
0.344412  0.738551
0.34471  0.869352
0.345008  1.03453
0.345307  1.2408
0.345605  1.49035
0.345903  1.78079
0.346201  2.1055
0.3465  2.45442
0.346798  2.81513
0.347096  3.17406
0.347394  3.51775
0.347693  3.83396
0.347991  4.11266
0.348289  4.34653
0.348587  4.53131
0.348886  4.66567
0.349184  4.75082
0.349482  4.7899
0.34978  4.78716
0.350079  4.74717
0.350377  4.67405
0.350675  4.57086
0.350973  4.43917
0.351272  4.27891
0.35157  4.08847
0.351868  3.86504
0.352166  3.60509
0.352465  3.30503
0.352763  2.96189
0.353061  2.57393
0.353359  2.14127
0.353658  1.6662
0.353956  1.1535
0.354254  0.610384
0.354552  0.0463479
0.354851  -0.527173
0.355149  -1.09732
0.355447  -1.65043
0.355745  -2.17266
0.356044  -2.65076
0.356342  -3.07269
0.35664  -3.42825
0.356938  -3.70966
0.357237  -3.91196
0.357535  -4.03333
0.357833  -4.07522
0.358131  -4.04231
0.35843  -3.94232
0.358728  -3.78558
0.359026  -3.58449
0.359324  -3.35274
0.359622  -3.10453
0.359921  -2.85362
0.360219  -2.61247
0.360517  -2.39143
0.360815  -2.1981
0.361114  -2.0369
0.361412  -1.90891
0.36171  -1.812
0.362008  -1.74122
0.362307  -1.68943
0.362605  -1.64814
0.362903  -1.60835
0.363201  -1.5615
0.3635  -1.50024
0.363798  -1.41908
0.364096  -1.31474
0.364394  -1.18637
0.364692  -1.0354
0.364991  -0.865247
0.365289  -0.680816
0.365587  -0.487972
0.365885  -0.292935
0.366184  -0.10176
0.366482  0.0800892
0.36678  0.248021
0.367078  0.398456
0.367377  0.528827
0.367675  0.637469
0.367973  0.723444
0.368271  0.78634
0.368569  0.82609
0.368868  0.842827
0.369166  0.836825
0.369464  0.808488
0.369762  0.758421
0.370061  0.68753
0.370359  0.597142
0.370657  0.489119
0.370955  0.365927
0.371253  0.230666
0.371552  0.0870309
0.37185  -0.0607892
0.372148  -0.208258
0.372446  -0.350682
0.372745  -0.483426
0.373043  -0.602122
0.373341  -0.70288
0.373639  -0.782465
0.373937  -0.838448
0.374236  -0.86931
0.374534  -0.874521
0.374832  -0.854561
0.37513  -0.810908
0.375429  -0.745985
0.375727  -0.663057
0.376025  -0.566083
0.376323  -0.459536
0.376621  -0.348166
0.37692  -0.236746
0.377218  -0.129798
0.377516  -0.0313113
0.377814  0.0555084
0.378113  0.128448
0.378411  0.186432
0.378709  0.229577
0.379007  0.259159
0.379305  0.277479
0.379604  0.287641
0.379902  0.293266
0.3802  0.298162
0.380498  0.305977
0.380796  0.319884
0.381095  0.34231
0.381393  0.374744
0.381691  0.417633
0.381989  0.470377
0.382287  0.531408
0.382586  0.598345
0.382884  0.668205
0.383182  0.737635
0.38348  0.803161
0.383779  0.861405
0.384077  0.909285
0.384375  0.94416
0.384673  0.963943
0.384971  0.96716
0.38527  0.952983
0.385568  0.921232
0.385866  0.872356
0.386164  0.8074
0.386462  0.727964
0.386761  0.636152
0.387059  0.5345
0.387357  0.425901
0.387655  0.313503
0.387953  0.200591
0.388252  0.0904517
0.38855  -0.0137729
0.388848  -0.109236
0.389146  -0.193529
0.389444  -0.264799
0.389743  -0.321846
0.390041  -0.364162
0.390339  -0.39194
0.390637  -0.406022
0.390935  -0.407809
0.391234  -0.399129
0.391532  -0.382081
0.39183  -0.358877
0.392128  -0.331672
0.392426  -0.302432
0.392725  -0.272814
0.393023  -0.244101
0.393321  -0.217165
0.393619  -0.19248
0.393917  -0.170165
0.394216  -0.150057
0.394514  -0.131804
0.394812  -0.114953
0.39511  -0.0990479
0.395408  -0.0836996
0.395707  -0.0686445
0.396005  -0.053775
0.396303  -0.0391463
0.396601  -0.0249608
0.396899  -0.0115344
0.397197  0.000749227
0.397496  0.011489
0.397794  0.0203162
0.398092  0.0269376
0.39839  0.0311667
0.398688  0.0329429
0.398987  0.0323353
0.399285  0.0295345
0.399583  0.0248331
0.399881  0.0185989
0.400179  0.0112443
0.400478  0.0031952
0.400776  -0.0051365
0.401074  -0.0133761
0.401372  -0.0212022
0.40167  -0.0283556
0.401968  -0.0346418
0.402267  -0.0399281
0.402565  -0.0441365
0.402863  -0.0472348
0.403161  -0.0492263
0.403459  -0.0501415
0.403758  -0.0500305
0.404056  -0.0489582
0.404354  -0.0470014
0.404652  -0.0442477
0.40495  -0.0407953
0.405248  -0.0367542
0.405547  -0.0322456
0.405845  -0.027401
0.406143  -0.0223607
0.406441  -0.0172696
0.406739  -0.0122724
0.407038  -0.00750843
0.407336  -0.00310498
0.407634  0.000828112
0.407932  0.00420358
0.40823  0.00696054
0.408528  0.00906661
0.408827  0.0105185
0.409125  0.0113407
0.409423  0.0115827
0.409721  0.0113154
0.410019  0.0106254
0.410317  0.00961058
0.410616  0.00837359
0.410914  0.00701706
0.411212  0.00563829
0.41151  0.00432507
0.411808  0.00315205
0.412107  0.00217828
0.412405  0.00144554
0.412703  0.000977826
0.413001  0.000781753
0.413299  0.000847915
0.413597  0.00115304
0.413896  0.00166279
0.414194  0.00233502
0.414492  0.00312322
0.41479  0.00397994
0.415088  0.00485994
0.415386  0.00572277
0.415685  0.0065348
0.415983  0.00727039
0.416281  0.00791233
0.416579  0.00845157
0.416877  0.00888627
0.417175  0.00922054
0.417474  0.00946282
0.417772  0.00962429
0.41807  0.00971741
0.418368  0.00975464
0.418666  0.00974757
0.418964  0.00970635
0.419262  0.00963947
0.419561  0.00955374
0.419859  0.00945456
0.420157  0.00934614
0.420455  0.00923185
0.420753  0.00911444
0.421051  0.00899627
0.42135  0.00887936
0.421648  0.00876545
0.421946  0.00865594
0.422244  0.00855188
0.422542  0.0084539
0.42284  0.00836225
0.423139  0.00827678
0.423437  0.00819706
0.423735  0.00812245
0.424033  0.00805222
0.424331  0.00798566
0.424629  0.00792219
0.424927  0.0078614
0.425226  0.00780308
0.425524  0.00774725
0.425822  0.00769409
0.42612  0.00764391
0.426418  0.0075971
0.426716  0.00755403
0.427015  0.00751507
0.427313  0.00748047
0.427611  0.00745038
0.427909  0.00742483
0.428207  0.00740372
0.428505  0.00738682
0.428803  0.0073738
0.429102  0.00736426
0.4294  0.00735773
0.429698  0.0073537
0.429996  0.00735167
0.430294  0.00735116
0.430592  0.00735169
0.43089  0.00735287
0.431189  0.00735435
0.431487  0.00735589
0.431785  0.00735727
0.432083  0.0073584
0.432381  0.00735922
0.432679  0.00735973
0.432977  0.00735998
0.433276  0.00736003
0.433574  0.00735997
0.433872  0.00735989
0.43417  0.00735986
0.434468  0.00735993
0.434766  0.00736015
0.435064  0.00736054
0.435363  0.00736109
0.435661  0.00736179
0.435959  0.0073626
0.436257  0.0073635
0.436555  0.00736445
0.436853  0.00736541
0.437151  0.00736635
0.437449  0.00736723
0.437748  0.00736805
0.438046  0.00736879
0.438344  0.00736944
0.438642  0.00737
0.43894  0.00737047
0.439238  0.00737087
0.439536  0.00737119
0.439835  0.00737145
0.440133  0.00737166
0.440431  0.00737182
0.440729  0.00737196
0.441027  0.00737206
0.441325  0.00737214
0.441623  0.00737221
0.441921  0.00737227
0.44222  0.00737231
0.442518  0.00737234
0.442816  0.00737237
0.443114  0.0073724
0.443412  0.00737241
0.44371  0.00737243
0.444008  0.00737243
0.444306  0.00737244
0.444605  0.00737245
0.444903  0.00737245
0.445201  0.00737245
0.445499  0.00737245
0.445797  0.00737245
0.446095  0.00737245
0.446393  0.00737245
0.446691  0.00737245
0.44699  0.00737245
0.447288  0.00737245
0.447586  0.00737245
0.447884  0.00737245
0.448182  0.00737245
0.44848  0.00737245
0.448778  0.00737245
0.449076  0.00737245
0.449375  0.00737245
0.449673  0.00737245
0.449971  0.00737245
0.450269  0.00737245
0.450567  0.00737245
0.450865  0.00737245
0.451163  0.00737245
0.451461  0.00737245
0.451759  0.00737245
0.452058  0.00737245
0.452356  0.00737245
0.452654  0.00737245
0.452952  0.00737245
0.45325  0.00737245
0.453548  0.00737245
0.453846  0.00737245
0.454144  0.00737245
0.454442  0.00737245
0.454741  0.00737245
0.455039  0.00737245
0.455337  0.00737245
0.455635  0.00737245
0.455933  0.00737245
0.456231  0.00737245
0.456529  0.00737245
0.456827  0.00737245
0.457125  0.00737245
0.457424  0.00737245
0.457722  0.00737245
0.45802  0.00737245
0.458318  0.00737245
0.458616  0.00737245
0.458914  0.00737245
0.459212  0.00737245
0.45951  0.00737245
0.459808  0.00737245
0.460106  0.00737245
0.460405  0.00737245
0.460703  0.00737245
0.461001  0.00737245
0.461299  0.00737245
0.461597  0.00737245
0.461895  0.00737245
0.462193  0.00737245
0.462491  0.00737245
0.462789  0.00737245
0.463087  0.00737245
0.463386  0.00737245
0.463684  0.00737245
0.463982  0.00737245
0.46428  0.00737245
0.464578  0.00737245
0.464876  0.00737245
0.465174  0.00737245
0.465472  0.00737245
0.46577  0.00737245
0.466068  0.0073724
7.46128e-05  31.8075
